Data_log_version: 1.0
timestamp current_mode current_grip thumb_pitch_compliance_raw_counts thumb_roll_compliance_raw_counts index_compliance_raw_counts thumb_pitch_position thumb_roll_position wrist_rotator_position wrist_flexor_position index_finger_position mrp_fingers_aggregate_position index_lateral_force_sensor index_tip_force_sensor middle_tip_force_sensor ring_tip_force_sensor pinky_tip_force_sensor index_lateral_force_sensor_status index_tip_force_sensor_status middle_tip_force_sensor_status ring_tip_force_sensor_status pinky_tip_force_sensor_status distal_palm_force_sensor proximal_palm_force_sensor hand_edge_force_sensor hand_dorsal_force_sensor distal_palm_force_sensor_status proximal_palm_force_sensor_status hand_edge_force_sensor_status hand_dorsal_force_sensor_status thumb_ulnar_force_sensor thumb_radial_force_sensor thumb_tip_force_sensor thumb_dorsal_force_sensor thumb_ulnar_force_sensor_status thumb_radial_force_sensor_status thumb_tip_force_sensor_status thumb_dorsal_force_sensor_status can_frame_wifp_id can_frame_wifp_data[0] can_frame_wifp_data[1] can_frame_wifp_data[2] can_frame_wifp_data[3] can_frame_wifp_data[4] can_frame_wifp_data[5] can_frame_wifp_data[6] can_frame_wifp_data[7] can_frame_tifc_id can_frame_tifc_data[0] can_frame_tifc_data[1] can_frame_tifc_data[2] can_frame_tifc_data[3] can_frame_tifc_data[4] can_frame_tifc_data[5] can_frame_tifc_data[6] can_frame_tifc_data[7] can_frame_thup_id can_frame_thup_data[0] can_frame_thup_data[1] can_frame_thup_data[2] can_frame_thup_data[3] can_frame_thup_data[4] can_frame_thup_data[5] can_frame_thup_data[6] can_frame_thup_data[7] can_frame_sync_id can_frame_sync_data[0] can_frame_sync_data[1] can_frame_sync_data[2] can_frame_sync_data[3] can_frame_sync_data[4] can_frame_sync_data[5] can_frame_sync_data[6] can_frame_sync_data[7] can_frame_hfs1_id can_frame_hfs1_data[0] can_frame_hfs1_data[1] can_frame_hfs1_data[2] can_frame_hfs1_data[3] can_frame_hfs1_data[4] can_frame_hfs1_data[5] can_frame_hfs1_data[6] can_frame_hfs1_data[7] can_frame_hfs2_id can_frame_hfs2_data[0] can_frame_hfs2_data[1] can_frame_hfs2_data[2] can_frame_hfs2_data[3] can_frame_hfs2_data[4] can_frame_hfs2_data[5] can_frame_hfs2_data[6] can_frame_hfs2_data[7] can_frame_hfs3_id can_frame_hfs3_data[0] can_frame_hfs3_data[1] can_frame_hfs3_data[2] can_frame_hfs3_data[3] can_frame_hfs3_data[4] can_frame_hfs3_data[5] can_frame_hfs3_data[6] can_frame_hfs3_data[7]
1585331109.175853 3 0 1549 2227 2153 1.027290 0.208076 0.031361 0.005727 0.010363 0.036543 0.000000 0.600000 0.500000 2.400000 0.000000 0 0 0 0 0 4.000000 3.400000 7.900000 2.700000 0 0 0 0 0.000000 0.000000 0.700000 0.100000 0 0 0 0 1194 0 115 0 21 0 38 0 134 1196 6 13 8 179 8 105 0 0 1215 14 183 2 251 0 1 255 253 128 3 4 2 1 0 155 0 0 577 0 6 5 24 0 0 101 208 833 40 34 79 27 0 0 0 1 1218 0 0 7 1 0 0 0 0
1585331109.185913 3 0 1550 2227 2153 1.027290 0.208076 0.031361 0.004909 0.010363 0.037361 0.000000 0.600000 0.500000 2.400000 0.000000 0 0 0 0 0 4.000000 3.300000 8.000000 2.800000 0 0 0 0 0.000000 0.000000 0.700000 0.100000 0 0 0 0 1194 0 115 0 18 0 38 0 137 1196 6 14 8 179 8 105 0 0 1215 14 183 2 251 0 1 255 253 128 3 4 2 1 0 155 0 0 577 0 6 5 24 0 0 101 208 833 40 33 80 28 0 0 0 1 1218 0 0 7 1 0 0 0 0
1585331109.195947 3 0 1550 2227 2153 1.027290 0.208076 0.031361 0.004909 0.010363 0.037361 0.000000 0.600000 0.500000 2.400000 0.000000 0 0 0 0 0 4.000000 3.400000 7.800000 3.000000 0 0 0 0 0.000000 0.000000 0.700000 0.100000 0 0 0 0 1194 0 115 0 18 0 38 0 137 1196 6 14 8 179 8 105 0 0 1215 14 183 2 251 0 1 255 253 128 3 4 2 1 0 155 0 0 577 0 6 5 24 0 0 101 208 833 40 34 78 30 0 0 0 1 1218 0 0 7 1 0 0 0 0
1585331109.205894 3 0 1549 2227 2153 1.027290 0.208076 0.031361 0.005727 0.009545 0.036543 0.000000 0.600000 0.500000 2.400000 0.000000 0 0 0 0 0 4.000000 3.300000 8.000000 2.700000 0 0 0 0 0.000000 0.000000 0.600000 0.200000 0 0 0 0 1194 0 115 0 21 0 35 0 134 1196 6 13 8 179 8 105 0 0 1215 14 183 2 251 0 1 255 253 128 3 4 2 1 0 155 0 0 577 0 6 5 24 0 0 101 208 833 40 33 80 27 0 0 0 1 1218 0 0 6 2 0 0 0 0
1585331109.215875 3 0 1549 2227 2153 1.027290 0.208076 0.031361 0.004909 0.009545 0.037361 0.000000 0.600000 0.500000 2.400000 0.000000 0 0 0 0 0 3.800000 3.200000 7.900000 2.400000 0 0 0 0 0.000000 0.000000 0.700000 0.100000 0 0 0 0 1194 0 115 0 18 0 35 0 137 1196 6 13 8 179 8 105 0 0 1215 14 183 2 251 0 1 255 253 128 3 4 2 1 0 155 0 0 577 0 6 5 24 0 0 101 208 833 38 32 79 24 0 0 0 1 1218 0 0 7 1 0 0 0 0
1585331109.225919 3 0 1550 2227 2153 1.027290 0.208076 0.031361 0.004909 0.010363 0.037361 0.000000 0.600000 0.500000 2.400000 0.000000 0 0 0 0 0 3.800000 3.400000 7.800000 2.700000 0 0 0 0 0.000000 0.000000 0.700000 0.100000 0 0 0 0 1194 0 115 0 18 0 38 0 137 1196 6 14 8 179 8 105 0 0 1215 14 183 2 251 0 1 255 253 128 3 4 2 1 0 155 0 0 577 0 6 5 24 0 0 101 208 833 38 34 78 27 0 0 0 1 1218 0 0 7 1 0 0 0 0
1585331109.235888 3 0 1550 2227 2153 1.027290 0.208076 0.031361 0.005727 0.010363 0.037361 0.000000 0.600000 0.500000 2.400000 0.000000 0 0 0 0 0 3.900000 3.300000 8.000000 2.600000 0 0 0 0 0.000000 0.000000 0.700000 0.100000 0 0 0 0 1194 0 115 0 21 0 38 0 137 1196 6 14 8 179 8 105 0 0 1215 14 183 2 251 0 1 255 253 128 3 4 2 1 0 155 0 0 577 0 6 5 24 0 0 101 208 833 39 33 80 26 0 0 0 1 1218 0 0 7 1 0 0 0 0
1585331109.245870 3 0 1550 2227 2153 1.027290 0.208076 0.031361 0.004909 0.009545 0.037361 0.000000 0.600000 0.500000 2.400000 0.000000 0 0 0 0 0 4.000000 3.100000 7.900000 2.500000 0 0 0 0 0.000000 0.000000 0.700000 0.100000 0 0 0 0 1194 0 115 0 18 0 35 0 137 1196 6 14 8 179 8 105 0 0 1215 14 183 2 251 0 1 255 253 128 3 4 2 1 0 156 0 0 577 0 6 5 24 0 0 101 208 833 40 31 79 25 0 0 0 1 1218 0 0 7 1 0 0 0 0
1585331109.255957 3 0 1550 2227 2153 1.027290 0.208076 0.031361 0.005727 0.010363 0.037361 0.000000 0.600000 0.500000 2.400000 0.000000 0 0 0 0 0 4.100000 3.200000 7.900000 2.700000 0 0 0 0 0.000000 0.000000 0.700000 0.100000 0 0 0 0 1194 0 115 0 21 0 38 0 137 1196 6 14 8 179 8 105 0 0 1215 14 183 2 251 0 1 255 253 128 3 4 2 1 0 155 0 0 577 0 6 5 24 0 0 101 208 833 41 32 79 27 0 0 0 1 1218 0 0 7 1 0 0 0 0
1585331109.265888 3 0 1549 2226 2153 1.020472 0.201258 0.031361 0.004909 0.011454 0.037361 0.000000 0.600000 0.500000 2.400000 0.000000 0 0 0 0 0 4.100000 3.200000 7.900000 2.700000 0 0 0 0 0.000000 0.000000 0.700000 0.100000 0 0 0 0 1194 0 115 0 18 0 42 0 137 1196 6 13 8 178 8 105 0 0 1215 14 158 2 226 0 1 255 253 128 3 4 2 1 0 155 0 1 577 0 6 5 24 0 0 101 208 833 41 32 79 27 0 0 0 1 1218 0 0 7 1 0 0 0 0
1585331109.275900 3 0 1549 2226 2153 1.027290 0.208076 0.031361 0.004909 0.010363 0.036543 0.000000 0.600000 0.500000 2.400000 0.000000 0 0 0 0 0 4.100000 3.200000 7.900000 2.700000 0 0 0 0 0.000000 0.000000 0.700000 0.100000 0 0 0 0 1194 0 115 0 18 0 38 0 134 1196 6 13 8 178 8 105 0 0 1215 14 183 2 251 0 1 255 253 128 3 4 2 1 0 155 0 0 577 0 6 5 24 0 0 101 208 833 41 32 79 27 0 0 0 1 1218 0 0 7 1 0 0 0 0
1585331109.285914 3 0 1550 2227 2153 1.027290 0.208076 0.031361 0.005727 0.010363 0.037906 0.000000 0.600000 0.500000 2.400000 0.000000 0 0 0 0 0 4.100000 3.200000 7.900000 2.700000 0 0 0 0 0.000000 0.000000 0.700000 0.100000 0 0 0 0 1194 0 115 0 21 0 38 0 139 1196 6 14 8 179 8 105 0 0 1215 14 183 2 251 0 1 255 253 128 3 4 2 1 0 155 0 0 577 0 6 5 24 0 0 101 216 833 41 32 79 27 0 0 0 1 1218 0 0 7 1 0 0 0 0
1585331109.295900 3 0 1550 2227 2153 1.025926 0.206712 0.031361 0.005727 0.010363 0.037361 0.000000 0.600000 0.500000 2.400000 0.000000 0 0 0 0 0 4.100000 3.200000 7.900000 2.700000 0 0 0 0 0.000000 0.000000 0.600000 0.200000 0 0 0 0 1194 0 115 0 21 0 38 0 137 1196 6 14 8 179 8 105 0 0 1215 14 178 2 246 0 1 255 253 128 3 4 2 1 0 155 0 0 577 0 6 5 24 0 0 101 216 833 41 32 79 27 0 0 0 1 1218 0 0 6 2 0 0 0 0
1585331109.305931 3 0 1550 2227 2153 1.027290 0.208076 0.031361 0.005727 0.010363 0.037361 0.000000 0.600000 0.500000 2.400000 0.000000 0 0 0 0 0 3.900000 3.300000 7.900000 3.000000 0 0 0 0 0.000000 0.000000 0.700000 0.100000 0 0 0 0 1194 0 115 0 21 0 38 0 137 1196 6 14 8 179 8 105 0 0 1215 14 183 2 251 0 1 255 253 128 3 4 2 1 0 155 0 0 577 0 6 5 24 0 0 101 216 833 39 33 79 30 0 0 0 1 1218 0 0 7 1 0 0 0 0
1585331109.315973 3 0 1550 2227 2153 1.027290 0.208076 0.031361 0.004909 0.010363 0.036543 0.000000 0.600000 0.500000 2.400000 0.000000 0 0 0 0 0 4.000000 3.300000 7.900000 3.000000 0 0 0 0 0.000000 0.000000 0.700000 0.100000 0 0 0 0 1194 0 115 0 18 0 38 0 134 1196 6 14 8 179 8 105 0 0 1215 14 183 2 251 0 1 255 253 128 3 4 2 1 0 155 0 0 577 0 6 5 24 0 0 101 216 833 40 33 79 30 0 0 0 1 1218 0 0 7 1 0 0 0 0
1585331109.325911 3 0 1550 2227 2153 1.028653 0.203985 0.031361 0.004909 0.010363 0.037361 0.000000 0.600000 0.500000 2.400000 0.000000 0 0 0 0 0 4.000000 3.200000 8.100000 2.800000 0 0 0 0 0.000000 0.000000 0.700000 0.100000 0 0 0 0 1194 0 115 0 18 0 38 0 137 1196 6 14 8 179 8 105 0 0 1215 14 188 2 236 0 1 255 253 128 3 4 2 1 0 155 0 0 577 0 6 5 24 0 0 101 216 833 40 32 81 28 0 0 0 1 1218 0 0 7 1 0 0 0 0
1585331109.335934 3 0 1550 2227 2153 1.025926 0.205349 0.031361 0.004909 0.010363 0.036543 0.000000 0.600000 0.500000 2.400000 0.000000 0 0 0 0 0 3.900000 3.200000 8.100000 2.800000 0 0 0 0 0.000000 0.000000 0.700000 0.100000 0 0 0 0 1194 0 115 0 18 0 38 0 134 1196 6 14 8 179 8 105 0 0 1215 14 178 2 241 0 1 255 253 128 3 4 2 1 0 155 0 0 577 0 6 5 24 0 0 101 216 833 39 32 81 28 0 0 0 1 1218 0 0 7 1 0 0 0 0
1585331109.345949 3 0 1549 2227 2153 1.027290 0.208076 0.031361 0.005727 0.010363 0.037361 0.000000 0.600000 0.500000 2.400000 0.000000 0 0 0 0 0 4.000000 3.000000 7.700000 2.900000 0 0 0 0 0.000000 0.000000 0.700000 0.100000 0 0 0 0 1194 0 115 0 21 0 38 0 137 1196 6 13 8 179 8 105 0 0 1215 14 183 2 251 0 1 255 253 128 3 4 2 1 0 155 0 0 577 0 6 5 24 0 0 101 216 833 40 30 77 29 0 0 0 1 1218 0 0 7 1 0 0 0 0
1585331109.355943 3 0 1549 2227 2153 1.027290 0.208076 0.031361 0.004091 0.010363 0.036543 0.000000 0.600000 0.500000 2.400000 0.000000 0 0 0 0 0 4.000000 3.200000 7.600000 3.000000 0 0 0 0 0.000000 0.000000 0.700000 0.100000 0 0 0 0 1194 0 115 0 15 0 38 0 134 1196 6 13 8 179 8 105 0 0 1215 14 183 2 251 0 1 255 253 128 3 4 2 1 0 155 0 0 577 0 6 5 24 0 0 101 216 833 40 32 76 30 0 0 0 1 1218 0 0 7 1 0 0 0 0
1585331109.365914 3 0 1550 2227 2152 1.027290 0.208076 0.031361 0.004909 0.007636 0.036543 0.000000 0.600000 0.500000 2.400000 0.000000 0 0 0 0 0 4.100000 3.400000 7.900000 3.000000 0 0 0 0 0.000000 0.000000 0.700000 0.100000 0 0 0 0 1194 0 115 0 18 0 28 0 134 1196 6 14 8 179 8 104 0 0 1215 14 183 2 251 0 1 255 253 128 3 4 2 1 0 155 0 1 577 0 6 5 24 0 0 101 216 833 41 34 79 30 0 0 0 1 1218 0 0 7 1 0 0 0 0
1585331109.375955 3 0 1550 2227 2152 1.027290 0.208076 0.031361 0.004909 0.008454 0.037361 0.000000 0.600000 0.500000 2.400000 0.000000 0 0 0 0 0 4.000000 3.200000 7.500000 2.900000 0 0 0 0 0.000000 0.000000 0.700000 0.100000 0 0 0 0 1194 0 115 0 18 0 31 0 137 1196 6 14 8 179 8 104 0 0 1215 14 183 2 251 0 1 255 253 128 3 4 2 1 0 155 0 0 577 0 6 5 24 0 0 101 216 833 40 32 75 29 0 0 0 1 1218 0 0 7 1 0 0 0 0
1585331109.385980 3 0 1550 2227 2154 1.027290 0.208076 0.031361 0.005727 0.009545 0.036543 0.000000 0.600000 0.500000 2.400000 0.000000 0 0 0 0 0 3.700000 3.200000 7.600000 2.800000 0 0 0 0 0.000000 0.000000 0.600000 0.200000 0 0 0 0 1194 0 115 0 21 0 35 0 134 1196 6 14 8 179 8 106 0 0 1215 14 183 2 251 0 1 255 253 128 3 4 2 1 0 155 0 0 577 0 6 5 24 0 0 101 216 833 37 32 76 28 0 0 0 1 1218 0 0 6 2 0 0 0 0
1585331109.395946 3 0 1550 2227 2154 1.027290 0.208076 0.031361 0.005727 0.010363 0.037361 0.000000 0.600000 0.500000 2.400000 0.000000 0 0 0 0 0 3.800000 3.200000 7.900000 2.700000 0 0 0 0 0.000000 0.000000 0.700000 0.100000 0 0 0 0 1194 0 115 0 21 0 38 0 137 1196 6 14 8 179 8 106 0 0 1215 14 183 2 251 0 1 255 253 128 3 4 2 1 0 155 0 0 577 0 6 5 24 0 0 101 216 833 38 32 79 27 0 0 0 1 1218 0 0 7 1 0 0 0 0
1585331109.406014 3 0 1550 2226 2153 1.027290 0.206712 0.031361 0.004091 0.009545 0.036543 0.000000 0.600000 0.500000 2.400000 0.000000 0 0 0 0 0 4.000000 3.300000 7.700000 2.700000 0 0 0 0 0.000000 0.000000 0.700000 0.100000 0 0 0 0 1194 0 115 0 15 0 35 0 134 1196 6 14 8 178 8 105 0 0 1215 14 183 2 246 0 1 255 253 128 3 4 2 1 0 155 0 0 577 0 6 5 24 0 0 101 216 833 40 33 77 27 0 0 0 1 1218 0 0 7 1 0 0 0 0
1585331109.415969 3 0 1550 2226 2153 1.027290 0.208076 0.031361 0.004909 0.009545 0.036543 0.000000 0.600000 0.500000 2.400000 0.000000 0 0 0 0 0 3.900000 3.400000 7.900000 2.600000 0 0 0 0 0.000000 0.000000 0.700000 0.100000 0 0 0 0 1194 0 115 0 18 0 35 0 134 1196 6 14 8 178 8 105 0 0 1215 14 183 2 251 0 1 255 253 128 3 4 2 1 0 155 0 0 577 0 6 5 24 0 0 101 216 833 39 34 79 26 0 0 0 1 1218 0 0 7 1 0 0 0 0
1585331109.425968 3 0 1549 2227 2153 1.027290 0.208076 0.031361 0.005727 0.009545 0.036543 0.000000 0.600000 0.500000 2.400000 0.000000 0 0 0 0 0 3.800000 3.200000 8.100000 2.600000 0 0 0 0 0.000000 0.000000 0.600000 0.200000 0 0 0 0 1194 0 115 0 21 0 35 0 134 1196 6 13 8 179 8 105 0 0 1215 14 183 2 251 0 1 255 253 128 3 4 2 1 0 155 0 0 577 0 6 5 24 0 0 101 216 833 38 32 81 26 0 0 0 1 1218 0 0 6 2 0 0 0 0
1585331109.436025 3 0 1549 2227 2153 1.025926 0.206712 0.031361 0.004091 0.009545 0.036543 0.000000 0.600000 0.500000 2.400000 0.000000 0 0 0 0 0 3.800000 3.100000 8.000000 2.700000 0 0 0 0 0.000000 0.000000 0.600000 0.200000 0 0 0 0 1194 0 115 0 15 0 35 0 134 1196 6 13 8 179 8 105 0 0 1215 14 178 2 246 0 1 255 253 128 3 4 2 1 0 155 0 0 577 0 6 5 24 0 0 101 216 833 38 31 80 27 0 0 0 1 1218 0 0 6 2 0 0 0 0
1585331109.446002 3 0 1550 2226 2153 1.027290 0.206712 0.031361 0.004909 0.009545 0.036543 0.000000 0.600000 0.500000 2.400000 0.000000 0 0 0 0 0 3.900000 3.300000 8.000000 2.900000 0 0 0 0 0.000000 0.000000 0.700000 0.100000 0 0 0 0 1194 0 115 0 18 0 35 0 134 1196 6 14 8 178 8 105 0 0 1215 14 183 2 246 0 1 255 253 128 3 4 2 1 0 156 0 0 577 0 6 5 24 0 0 101 216 833 39 33 80 29 0 0 0 1 1218 0 0 7 1 0 0 0 0
1585331109.455998 3 0 1550 2226 2153 1.027290 0.208076 0.031361 0.004909 0.010363 0.036543 0.000000 0.600000 0.500000 2.400000 0.000000 0 0 0 0 0 4.000000 3.400000 7.800000 2.900000 0 0 0 0 0.000000 0.000000 0.700000 0.100000 0 0 0 0 1194 0 115 0 18 0 38 0 134 1196 6 14 8 178 8 105 0 0 1215 14 183 2 251 0 1 255 253 128 3 4 2 1 0 155 0 0 577 0 6 5 24 0 0 101 216 833 40 34 78 29 0 0 0 1 1218 0 0 7 1 0 0 0 0
1585331109.465954 3 0 1550 2228 2153 1.027290 0.208076 0.031361 0.004909 0.010363 0.037361 0.000000 0.600000 0.500000 2.400000 0.000000 0 0 0 0 0 4.000000 3.300000 7.900000 2.800000 0 0 0 0 0.000000 0.000000 0.700000 0.100000 0 0 0 0 1194 0 115 0 18 0 38 0 137 1196 6 14 8 180 8 105 0 0 1215 14 183 2 251 0 1 255 253 128 3 4 2 1 0 155 0 1 577 0 6 5 24 0 0 101 216 833 40 33 79 28 0 0 0 1 1218 0 0 7 1 0 0 0 0
1585331109.475972 3 0 1550 2228 2153 1.027290 0.208076 0.031361 0.004909 0.009545 0.037361 0.000000 0.600000 0.500000 2.400000 0.000000 0 0 0 0 0 3.900000 3.300000 7.700000 2.800000 0 0 0 0 0.000000 0.000000 0.600000 0.200000 0 0 0 0 1194 0 115 0 18 0 35 0 137 1196 6 14 8 180 8 105 0 0 1215 14 183 2 251 0 1 255 253 128 3 4 2 1 0 155 0 0 577 0 6 5 24 0 0 101 216 833 39 33 77 28 0 0 0 1 1218 0 0 6 2 0 0 0 0
1585331109.486044 3 0 1550 2227 2154 1.027290 0.208076 0.031361 0.004909 0.009545 0.037361 0.000000 0.600000 0.500000 2.400000 0.000000 0 0 0 0 0 4.200000 3.300000 7.800000 2.800000 0 0 0 0 0.000000 0.000000 0.600000 0.200000 0 0 0 0 1194 0 115 0 18 0 35 0 137 1196 6 14 8 179 8 106 0 0 1215 14 183 2 251 0 1 255 253 128 3 4 2 1 0 155 0 0 577 0 6 5 24 0 0 101 216 833 42 33 78 28 0 0 0 1 1218 0 0 6 2 0 0 0 0
1585331109.495960 3 0 1550 2227 2154 1.027290 0.208076 0.031361 0.005727 0.009545 0.037361 0.000000 0.600000 0.500000 2.400000 0.000000 0 0 0 0 0 4.000000 3.100000 7.800000 2.700000 0 0 0 0 0.000000 0.000000 0.700000 0.100000 0 0 0 0 1194 0 115 0 21 0 35 0 137 1196 6 14 8 179 8 106 0 0 1215 14 183 2 251 0 1 255 253 128 3 4 2 1 0 155 0 0 577 0 6 5 24 0 0 101 216 833 40 31 78 27 0 0 0 1 1218 0 0 7 1 0 0 0 0
1585331109.505982 3 0 1549 2227 2153 1.027290 0.208076 0.031361 0.004909 0.010363 0.037361 0.000000 0.600000 0.500000 2.400000 0.000000 0 0 0 0 0 3.900000 3.300000 8.000000 2.700000 0 0 0 0 0.000000 0.000000 0.700000 0.100000 0 0 0 0 1194 0 115 0 18 0 38 0 137 1196 6 13 8 179 8 105 0 0 1215 14 183 2 251 0 1 255 253 128 3 4 2 1 0 155 0 0 577 0 6 5 24 0 0 101 216 833 39 33 80 27 0 0 0 1 1218 0 0 7 1 0 0 0 0
1585331109.516055 3 0 1549 2227 2153 1.027290 0.208076 0.031361 0.005727 0.010363 0.036543 0.000000 0.600000 0.500000 2.400000 0.000000 0 0 0 0 0 4.100000 3.200000 8.000000 2.600000 0 0 0 0 0.000000 0.000000 0.700000 0.100000 0 0 0 0 1194 0 115 0 21 0 38 0 134 1196 6 13 8 179 8 105 0 0 1215 14 183 2 251 0 1 255 253 128 3 4 2 1 0 156 0 0 577 0 6 5 24 0 0 101 216 833 41 32 80 26 0 0 0 1 1218 0 0 7 1 0 0 0 0
1585331109.525976 3 0 1550 2227 2153 1.027290 0.208076 0.031361 0.004909 0.009545 0.036543 0.000000 0.600000 0.500000 2.400000 0.000000 0 0 0 0 0 4.200000 3.200000 7.700000 2.700000 0 0 0 0 0.000000 0.000000 0.600000 0.200000 0 0 0 0 1194 0 115 0 18 0 35 0 134 1196 6 14 8 179 8 105 0 0 1215 14 183 2 251 0 1 255 253 128 3 4 2 1 0 155 0 0 577 0 6 5 24 0 0 101 216 833 42 32 77 27 0 0 0 1 1218 0 0 6 2 0 0 0 0
1585331109.536017 3 0 1550 2227 2153 1.027290 0.208076 0.031361 0.004909 0.010363 0.036543 0.000000 0.600000 0.500000 2.400000 0.000000 0 0 0 0 0 4.100000 3.400000 7.700000 2.800000 0 0 0 0 0.000000 0.000000 0.700000 0.100000 0 0 0 0 1194 0 115 0 18 0 38 0 134 1196 6 14 8 179 8 105 0 0 1215 14 183 2 251 0 1 255 253 128 3 4 2 1 0 155 0 0 577 0 6 5 24 0 0 101 216 833 41 34 77 28 0 0 0 1 1218 0 0 7 1 0 0 0 0
1585331109.545996 3 0 1550 2227 2153 1.027290 0.208076 0.031361 0.005727 0.010363 0.036543 0.000000 0.600000 0.500000 2.400000 0.000000 0 0 0 0 0 4.100000 3.200000 7.800000 2.700000 0 0 0 0 0.000000 0.000000 0.700000 0.100000 0 0 0 0 1194 0 115 0 21 0 38 0 134 1196 6 14 8 179 8 105 0 0 1215 14 183 2 251 0 1 255 253 128 3 4 2 1 0 155 0 0 577 0 6 5 24 0 0 101 216 833 41 32 78 27 0 0 0 1 1218 0 0 7 1 0 0 0 0
1585331109.555975 3 0 1550 2227 2153 1.027290 0.208076 0.031361 0.005727 0.010363 0.037361 0.000000 0.600000 0.500000 2.400000 0.000000 0 0 0 0 0 4.000000 3.200000 7.700000 2.800000 0 0 0 0 0.000000 0.000000 0.700000 0.100000 0 0 0 0 1194 0 115 0 21 0 38 0 137 1196 6 14 8 179 8 105 0 0 1215 14 183 2 251 0 1 255 253 128 3 4 2 1 0 155 0 0 577 0 6 5 24 0 0 101 216 833 40 32 77 28 0 0 0 1 1218 0 0 7 1 0 0 0 0
1585331109.566057 3 0 1549 2226 2153 1.028653 0.209440 0.031361 0.004909 0.009545 0.036543 0.000000 0.600000 0.500000 2.400000 0.000000 0 0 0 0 0 3.800000 3.300000 7.800000 2.900000 0 0 0 0 0.000000 0.000000 0.600000 0.200000 0 0 0 0 1194 0 115 0 18 0 35 0 134 1196 6 13 8 178 8 105 0 0 1215 14 188 3 0 0 1 255 253 128 3 4 2 1 0 155 0 1 577 0 6 5 24 0 0 101 216 833 38 33 78 29 0 0 0 1 1218 0 0 6 2 0 0 0 0
1585331109.576065 3 0 1549 2226 2153 1.028653 0.209440 0.031361 0.004909 0.009545 0.036543 0.000000 0.600000 0.500000 2.400000 0.000000 0 0 0 0 0 3.800000 3.200000 7.500000 2.600000 0 0 0 0 0.000000 0.000000 0.700000 0.100000 0 0 0 0 1194 0 115 0 18 0 35 0 134 1196 6 13 8 178 8 105 0 0 1215 14 188 3 0 0 1 255 253 128 3 4 2 1 0 155 0 0 577 0 6 5 24 0 0 101 216 833 38 32 75 26 0 0 0 1 1218 0 0 7 1 0 0 0 0
1585331109.586040 3 0 1549 2227 2153 1.027290 0.208076 0.031361 0.005727 0.010363 0.036543 0.000000 0.600000 0.500000 2.400000 0.000000 0 0 0 0 0 4.100000 3.400000 7.600000 2.500000 0 0 0 0 0.000000 0.000000 0.700000 0.100000 0 0 0 0 1194 0 115 0 21 0 38 0 134 1196 6 13 8 179 8 105 0 0 1215 14 183 2 251 0 1 255 253 128 3 4 2 1 0 155 0 0 577 0 6 5 24 0 0 101 216 833 41 34 76 25 0 0 0 1 1218 0 0 7 1 0 0 0 0
1585331109.596010 3 0 1549 2227 2153 1.027290 0.208076 0.031361 0.005727 0.010363 0.037361 0.000000 0.600000 0.500000 2.400000 0.000000 0 0 0 0 0 4.100000 3.500000 7.800000 2.700000 0 0 0 0 0.000000 0.000000 0.600000 0.200000 0 0 0 0 1194 0 115 0 21 0 38 0 137 1196 6 13 8 179 8 105 0 0 1215 14 183 2 251 0 1 255 253 128 3 4 2 1 0 156 0 0 577 0 6 5 24 0 0 101 216 833 41 35 78 27 0 0 0 1 1218 0 0 6 2 0 0 0 0
1585331109.606093 3 0 1549 2227 2153 1.027290 0.206712 0.031361 0.005727 0.009545 0.037361 0.000000 0.600000 0.500000 2.400000 0.000000 0 0 0 0 0 3.900000 3.300000 7.900000 2.500000 0 0 0 0 0.000000 0.000000 0.700000 0.100000 0 0 0 0 1194 0 115 0 21 0 35 0 137 1196 6 13 8 179 8 105 0 0 1215 14 183 2 246 0 1 255 253 128 3 4 2 1 0 155 0 0 577 0 6 5 24 0 0 101 216 833 39 33 79 25 0 0 0 1 1218 0 0 7 1 0 0 0 0
1585331109.616054 3 0 1549 2227 2153 1.027290 0.208076 0.031361 0.004909 0.009545 0.037361 0.000000 0.600000 0.500000 2.400000 0.000000 0 0 0 0 0 4.000000 3.200000 8.000000 2.700000 0 0 0 0 0.000000 0.000000 0.700000 0.100000 0 0 0 0 1194 0 115 0 18 0 35 0 137 1196 6 13 8 179 8 105 0 0 1215 14 183 2 251 0 1 255 253 128 3 4 2 1 0 155 0 0 577 0 6 5 24 0 0 101 216 833 40 32 80 27 0 0 0 1 1218 0 0 7 1 0 0 0 0
1585331109.626005 3 0 1550 2227 2153 1.027290 0.208076 0.031361 0.005727 0.009545 0.036543 0.000000 0.600000 0.500000 2.400000 0.000000 0 0 0 0 0 3.900000 3.200000 7.700000 2.900000 0 0 0 0 0.000000 0.000000 0.700000 0.100000 0 0 0 0 1194 0 115 0 21 0 35 0 134 1196 6 14 8 179 8 105 0 0 1215 14 183 2 251 0 1 255 253 128 3 4 2 1 0 155 0 0 577 0 6 5 24 0 0 101 216 833 39 32 77 29 0 0 0 1 1218 0 0 7 1 0 0 0 0
1585331109.636140 3 0 1550 2227 2153 1.027290 0.208076 0.031361 0.004909 0.009545 0.036543 0.000000 0.600000 0.500000 2.400000 0.000000 0 0 0 0 0 3.900000 3.300000 7.800000 2.800000 0 0 0 0 0.000000 0.000000 0.700000 0.100000 0 0 0 0 1194 0 115 0 18 0 35 0 134 1196 6 14 8 179 8 105 0 0 1215 14 183 2 251 0 1 255 253 128 3 4 2 1 0 155 0 0 577 0 6 5 24 0 0 101 216 833 39 33 78 28 0 0 0 1 1218 0 0 7 1 0 0 0 0
1585331109.646016 3 0 1549 2227 2153 1.027290 0.208076 0.031361 0.004909 0.010363 0.036543 0.000000 0.600000 0.500000 2.400000 0.000000 0 0 0 0 0 4.000000 3.300000 7.800000 2.700000 0 0 0 0 0.000000 0.000000 0.700000 0.100000 0 0 0 0 1194 0 115 0 18 0 38 0 134 1196 6 13 8 179 8 105 0 0 1215 14 183 2 251 0 1 255 253 128 3 4 2 1 0 155 0 0 577 0 6 5 24 0 0 101 216 833 40 33 78 27 0 0 0 1 1218 0 0 7 1 0 0 0 0
1585331109.656067 3 0 1549 2227 2153 1.027290 0.208076 0.031361 0.004909 0.009545 0.036543 0.000000 0.600000 0.500000 2.400000 0.000000 0 0 0 0 0 4.000000 3.300000 7.600000 2.900000 0 0 0 0 0.000000 0.000000 0.700000 0.100000 0 0 0 0 1194 0 115 0 18 0 35 0 134 1196 6 13 8 179 8 105 0 0 1215 14 183 2 251 0 1 255 253 128 3 4 2 1 0 155 0 0 577 0 6 5 24 0 0 101 216 833 40 33 76 29 0 0 0 1 1218 0 0 7 1 0 0 0 0
1585331109.666131 3 0 1549 2227 2156 1.027290 0.208076 0.031361 0.004909 0.010363 0.036543 0.000000 0.600000 0.500000 2.400000 0.000000 0 0 0 0 0 4.000000 3.100000 7.800000 2.800000 0 0 0 0 0.000000 0.000000 0.700000 0.100000 0 0 0 0 1194 0 115 0 18 0 38 0 134 1196 6 13 8 179 8 108 0 0 1215 14 183 2 251 0 1 255 253 128 3 4 2 1 0 155 0 1 577 0 6 5 24 0 0 101 216 833 40 31 78 28 0 0 0 1 1218 0 0 7 1 0 0 0 0
1585331109.676047 3 0 1549 2227 2156 1.027290 0.208076 0.031361 0.004091 0.010363 0.037361 0.000000 0.600000 0.500000 2.400000 0.000000 0 0 0 0 0 4.000000 3.300000 7.700000 3.100000 0 0 0 0 0.000000 0.000000 0.700000 0.100000 0 0 0 0 1194 0 115 0 15 0 38 0 137 1196 6 13 8 179 8 108 0 0 1215 14 183 2 251 0 1 255 253 128 3 4 2 1 0 155 0 0 577 0 6 5 24 0 0 101 216 833 40 33 77 31 0 0 0 1 1218 0 0 7 1 0 0 0 0
1585331109.686032 3 0 1549 2226 2153 1.028653 0.209440 0.031361 0.004909 0.010363 0.037361 0.000000 0.600000 0.500000 2.400000 0.000000 0 0 0 0 0 3.900000 3.400000 7.700000 3.000000 0 0 0 0 0.000000 0.000000 0.700000 0.100000 0 0 0 0 1194 0 115 0 18 0 38 0 137 1196 6 13 8 178 8 105 0 0 1215 14 188 3 0 0 1 255 253 128 3 4 2 1 0 156 0 0 577 0 6 5 24 0 0 101 216 833 39 34 77 30 0 0 0 1 1218 0 0 7 1 0 0 0 0
1585331109.696105 3 0 1549 2226 2153 1.025926 0.206712 0.031361 0.004909 0.009545 0.036543 0.000000 0.600000 0.500000 2.400000 0.000000 0 0 0 0 0 3.800000 3.200000 7.600000 2.600000 0 0 0 0 0.000000 0.000000 0.700000 0.100000 0 0 0 0 1194 0 115 0 18 0 35 0 134 1196 6 13 8 178 8 105 0 0 1215 14 178 2 246 0 1 255 253 128 3 4 2 1 0 155 0 0 577 0 6 5 24 0 0 101 216 833 38 32 76 26 0 0 0 1 1218 0 0 7 1 0 0 0 0
1585331109.706102 3 0 1549 2227 2153 1.027290 0.208076 0.031361 0.004909 0.009545 0.037361 0.000000 0.600000 0.500000 2.400000 0.000000 0 0 0 0 0 3.800000 3.400000 7.800000 3.000000 0 0 0 0 0.000000 0.000000 0.600000 0.200000 0 0 0 0 1194 0 115 0 18 0 35 0 137 1196 6 13 8 179 8 105 0 0 1215 14 183 2 251 0 1 255 253 128 3 4 2 1 0 155 0 0 577 0 6 5 24 0 0 101 216 833 38 34 78 30 0 0 0 1 1218 0 0 6 2 0 0 0 0
1585331109.716091 3 0 1549 2227 2153 1.027290 0.208076 0.031361 0.004091 0.009545 0.037361 0.000000 0.600000 0.500000 2.400000 0.000000 0 0 0 0 0 3.900000 3.300000 8.100000 2.700000 0 0 0 0 0.000000 0.000000 0.600000 0.200000 0 0 0 0 1194 0 115 0 15 0 35 0 137 1196 6 13 8 179 8 105 0 0 1215 14 183 2 251 0 1 255 253 128 3 4 2 1 0 155 0 0 577 0 6 5 24 0 0 101 216 833 39 33 81 27 0 0 0 1 1218 0 0 6 2 0 0 0 0
1585331109.726137 3 0 1549 2226 2153 1.027290 0.208076 0.031361 0.004909 0.010363 0.037361 0.000000 0.600000 0.500000 2.400000 0.000000 0 0 0 0 0 3.900000 3.300000 7.800000 2.600000 0 0 0 0 0.000000 0.000000 0.600000 0.200000 0 0 0 0 1194 0 115 0 18 0 38 0 137 1196 6 13 8 178 8 105 0 0 1215 14 183 2 251 0 1 255 253 128 3 4 2 1 0 156 0 0 577 0 6 5 24 0 0 101 216 833 39 33 78 26 0 0 0 1 1218 0 0 6 2 0 0 0 0
1585331109.736124 3 0 1549 2226 2153 1.027290 0.208076 0.031361 0.004909 0.010363 0.037361 0.000000 0.600000 0.500000 2.400000 0.000000 0 0 0 0 0 3.900000 3.300000 8.000000 2.700000 0 0 0 0 0.000000 0.000000 0.700000 0.100000 0 0 0 0 1194 0 115 0 18 0 38 0 137 1196 6 13 8 178 8 105 0 0 1215 14 183 2 251 0 1 255 253 128 3 4 2 1 0 155 0 0 577 0 6 5 24 0 0 101 216 833 39 33 80 27 0 0 0 1 1218 0 0 7 1 0 0 0 0
1585331109.745284 3 0 1550 2226 2153 1.027290 0.208076 0.031361 0.005727 0.009545 0.036543 0.000000 0.600000 0.500000 2.400000 0.000000 0 0 0 0 0 3.900000 3.300000 7.900000 2.900000 0 0 0 0 0.000000 0.000000 0.700000 0.100000 0 0 0 0 1194 0 115 0 21 0 35 0 134 1196 6 14 8 178 8 105 0 0 1215 14 183 2 251 0 1 255 253 128 3 4 2 1 0 155 0 0 577 0 6 5 24 0 0 101 216 833 39 33 79 29 0 0 0 1 1218 0 0 7 1 0 0 0 0
1585331109.756113 3 0 1550 2226 2153 1.027290 0.208076 0.031361 0.005727 0.007636 0.036543 0.000000 0.600000 0.500000 2.400000 0.000000 0 0 0 0 0 3.900000 3.000000 8.100000 2.800000 0 0 0 0 0.000000 0.000000 0.600000 0.200000 0 0 0 0 1194 0 115 0 21 0 28 0 134 1196 6 14 8 178 8 105 0 0 1215 14 183 2 251 0 1 255 253 128 3 4 2 1 0 155 0 0 577 0 6 5 24 0 0 101 216 833 39 30 81 28 0 0 0 1 1218 0 0 6 2 0 0 0 0
1585331109.766143 3 0 1549 2226 2153 1.027290 0.208076 0.031361 0.005727 0.010363 0.037361 0.000000 0.600000 0.500000 2.400000 0.000000 0 0 0 0 0 4.100000 3.100000 8.100000 2.700000 0 0 0 0 0.000000 0.000000 0.700000 0.100000 0 0 0 0 1194 0 115 0 21 0 38 0 137 1196 6 13 8 178 8 105 0 0 1215 14 183 2 251 0 1 255 253 128 3 4 2 1 0 155 0 1 577 0 6 5 24 0 0 101 216 833 41 31 81 27 0 0 0 1 1218 0 0 7 1 0 0 0 0
1585331109.776076 3 0 1549 2226 2153 1.027290 0.208076 0.031361 0.004909 0.007636 0.036543 0.000000 0.600000 0.500000 2.400000 0.000000 0 0 0 0 0 4.000000 3.300000 7.600000 2.900000 0 0 0 0 0.000000 0.000000 0.600000 0.200000 0 0 0 0 1194 0 115 0 18 0 28 0 134 1196 6 13 8 178 8 105 0 0 1215 14 183 2 251 0 1 255 253 128 3 4 2 1 0 155 0 0 577 0 6 5 24 0 0 101 216 833 40 33 76 29 0 0 0 1 1218 0 0 6 2 0 0 0 0
1585331109.786070 3 0 1549 2227 2153 1.027290 0.208076 0.031361 0.004909 0.010363 0.039270 0.000000 0.600000 0.500000 2.400000 0.000000 0 0 0 0 0 3.900000 3.200000 8.100000 2.800000 0 0 0 0 0.000000 0.000000 0.700000 0.100000 0 0 0 0 1194 0 115 0 18 0 38 0 144 1196 6 13 8 179 8 105 0 0 1215 14 183 2 251 0 1 255 253 128 3 4 2 1 0 155 0 0 577 0 6 5 24 0 0 101 216 833 39 32 81 28 0 0 0 1 1218 0 0 7 1 0 0 0 0
1585331109.796119 3 0 1549 2227 2153 1.027290 0.208076 0.031361 0.004909 0.009545 0.036543 0.000000 0.600000 0.500000 2.400000 0.000000 0 0 0 0 0 4.000000 3.400000 8.300000 2.900000 0 0 0 0 0.000000 0.000000 0.600000 0.200000 0 0 0 0 1194 0 115 0 18 0 35 0 134 1196 6 13 8 179 8 105 0 0 1215 14 183 2 251 0 1 255 253 128 3 4 2 1 0 155 0 0 577 0 6 5 24 0 0 101 216 833 40 34 83 29 0 0 0 1 1218 0 0 6 2 0 0 0 0
1585331109.806116 3 0 1549 2227 2153 1.027290 0.208076 0.031361 0.004909 0.009545 0.037361 0.000000 0.600000 0.500000 2.400000 0.000000 0 0 0 0 0 3.900000 3.500000 7.800000 2.900000 0 0 0 0 0.000000 0.000000 0.700000 0.100000 0 0 0 0 1194 0 115 0 18 0 35 0 137 1196 6 13 8 179 8 105 0 0 1215 14 183 2 251 0 1 255 253 128 3 4 2 1 0 155 0 0 577 0 6 5 24 0 0 101 216 833 39 35 78 29 0 0 0 1 1218 0 0 7 1 0 0 0 0
1585331109.816096 3 0 1549 2227 2153 1.027290 0.208076 0.031361 0.004909 0.009545 0.037361 0.000000 0.600000 0.500000 2.400000 0.000000 0 0 0 0 0 3.800000 3.400000 7.700000 2.700000 0 0 0 0 0.000000 0.000000 0.700000 0.100000 0 0 0 0 1194 0 115 0 18 0 35 0 137 1196 6 13 8 179 8 105 0 0 1215 14 183 2 251 0 1 255 253 128 3 4 2 1 0 155 0 0 577 0 6 5 24 0 0 101 216 833 38 34 77 27 0 0 0 1 1218 0 0 7 1 0 0 0 0
1585331109.826136 3 0 1550 2226 2153 1.027290 0.208076 0.031361 0.004909 0.010363 0.037361 0.000000 0.600000 0.500000 2.400000 0.000000 0 0 0 0 0 3.900000 3.300000 8.000000 2.300000 0 0 0 0 0.000000 0.000000 0.700000 0.100000 0 0 0 0 1194 0 115 0 18 0 38 0 137 1196 6 14 8 178 8 105 0 0 1215 14 183 2 251 0 1 255 253 128 3 4 2 1 0 155 0 0 577 0 6 5 24 0 0 101 216 833 39 33 80 23 0 0 0 1 1218 0 0 7 1 0 0 0 0
1585331109.836199 3 0 1550 2226 2153 1.027290 0.208076 0.031361 0.005727 0.009545 0.037361 0.000000 0.600000 0.500000 2.400000 0.000000 0 0 0 0 0 4.000000 3.100000 8.000000 2.400000 0 0 0 0 0.000000 0.000000 0.700000 0.100000 0 0 0 0 1194 0 115 0 21 0 35 0 137 1196 6 14 8 178 8 105 0 0 1215 14 183 2 251 0 1 255 253 128 3 4 2 1 0 156 0 0 577 0 6 5 24 0 0 101 216 833 40 31 80 24 0 0 0 1 1218 0 0 7 1 0 0 0 0
1585331109.846131 3 0 1549 2227 2154 1.027290 0.208076 0.031361 0.004909 0.010363 0.037361 0.000000 0.600000 0.500000 2.400000 0.000000 0 0 0 0 0 3.900000 3.200000 7.900000 2.500000 0 0 0 0 0.000000 0.000000 0.700000 0.100000 0 0 0 0 1194 0 115 0 18 0 38 0 137 1196 6 13 8 179 8 106 0 0 1215 14 183 2 251 0 1 255 253 128 3 4 2 1 0 155 0 0 577 0 6 5 24 0 0 101 216 833 39 32 79 25 0 0 0 1 1218 0 0 7 1 0 0 0 0
1585331109.856096 3 0 1549 2227 2154 1.027290 0.208076 0.031361 0.004909 0.010363 0.037361 0.000000 0.600000 0.500000 2.400000 0.000000 0 0 0 0 0 4.000000 3.300000 8.100000 2.600000 0 0 0 0 0.000000 0.000000 0.600000 0.200000 0 0 0 0 1194 0 115 0 18 0 38 0 137 1196 6 13 8 179 8 106 0 0 1215 14 183 2 251 0 1 255 253 128 3 4 2 1 0 155 0 0 577 0 6 5 24 0 0 101 216 833 40 33 81 26 0 0 0 1 1218 0 0 6 2 0 0 0 0
1585331109.866156 3 0 1549 2227 2153 1.027290 0.208076 0.031361 0.005727 0.010363 0.037361 0.000000 0.600000 0.500000 2.400000 0.000000 0 0 0 0 0 4.000000 3.100000 7.700000 2.900000 0 0 0 0 0.000000 0.000000 0.600000 0.200000 0 0 0 0 1194 0 115 0 21 0 38 0 137 1196 6 13 8 179 8 105 0 0 1215 14 183 2 251 0 1 255 253 128 3 4 2 1 0 156 0 1 577 0 6 5 24 0 0 101 216 833 40 31 77 29 0 0 0 1 1218 0 0 6 2 0 0 0 0
1585331109.876097 3 0 1549 2227 2153 1.027290 0.206712 0.031361 0.004909 0.010363 0.036543 0.000000 0.600000 0.500000 2.400000 0.000000 0 0 0 0 0 3.900000 3.300000 7.900000 2.700000 0 0 0 0 0.000000 0.000000 0.700000 0.100000 0 0 0 0 1194 0 115 0 18 0 38 0 134 1196 6 13 8 179 8 105 0 0 1215 14 183 2 246 0 1 255 253 128 3 4 2 1 0 155 0 0 577 0 6 5 24 0 0 101 216 833 39 33 79 27 0 0 0 1 1218 0 0 7 1 0 0 0 0
1585331109.886099 3 0 1549 2227 2153 1.025926 0.206712 0.031361 0.004909 0.009545 0.037361 0.000000 0.600000 0.500000 2.400000 0.000000 0 0 0 0 0 4.000000 3.500000 8.500000 2.800000 0 0 0 0 0.000000 0.000000 0.600000 0.200000 0 0 0 0 1194 0 115 0 18 0 35 0 137 1196 6 13 8 179 8 105 0 0 1215 14 178 2 246 0 1 255 253 128 3 4 2 1 0 155 0 0 577 0 6 5 24 0 0 101 216 833 40 35 85 28 0 0 0 1 1218 0 0 6 2 0 0 0 0
1585331109.896171 3 0 1549 2227 2153 1.027290 0.208076 0.031361 0.004909 0.009545 0.037361 0.000000 0.600000 0.500000 2.400000 0.000000 0 0 0 0 0 4.000000 3.200000 8.400000 2.800000 0 0 0 0 0.000000 0.000000 0.700000 0.100000 0 0 0 0 1194 0 115 0 18 0 35 0 137 1196 6 13 8 179 8 105 0 0 1215 14 183 2 251 0 1 255 253 128 3 4 2 1 0 155 0 0 577 0 6 5 24 0 0 101 216 833 40 32 84 28 0 0 0 1 1218 0 0 7 1 0 0 0 0
1585331109.906110 3 0 1550 2226 2153 1.027290 0.208076 0.031361 0.004091 0.009545 0.037361 0.000000 0.600000 0.500000 2.400000 0.000000 0 0 0 0 0 4.000000 3.300000 8.200000 2.600000 0 0 0 0 0.000000 0.000000 0.700000 0.100000 0 0 0 0 1194 0 115 0 15 0 35 0 137 1196 6 14 8 178 8 105 0 0 1215 14 183 2 251 0 1 255 253 128 3 4 2 1 0 155 0 0 577 0 6 5 24 0 0 101 216 833 40 33 82 26 0 0 0 1 1218 0 0 7 1 0 0 0 0
1585331109.916125 3 0 1550 2226 2153 1.027290 0.208076 0.031361 0.004909 0.009545 0.037361 0.000000 0.600000 0.500000 2.400000 0.000000 0 0 0 0 0 3.900000 3.200000 7.600000 2.800000 0 0 0 0 0.000000 0.000000 0.700000 0.100000 0 0 0 0 1194 0 115 0 18 0 35 0 137 1196 6 14 8 178 8 105 0 0 1215 14 183 2 251 0 1 255 253 128 3 4 2 1 0 155 0 0 577 0 6 5 24 0 0 101 216 833 39 32 76 28 0 0 0 1 1218 0 0 7 1 0 0 0 0
1585331109.926122 3 0 1549 2226 2153 1.027290 0.208076 0.031361 0.004909 0.010363 0.036543 0.000000 0.600000 0.500000 2.400000 0.000000 0 0 0 0 0 3.900000 3.200000 7.800000 2.900000 0 0 0 0 0.000000 0.000000 0.700000 0.100000 0 0 0 0 1194 0 115 0 18 0 38 0 134 1196 6 13 8 178 8 105 0 0 1215 14 183 2 251 0 1 255 253 128 3 4 2 1 0 156 0 0 577 0 6 5 24 0 0 101 216 833 39 32 78 29 0 0 0 1 1218 0 0 7 1 0 0 0 0
1585331109.936147 3 0 1549 2226 2153 1.027290 0.208076 0.031361 0.004909 0.009545 0.036543 0.000000 0.600000 0.500000 2.400000 0.000000 0 0 0 0 0 4.000000 3.400000 8.100000 2.800000 0 0 0 0 0.000000 0.000000 0.600000 0.200000 0 0 0 0 1194 0 115 0 18 0 35 0 134 1196 6 13 8 178 8 105 0 0 1215 14 183 2 251 0 1 255 253 128 3 4 2 1 0 155 0 0 577 0 6 5 24 0 0 101 216 833 40 34 81 28 0 0 0 1 1218 0 0 6 2 0 0 0 0
1585331109.946111 3 0 1550 2227 2153 1.027290 0.208076 0.031361 0.004909 0.010363 0.036543 0.000000 0.600000 0.500000 2.400000 0.000000 0 0 0 0 0 3.900000 3.300000 7.500000 2.600000 0 0 0 0 0.000000 0.000000 0.700000 0.100000 0 0 0 0 1194 0 115 0 18 0 38 0 134 1196 6 14 8 179 8 105 0 0 1215 14 183 2 251 0 1 255 253 128 3 4 2 1 0 156 0 0 577 0 6 5 24 0 0 101 216 833 39 33 75 26 0 0 0 1 1218 0 0 7 1 0 0 0 0
1585331109.956118 3 0 1550 2227 2153 1.027290 0.208076 0.031361 0.004909 0.009545 0.037361 0.000000 0.600000 0.500000 2.400000 0.000000 0 0 0 0 0 3.900000 3.300000 8.100000 2.400000 0 0 0 0 0.000000 0.000000 0.600000 0.200000 0 0 0 0 1194 0 115 0 18 0 35 0 137 1196 6 14 8 179 8 105 0 0 1215 14 183 2 251 0 1 255 253 128 3 4 2 1 0 155 0 0 577 0 6 5 24 0 0 101 216 833 39 33 81 24 0 0 0 1 1218 0 0 6 2 0 0 0 0
1585331109.966166 3 0 1549 2227 2153 1.027290 0.208076 0.031361 0.004909 0.010363 0.036543 0.000000 0.600000 0.500000 2.400000 0.000000 0 0 0 0 0 4.000000 3.500000 7.900000 2.300000 0 0 0 0 0.000000 0.000000 0.600000 0.200000 0 0 0 0 1194 0 115 0 18 0 38 0 134 1196 6 13 8 179 8 105 0 0 1215 14 183 2 251 0 1 255 253 128 3 4 2 1 0 155 0 1 577 0 6 5 24 0 0 101 216 833 40 35 79 23 0 0 0 1 1218 0 0 6 2 0 0 0 0
1585331109.976170 3 0 1549 2227 2153 1.027290 0.208076 0.031361 0.004909 0.009545 0.036543 0.000000 0.600000 0.500000 2.400000 0.000000 0 0 0 0 0 3.900000 3.400000 7.800000 2.400000 0 0 0 0 0.000000 0.000000 0.700000 0.100000 0 0 0 0 1194 0 115 0 18 0 35 0 134 1196 6 13 8 179 8 105 0 0 1215 14 183 2 251 0 1 255 253 128 3 4 2 1 0 156 0 0 577 0 6 5 24 0 0 101 216 833 39 34 78 24 0 0 0 1 1218 0 0 7 1 0 0 0 0
1585331109.986173 3 0 1549 2227 2154 1.027290 0.208076 0.031361 0.004909 0.010363 0.037906 0.000000 0.600000 0.500000 2.400000 0.000000 0 0 0 0 0 3.900000 3.200000 7.900000 2.600000 0 0 0 0 0.000000 0.000000 0.600000 0.200000 0 0 0 0 1194 0 115 0 18 0 38 0 139 1196 6 13 8 179 8 106 0 0 1215 14 183 2 251 0 1 255 253 128 3 4 2 1 0 155 0 0 577 0 6 5 24 0 0 101 216 833 39 32 79 26 0 0 0 1 1218 0 0 6 2 0 0 0 0
1585331109.996194 3 0 1549 2227 2154 1.027290 0.208076 0.031361 0.005727 0.009545 0.037361 0.000000 0.600000 0.500000 2.400000 0.000000 0 0 0 0 0 4.000000 3.300000 7.600000 2.900000 0 0 0 0 0.000000 0.000000 0.700000 0.100000 0 0 0 0 1194 0 115 0 21 0 35 0 137 1196 6 13 8 179 8 106 0 0 1215 14 183 2 251 0 1 255 253 128 3 4 2 1 0 155 0 0 577 0 6 5 24 0 0 101 216 833 40 33 76 29 0 0 0 1 1218 0 0 7 1 0 0 0 0
1585331110.006168 3 0 1549 2226 2153 1.027290 0.209440 0.031361 0.004909 0.010363 0.036543 0.000000 0.600000 0.500000 2.400000 0.000000 0 0 0 0 0 3.800000 3.400000 7.800000 3.000000 0 0 0 0 0.000000 0.000000 0.700000 0.100000 0 0 0 0 1194 0 115 0 18 0 38 0 134 1196 6 13 8 178 8 105 0 0 1215 14 183 3 0 0 1 255 253 128 3 4 2 1 0 155 0 0 577 0 6 5 24 0 0 101 216 833 38 34 78 30 0 0 0 1 1218 0 0 7 1 0 0 0 0
1585331110.016164 3 0 1549 2226 2153 1.027290 0.208076 0.031361 0.005727 0.009545 0.037361 0.000000 0.600000 0.500000 2.400000 0.000000 0 0 0 0 0 3.800000 3.400000 7.700000 2.600000 0 0 0 0 0.000000 0.000000 0.700000 0.100000 0 0 0 0 1194 0 115 0 21 0 35 0 137 1196 6 13 8 178 8 105 0 0 1215 14 183 2 251 0 1 255 253 128 3 4 2 1 0 155 0 0 577 0 6 5 24 0 0 101 216 833 38 34 77 26 0 0 0 1 1218 0 0 7 1 0 0 0 0
1585331110.026228 3 0 1550 2227 2153 1.027290 0.208076 0.031361 0.005727 0.010363 0.037361 0.000000 0.600000 0.500000 2.400000 0.000000 0 0 0 0 0 3.800000 3.300000 8.000000 2.900000 0 0 0 0 0.000000 0.000000 0.600000 0.200000 0 0 0 0 1194 0 115 0 21 0 38 0 137 1196 6 14 8 179 8 105 0 0 1215 14 183 2 251 0 1 255 253 128 3 4 2 1 0 155 0 0 577 0 6 5 24 0 0 101 216 833 38 33 80 29 0 0 0 1 1218 0 0 6 2 0 0 0 0
1585331110.036176 3 0 1550 2227 2153 1.027290 0.208076 0.031361 0.005727 0.010363 0.037361 0.000000 0.600000 0.500000 2.400000 0.000000 0 0 0 0 0 3.800000 3.400000 7.900000 3.000000 0 0 0 0 0.000000 0.000000 0.600000 0.200000 0 0 0 0 1194 0 115 0 21 0 38 0 137 1196 6 14 8 179 8 105 0 0 1215 14 183 2 251 0 1 255 253 128 3 4 2 1 0 155 0 0 577 0 6 5 24 0 0 101 216 833 38 34 79 30 0 0 0 1 1218 0 0 6 2 0 0 0 0
1585331110.046161 3 0 1549 2226 2153 1.027290 0.206712 0.031361 0.005727 0.010363 0.037361 0.000000 0.600000 0.500000 2.400000 0.000000 0 0 0 0 0 3.900000 3.400000 7.800000 2.700000 0 0 0 0 0.000000 0.000000 0.700000 0.100000 0 0 0 0 1194 0 115 0 21 0 38 0 137 1196 6 13 8 178 8 105 0 0 1215 14 183 2 246 0 1 255 253 128 3 4 2 1 0 155 0 0 577 0 6 5 24 0 0 101 216 833 39 34 78 27 0 0 0 1 1218 0 0 7 1 0 0 0 0
1585331110.056229 3 0 1549 2226 2153 1.027290 0.208076 0.031361 0.005727 0.010363 0.037361 0.000000 0.600000 0.500000 2.400000 0.000000 0 0 0 0 0 3.900000 3.500000 7.800000 2.600000 0 0 0 0 0.000000 0.000000 0.700000 0.100000 0 0 0 0 1194 0 115 0 21 0 38 0 137 1196 6 13 8 178 8 105 0 0 1215 14 183 2 251 0 1 255 253 128 3 4 2 1 0 155 0 0 577 0 6 5 24 0 0 101 216 833 39 35 78 26 0 0 0 1 1218 0 0 7 1 0 0 0 0
1585331110.066160 3 0 1550 2226 2153 1.027290 0.208076 0.031361 0.005727 0.010363 0.036543 0.000000 0.600000 0.500000 2.400000 0.000000 0 0 0 0 0 3.900000 3.300000 7.800000 2.900000 0 0 0 0 0.000000 0.000000 0.700000 0.100000 0 0 0 0 1194 0 115 0 21 0 38 0 134 1196 6 14 8 178 8 105 0 0 1215 14 183 2 251 0 1 255 253 128 3 4 2 1 0 155 0 1 577 0 6 5 24 0 0 101 216 833 39 33 78 29 0 0 0 1 1218 0 0 7 1 0 0 0 0
1585331110.076199 3 0 1550 2226 2153 1.027290 0.208076 0.031361 0.006545 0.009545 0.037361 0.000000 0.600000 0.500000 2.400000 0.000000 0 0 0 0 0 4.000000 3.200000 8.000000 3.000000 0 0 0 0 0.000000 0.000000 0.600000 0.200000 0 0 0 0 1194 0 115 0 24 0 35 0 137 1196 6 14 8 178 8 105 0 0 1215 14 183 2 251 0 1 255 253 128 3 4 2 1 0 155 0 0 577 0 6 5 24 0 0 101 216 833 40 32 80 30 0 0 0 1 1218 0 0 6 2 0 0 0 0
1585331110.086185 3 0 1550 2226 2154 1.027290 0.208076 0.031361 0.004909 0.010363 0.036543 0.000000 0.600000 0.500000 2.400000 0.000000 0 0 0 0 0 4.000000 3.300000 7.900000 2.800000 0 0 0 0 0.000000 0.000000 0.700000 0.100000 0 0 0 0 1194 0 115 0 18 0 38 0 134 1196 6 14 8 178 8 106 0 0 1215 14 183 2 251 0 1 255 253 128 3 4 2 1 0 155 0 0 577 0 6 5 24 0 0 101 216 833 40 33 79 28 0 0 0 1 1218 0 0 7 1 0 0 0 0
1585331110.096220 3 0 1550 2226 2154 1.027290 0.208076 0.031361 0.004909 0.010363 0.037361 0.000000 0.600000 0.500000 2.400000 0.000000 0 0 0 0 0 4.000000 3.300000 8.000000 2.400000 0 0 0 0 0.000000 0.000000 0.600000 0.200000 0 0 0 0 1194 0 115 0 18 0 38 0 137 1196 6 14 8 178 8 106 0 0 1215 14 183 2 251 0 1 255 253 128 3 4 2 1 0 155 0 0 577 0 6 5 24 0 0 101 216 833 40 33 80 24 0 0 0 1 1218 0 0 6 2 0 0 0 0
1585331110.106181 3 0 1549 2227 2153 1.027290 0.208076 0.031361 0.004909 0.010363 0.036543 0.000000 0.600000 0.500000 2.400000 0.000000 0 0 0 0 0 4.000000 3.400000 8.000000 2.700000 0 0 0 0 0.000000 0.000000 0.700000 0.100000 0 0 0 0 1194 0 115 0 18 0 38 0 134 1196 6 13 8 179 8 105 0 0 1215 14 183 2 251 0 1 255 253 128 3 4 2 1 0 155 0 0 577 0 6 5 24 0 0 101 216 833 40 34 80 27 0 0 0 1 1218 0 0 7 1 0 0 0 0
1585331110.116183 3 0 1549 2227 2153 1.027290 0.208076 0.031361 0.004909 0.009545 0.036543 0.000000 0.600000 0.500000 2.400000 0.000000 0 0 0 0 0 4.000000 3.200000 7.700000 2.700000 0 0 0 0 0.000000 0.000000 0.600000 0.200000 0 0 0 0 1194 0 115 0 18 0 35 0 134 1196 6 13 8 179 8 105 0 0 1215 14 183 2 251 0 1 255 253 128 3 4 2 1 0 156 0 0 577 0 6 5 24 0 0 101 216 833 40 32 77 27 0 0 0 1 1218 0 0 6 2 0 0 0 0
1585331110.126215 3 0 1550 2227 2153 1.027290 0.208076 0.031361 0.004909 0.009545 0.037361 0.000000 0.600000 0.500000 2.400000 0.000000 0 0 0 0 0 4.100000 3.500000 7.800000 2.700000 0 0 0 0 0.000000 0.000000 0.700000 0.100000 0 0 0 0 1194 0 115 0 18 0 35 0 137 1196 6 14 8 179 8 105 0 0 1215 14 183 2 251 0 1 255 253 128 3 4 2 1 0 155 0 0 577 0 6 5 24 0 0 101 216 833 41 35 78 27 0 0 0 1 1218 0 0 7 1 0 0 0 0
1585331110.136212 3 0 1550 2227 2153 1.027290 0.221439 0.031361 0.004909 0.010363 0.036543 0.000000 0.600000 0.500000 2.400000 0.000000 0 0 0 0 0 3.900000 3.400000 7.900000 3.000000 0 0 0 0 0.000000 0.000000 0.700000 0.100000 0 0 0 0 1194 0 115 0 18 0 38 0 134 1196 6 14 8 179 8 105 0 0 1215 14 183 3 44 0 1 255 253 128 3 4 2 1 0 155 0 0 577 0 6 5 24 0 0 101 216 833 39 34 79 30 0 0 0 1 1218 0 0 7 1 0 0 0 0
1585331110.146240 3 0 1549 2227 2153 1.027290 0.208076 0.031361 0.004909 0.010363 0.036543 0.000000 0.600000 0.500000 2.400000 0.000000 0 0 0 0 0 3.900000 3.300000 8.000000 2.900000 0 0 0 0 0.000000 0.000000 0.700000 0.100000 0 0 0 0 1194 0 115 0 18 0 38 0 134 1196 6 13 8 179 8 105 0 0 1215 14 183 2 251 0 1 255 253 128 3 4 2 1 0 156 0 0 577 0 6 5 24 0 0 101 216 833 39 33 80 29 0 0 0 1 1218 0 0 7 1 0 0 0 0
1585331110.156250 3 0 1549 2227 2153 1.027290 0.208076 0.031361 0.004909 0.010363 0.037361 0.000000 0.600000 0.500000 2.400000 0.000000 0 0 0 0 0 3.900000 3.400000 8.000000 2.900000 0 0 0 0 0.000000 0.000000 0.700000 0.100000 0 0 0 0 1194 0 115 0 18 0 38 0 137 1196 6 13 8 179 8 105 0 0 1215 14 183 2 251 0 1 255 253 128 3 4 2 1 0 155 0 0 577 0 6 5 24 0 0 101 216 833 39 34 80 29 0 0 0 1 1218 0 0 7 1 0 0 0 0
1585331110.166199 3 0 1549 2226 2153 1.027290 0.208076 0.031361 0.005727 0.009545 0.037361 0.000000 0.600000 0.500000 2.400000 0.000000 0 0 0 0 0 3.800000 3.300000 7.700000 2.600000 0 0 0 0 0.000000 0.000000 0.700000 0.100000 0 0 0 0 1194 0 115 0 21 0 35 0 137 1196 6 13 8 178 8 105 0 0 1215 14 183 2 251 0 1 255 253 128 3 4 2 1 0 155 0 1 577 0 6 5 24 0 0 101 216 833 38 33 77 26 0 0 0 1 1218 0 0 7 1 0 0 0 0
1585331110.176254 3 0 1549 2226 2153 1.027290 0.208076 0.031361 0.004909 0.010363 0.037361 0.000000 0.600000 0.500000 2.400000 0.000000 0 0 0 0 0 3.800000 3.100000 7.600000 2.600000 0 0 0 0 0.000000 0.000000 0.700000 0.100000 0 0 0 0 1194 0 115 0 18 0 38 0 137 1196 6 13 8 178 8 105 0 0 1215 14 183 2 251 0 1 255 253 128 3 4 2 1 0 155 0 0 577 0 6 5 24 0 0 101 216 833 38 31 76 26 0 0 0 1 1218 0 0 7 1 0 0 0 0
1585331110.186250 3 0 1549 2227 2153 1.027290 0.208076 0.031361 0.005727 0.010363 0.036543 0.000000 0.600000 0.500000 2.400000 0.000000 0 0 0 0 0 4.000000 3.300000 7.800000 2.700000 0 0 0 0 0.000000 0.000000 0.700000 0.100000 0 0 0 0 1194 0 115 0 21 0 38 0 134 1196 6 13 8 179 8 105 0 0 1215 14 183 2 251 0 1 255 253 128 3 4 2 1 0 155 0 0 577 0 6 5 24 0 0 101 216 833 40 33 78 27 0 0 0 1 1218 0 0 7 1 0 0 0 0
1585331110.196229 3 0 1549 2227 2153 1.027290 0.208076 0.031361 0.005727 0.009545 0.036543 0.000000 0.600000 0.500000 2.400000 0.000000 0 0 0 0 0 4.000000 3.400000 7.900000 3.200000 0 0 0 0 0.000000 0.000000 0.600000 0.200000 0 0 0 0 1194 0 115 0 21 0 35 0 134 1196 6 13 8 179 8 105 0 0 1215 14 183 2 251 0 1 255 253 128 3 4 2 1 0 155 0 0 577 0 6 5 24 0 0 101 216 833 40 34 79 32 0 0 0 1 1218 0 0 6 2 0 0 0 0
1585331110.206208 3 0 1549 2226 2153 1.027290 0.208076 0.031361 0.004909 0.009545 0.037361 0.000000 0.600000 0.500000 2.400000 0.000000 0 0 0 0 0 3.800000 3.200000 7.900000 2.700000 0 0 0 0 0.000000 0.000000 0.700000 0.100000 0 0 0 0 1194 0 115 0 18 0 35 0 137 1196 6 13 8 178 8 105 0 0 1215 14 183 2 251 0 1 255 253 128 3 4 2 1 0 155 0 0 577 0 6 5 24 0 0 101 216 833 38 32 79 27 0 0 0 1 1218 0 0 7 1 0 0 0 0
1585331110.216229 3 0 1549 2226 2153 1.027290 0.208076 0.031361 0.005727 0.010363 0.036543 0.000000 0.600000 0.500000 2.400000 0.000000 0 0 0 0 0 3.800000 3.300000 7.800000 2.100000 0 0 0 0 0.000000 0.000000 0.700000 0.100000 0 0 0 0 1194 0 115 0 21 0 38 0 134 1196 6 13 8 178 8 105 0 0 1215 14 183 2 251 0 1 255 253 128 3 4 2 1 0 155 0 0 577 0 6 5 24 0 0 101 216 833 38 33 78 21 0 0 0 1 1218 0 0 7 1 0 0 0 0
1585331110.226244 3 0 1549 2227 2152 1.027290 0.208076 0.031361 0.004909 0.010363 0.036543 0.000000 0.600000 0.500000 2.400000 0.000000 0 0 0 0 0 4.000000 3.100000 7.900000 2.800000 0 0 0 0 0.000000 0.000000 0.600000 0.200000 0 0 0 0 1194 0 115 0 18 0 38 0 134 1196 6 13 8 179 8 104 0 0 1215 14 183 2 251 0 1 255 253 128 3 4 2 1 0 155 0 0 577 0 6 5 24 0 0 101 216 833 40 31 79 28 0 0 0 1 1218 0 0 6 2 0 0 0 0
1585331110.236214 3 0 1549 2227 2152 1.027290 0.206712 0.031361 0.004909 0.009545 0.037361 0.000000 0.600000 0.500000 2.400000 0.000000 0 0 0 0 0 3.900000 3.100000 7.800000 2.800000 0 0 0 0 0.000000 0.000000 0.600000 0.200000 0 0 0 0 1194 0 115 0 18 0 35 0 137 1196 6 13 8 179 8 104 0 0 1215 14 183 2 246 0 1 255 253 128 3 4 2 1 0 155 0 0 577 0 6 5 24 0 0 101 216 833 39 31 78 28 0 0 0 1 1218 0 0 6 2 0 0 0 0
1585331110.246242 3 0 1549 2227 2153 1.027290 0.206712 0.031361 0.004909 0.009545 0.036543 0.000000 0.600000 0.500000 2.400000 0.000000 0 0 0 0 0 4.000000 3.300000 7.700000 2.900000 0 0 0 0 0.000000 0.000000 0.600000 0.200000 0 0 0 0 1194 0 115 0 18 0 35 0 134 1196 6 13 8 179 8 105 0 0 1215 14 183 2 246 0 1 255 253 128 3 4 2 1 0 155 0 0 577 0 6 5 24 0 0 101 216 833 40 33 77 29 0 0 0 1 1218 0 0 6 2 0 0 0 0
1585331110.256274 3 0 1549 2227 2153 1.027290 0.206712 0.031361 0.004909 0.009545 0.037361 0.000000 0.600000 0.500000 2.400000 0.000000 0 0 0 0 0 4.000000 3.300000 7.700000 3.100000 0 0 0 0 0.000000 0.000000 0.700000 0.100000 0 0 0 0 1194 0 115 0 18 0 35 0 137 1196 6 13 8 179 8 105 0 0 1215 14 183 2 246 0 1 255 253 128 3 4 2 1 0 155 0 0 577 0 6 5 24 0 0 101 216 833 40 33 77 31 0 0 0 1 1218 0 0 7 1 0 0 0 0
1585331110.266229 3 0 1549 2226 2153 1.027290 0.208076 0.031361 0.004909 0.009545 0.036543 0.000000 0.600000 0.500000 2.400000 0.000000 0 0 0 0 0 4.000000 3.200000 7.700000 2.600000 0 0 0 0 0.000000 0.000000 0.700000 0.100000 0 0 0 0 1194 0 115 0 18 0 35 0 134 1196 6 13 8 178 8 105 0 0 1215 14 183 2 251 0 1 255 253 128 3 4 2 1 0 155 0 1 577 0 6 5 24 0 0 101 216 833 40 32 77 26 0 0 0 1 1218 0 0 7 1 0 0 0 0
1585331110.276313 3 0 1549 2226 2153 1.027290 0.208076 0.031361 0.004909 0.010363 0.036543 0.000000 0.600000 0.500000 2.400000 0.000000 0 0 0 0 0 3.800000 3.100000 7.900000 3.100000 0 0 0 0 0.000000 0.000000 0.700000 0.100000 0 0 0 0 1194 0 115 0 18 0 38 0 134 1196 6 13 8 178 8 105 0 0 1215 14 183 2 251 0 1 255 253 128 3 4 2 1 0 155 0 0 577 0 6 5 24 0 0 101 216 833 38 31 79 31 0 0 0 1 1218 0 0 7 1 0 0 0 0
1585331110.286296 3 0 1550 2227 2153 1.027290 0.208076 0.031361 0.004909 0.009545 0.037361 0.000000 0.600000 0.500000 2.400000 0.000000 0 0 0 0 0 3.900000 3.200000 7.900000 2.900000 0 0 0 0 0.000000 0.000000 0.600000 0.200000 0 0 0 0 1194 0 115 0 18 0 35 0 137 1196 6 14 8 179 8 105 0 0 1215 14 183 2 251 0 1 255 253 128 3 4 2 1 0 155 0 0 577 0 6 5 24 0 0 101 216 833 39 32 79 29 0 0 0 1 1218 0 0 6 2 0 0 0 0
1585331110.296233 3 0 1550 2227 2153 1.027290 0.208076 0.031361 0.005727 0.010363 0.037361 0.000000 0.600000 0.500000 2.400000 0.000000 0 0 0 0 0 4.000000 3.200000 7.600000 2.600000 0 0 0 0 0.000000 0.000000 0.600000 0.200000 0 0 0 0 1194 0 115 0 21 0 38 0 137 1196 6 14 8 179 8 105 0 0 1215 14 183 2 251 0 1 255 253 128 3 4 2 1 0 155 0 0 577 0 6 5 24 0 0 101 216 833 40 32 76 26 0 0 0 1 1218 0 0 6 2 0 0 0 0
1585331110.306293 3 0 1550 2227 2153 1.027290 0.208076 0.031361 0.005727 0.010363 0.037361 0.000000 0.600000 0.500000 2.400000 0.000000 0 0 0 0 0 3.800000 3.400000 7.700000 2.900000 0 0 0 0 0.000000 0.000000 0.600000 0.200000 0 0 0 0 1194 0 115 0 21 0 38 0 137 1196 6 14 8 179 8 105 0 0 1215 14 183 2 251 0 1 255 253 128 3 4 2 1 0 155 0 0 577 0 6 5 24 0 0 101 216 833 38 34 77 29 0 0 0 1 1218 0 0 6 2 0 0 0 0
1585331110.316228 3 0 1550 2227 2153 1.027290 0.208076 0.031361 0.004091 0.010363 0.037361 0.000000 0.600000 0.500000 2.400000 0.000000 0 0 0 0 0 3.800000 3.500000 8.000000 3.000000 0 0 0 0 0.000000 0.000000 0.700000 0.100000 0 0 0 0 1194 0 115 0 15 0 38 0 137 1196 6 14 8 179 8 105 0 0 1215 14 183 2 251 0 1 255 253 128 3 4 2 1 0 155 0 0 577 0 6 5 24 0 0 101 216 833 38 35 80 30 0 0 0 1 1218 0 0 7 1 0 0 0 0
1585331110.326236 3 0 1550 2227 2153 1.027290 0.210803 0.031361 0.004909 0.009545 0.037361 0.000000 0.600000 0.500000 2.400000 0.000000 0 0 0 0 0 3.900000 3.300000 7.800000 2.600000 0 0 0 0 0.000000 0.000000 0.600000 0.200000 0 0 0 0 1194 0 115 0 18 0 35 0 137 1196 6 14 8 179 8 105 0 0 1215 14 183 3 5 0 1 255 253 128 3 4 2 1 0 155 0 0 577 0 6 5 24 0 0 101 216 833 39 33 78 26 0 0 0 1 1218 0 0 6 2 0 0 0 0
1585331110.336264 3 0 1550 2227 2153 1.027290 0.208076 0.031361 0.004909 0.010363 0.037361 0.000000 0.600000 0.500000 2.400000 0.000000 0 0 0 0 0 3.900000 3.200000 7.700000 2.600000 0 0 0 0 0.000000 0.000000 0.700000 0.100000 0 0 0 0 1194 0 115 0 18 0 38 0 137 1196 6 14 8 179 8 105 0 0 1215 14 183 2 251 0 1 255 253 128 3 4 2 1 0 155 0 0 577 0 6 5 24 0 0 101 216 833 39 32 77 26 0 0 0 1 1218 0 0 7 1 0 0 0 0
1585331110.346314 3 0 1549 2227 2153 1.027290 0.208076 0.031361 0.004909 0.010363 0.037361 0.000000 0.600000 0.500000 2.400000 0.000000 0 0 0 0 0 4.000000 3.300000 7.800000 2.700000 0 0 0 0 0.000000 0.000000 0.700000 0.100000 0 0 0 0 1194 0 115 0 18 0 38 0 137 1196 6 13 8 179 8 105 0 0 1215 14 183 2 251 0 1 255 253 128 3 4 2 1 0 155 0 0 577 0 6 5 24 0 0 101 216 833 40 33 78 27 0 0 0 1 1218 0 0 7 1 0 0 0 0
1585331110.356281 3 0 1549 2227 2153 1.027290 0.208076 0.031361 0.005727 0.010363 0.036543 0.000000 0.600000 0.500000 2.400000 0.000000 0 0 0 0 0 4.000000 3.300000 7.900000 3.000000 0 0 0 0 0.000000 0.000000 0.700000 0.100000 0 0 0 0 1194 0 115 0 21 0 38 0 134 1196 6 13 8 179 8 105 0 0 1215 14 183 2 251 0 1 255 253 128 3 4 2 1 0 155 0 0 577 0 6 5 24 0 0 101 216 833 40 33 79 30 0 0 0 1 1218 0 0 7 1 0 0 0 0
1585331110.366330 3 0 1550 2227 2153 1.027290 0.208076 0.031361 0.004909 0.009545 0.037361 0.000000 0.600000 0.500000 2.400000 0.000000 0 0 0 0 0 4.000000 3.300000 7.600000 3.100000 0 0 0 0 0.000000 0.000000 0.700000 0.100000 0 0 0 0 1194 0 115 0 18 0 35 0 137 1196 6 14 8 179 8 105 0 0 1215 14 183 2 251 0 1 255 253 128 3 4 2 1 0 155 0 1 577 0 6 5 24 0 0 101 216 833 40 33 76 31 0 0 0 1 1218 0 0 7 1 0 0 0 0
1585331110.376309 3 0 1550 2227 2153 1.027290 0.208076 0.031361 0.005727 0.009545 0.037361 0.000000 0.600000 0.500000 2.400000 0.000000 0 0 0 0 0 4.000000 3.400000 7.800000 2.400000 0 0 0 0 0.000000 0.000000 0.700000 0.100000 0 0 0 0 1194 0 115 0 21 0 35 0 137 1196 6 14 8 179 8 105 0 0 1215 14 183 2 251 0 1 255 253 128 3 4 2 1 0 155 0 0 577 0 6 5 24 0 0 101 216 833 40 34 78 24 0 0 0 1 1218 0 0 7 1 0 0 0 0
1585331110.386296 3 0 1549 2227 2153 1.027290 0.208076 0.031361 0.004909 0.009545 0.036543 0.000000 0.600000 0.500000 2.400000 0.000000 0 0 0 0 0 3.900000 3.300000 8.000000 2.700000 0 0 0 0 0.000000 0.000000 0.700000 0.100000 0 0 0 0 1194 0 115 0 18 0 35 0 134 1196 6 13 8 179 8 105 0 0 1215 14 183 2 251 0 1 255 253 128 3 4 2 1 0 155 0 0 577 0 6 5 24 0 0 101 216 833 39 33 80 27 0 0 0 1 1218 0 0 7 1 0 0 0 0
1585331110.396303 3 0 1549 2227 2153 1.027290 0.208076 0.031361 0.005727 0.009545 0.036543 0.000000 0.600000 0.500000 2.400000 0.000000 0 0 0 0 0 4.000000 3.300000 8.000000 2.600000 0 0 0 0 0.000000 0.000000 0.700000 0.100000 0 0 0 0 1194 0 115 0 21 0 35 0 134 1196 6 13 8 179 8 105 0 0 1215 14 183 2 251 0 1 255 253 128 3 4 2 1 0 155 0 0 577 0 6 5 24 0 0 101 216 833 40 33 80 26 0 0 0 1 1218 0 0 7 1 0 0 0 0
1585331110.406278 3 0 1550 2227 2153 1.027290 0.208076 0.031361 0.004909 0.010363 0.036543 0.000000 0.600000 0.500000 2.400000 0.000000 0 0 0 0 0 4.100000 3.300000 8.000000 2.800000 0 0 0 0 0.000000 0.000000 0.700000 0.100000 0 0 0 0 1194 0 115 0 18 0 38 0 134 1196 6 14 8 179 8 105 0 0 1215 14 183 2 251 0 1 255 253 128 3 4 2 1 0 155 0 0 577 0 6 5 24 0 0 101 216 833 41 33 80 28 0 0 0 1 1218 0 0 7 1 0 0 0 0
1585331110.416292 3 0 1550 2227 2153 1.027290 0.208076 0.031361 0.004909 0.010363 0.036543 0.000000 0.600000 0.500000 2.400000 0.000000 0 0 0 0 0 4.000000 3.300000 7.900000 3.800000 0 0 0 0 0.000000 0.000000 0.700000 0.100000 0 0 0 0 1194 0 115 0 18 0 38 0 134 1196 6 14 8 179 8 105 0 0 1215 14 183 2 251 0 1 255 253 128 3 4 2 1 0 155 0 0 577 0 6 5 24 0 0 101 216 833 40 33 79 38 0 0 0 1 1218 0 0 7 1 0 0 0 0
1585331110.426320 3 0 1549 2227 2153 1.027290 0.208076 0.031361 0.004909 0.010363 0.036543 0.000000 0.600000 0.500000 2.400000 0.000000 0 0 0 0 0 3.700000 3.400000 7.800000 2.700000 0 0 0 0 0.000000 0.000000 0.700000 0.100000 0 0 0 0 1194 0 115 0 18 0 38 0 134 1196 6 13 8 179 8 105 0 0 1215 14 183 2 251 0 1 255 253 128 3 4 2 1 0 155 0 0 577 0 6 5 24 0 0 101 216 833 37 34 78 27 0 0 0 1 1218 0 0 7 1 0 0 0 0
1585331110.436351 3 0 1549 2227 2153 1.027290 0.208076 0.031361 0.005727 0.009545 0.036543 0.000000 0.600000 0.500000 2.400000 0.000000 0 0 0 0 0 3.800000 3.400000 7.700000 2.400000 0 0 0 0 0.000000 0.000000 0.700000 0.100000 0 0 0 0 1194 0 115 0 21 0 35 0 134 1196 6 13 8 179 8 105 0 0 1215 14 183 2 251 0 1 255 253 128 3 4 2 1 0 155 0 0 577 0 6 5 24 0 0 101 216 833 38 34 77 24 0 0 0 1 1218 0 0 7 1 0 0 0 0
1585331110.446327 3 0 1550 2227 2153 1.027290 0.208076 0.031361 0.004909 0.009545 0.036543 0.000000 0.600000 0.500000 2.400000 0.000000 0 0 0 0 0 3.800000 3.300000 7.800000 3.100000 0 0 0 0 0.000000 0.000000 0.700000 0.100000 0 0 0 0 1194 0 115 0 18 0 35 0 134 1196 6 14 8 179 8 105 0 0 1215 14 183 2 251 0 1 255 253 128 3 4 2 1 0 155 0 0 577 0 6 5 24 0 0 101 216 833 38 33 78 31 0 0 0 1 1218 0 0 7 1 0 0 0 0
1585331110.456279 3 0 1550 2227 2153 1.027290 0.208076 0.031361 0.004909 0.009545 0.037361 0.000000 0.600000 0.500000 2.400000 0.000000 0 0 0 0 0 3.700000 3.500000 7.900000 2.800000 0 0 0 0 0.000000 0.000000 0.700000 0.100000 0 0 0 0 1194 0 115 0 18 0 35 0 137 1196 6 14 8 179 8 105 0 0 1215 14 183 2 251 0 1 255 253 128 3 4 2 1 0 155 0 0 577 0 6 5 24 0 0 101 216 833 37 35 79 28 0 0 0 1 1218 0 0 7 1 0 0 0 0
1585331110.466356 3 0 1550 2227 2153 1.027290 0.208076 0.031361 0.004909 0.010363 0.036543 0.000000 0.600000 0.500000 2.400000 0.000000 0 0 0 0 0 3.700000 3.300000 8.000000 2.800000 0 0 0 0 0.000000 0.000000 0.700000 0.100000 0 0 0 0 1194 0 115 0 18 0 38 0 134 1196 6 14 8 179 8 105 0 0 1215 14 183 2 251 0 1 255 253 128 3 4 2 1 0 155 0 1 577 0 6 5 24 0 0 101 216 833 37 33 80 28 0 0 0 1 1218 0 0 7 1 0 0 0 0
1585331110.476341 3 0 1550 2227 2153 1.027290 0.208076 0.031361 0.005727 0.010363 0.037361 0.000000 0.600000 0.500000 2.400000 0.000000 0 0 0 0 0 3.800000 2.900000 7.900000 2.700000 0 0 0 0 0.000000 0.000000 0.700000 0.100000 0 0 0 0 1194 0 115 0 21 0 38 0 137 1196 6 14 8 179 8 105 0 0 1215 14 183 2 251 0 1 255 253 128 3 4 2 1 0 155 0 0 577 0 6 5 24 0 0 101 216 833 38 29 79 27 0 0 0 1 1218 0 0 7 1 0 0 0 0
1585331110.486372 3 0 1549 2226 2154 1.027290 0.208076 0.031361 0.004909 0.010363 0.037361 0.000000 0.600000 0.500000 2.400000 0.000000 0 0 0 0 0 3.900000 3.300000 7.800000 2.800000 0 0 0 0 0.000000 0.000000 0.700000 0.100000 0 0 0 0 1194 0 115 0 18 0 38 0 137 1196 6 13 8 178 8 106 0 0 1215 14 183 2 251 0 1 255 253 128 3 4 2 1 0 155 0 0 577 0 6 5 24 0 0 101 216 833 39 33 78 28 0 0 0 1 1218 0 0 7 1 0 0 0 0
1585331110.496318 3 0 1549 2226 2154 1.027290 0.208076 0.031361 0.004909 0.010363 0.036543 0.000000 0.600000 0.500000 2.400000 0.000000 0 0 0 0 0 3.900000 3.400000 7.700000 2.500000 0 0 0 0 0.000000 0.000000 0.700000 0.100000 0 0 0 0 1194 0 115 0 18 0 38 0 134 1196 6 13 8 178 8 106 0 0 1215 14 183 2 251 0 1 255 253 128 3 4 2 1 0 155 0 0 577 0 6 5 24 0 0 101 216 833 39 34 77 25 0 0 0 1 1218 0 0 7 1 0 0 0 0
1585331110.506311 3 0 1550 2227 2153 1.027290 0.208076 0.031361 0.004909 0.009545 0.036543 0.000000 0.600000 0.500000 2.400000 0.000000 0 0 0 0 0 3.900000 3.300000 7.700000 2.600000 0 0 0 0 0.000000 0.000000 0.700000 0.100000 0 0 0 0 1194 0 115 0 18 0 35 0 134 1196 6 14 8 179 8 105 0 0 1215 14 183 2 251 0 1 255 253 128 3 4 2 1 0 155 0 0 577 0 6 5 24 0 0 101 216 833 39 33 77 26 0 0 0 1 1218 0 0 7 1 0 0 0 0
1585331110.516346 3 0 1550 2227 2153 1.027290 0.209440 0.031361 0.005727 0.010363 0.037361 0.000000 0.600000 0.500000 2.400000 0.000000 0 0 0 0 0 3.900000 3.100000 7.900000 2.900000 0 0 0 0 0.000000 0.000000 0.600000 0.200000 0 0 0 0 1194 0 115 0 21 0 38 0 137 1196 6 14 8 179 8 105 0 0 1215 14 183 3 0 0 1 255 253 128 3 4 2 1 0 156 0 0 577 0 6 5 24 0 0 101 216 833 39 31 79 29 0 0 0 1 1218 0 0 6 2 0 0 0 0
1585331110.526338 3 0 1549 2226 2153 1.028653 0.209440 0.031361 0.004909 0.010363 0.036543 0.000000 0.600000 0.500000 2.400000 0.000000 0 0 0 0 0 4.000000 3.200000 7.700000 2.800000 0 0 0 0 0.000000 0.000000 0.700000 0.100000 0 0 0 0 1194 0 115 0 18 0 38 0 134 1196 6 13 8 178 8 105 0 0 1215 14 188 3 0 0 1 255 253 128 3 4 2 1 0 155 0 0 577 0 6 5 24 0 0 101 216 833 40 32 77 28 0 0 0 1 1218 0 0 7 1 0 0 0 0
1585331110.536427 3 0 1549 2226 2153 1.027290 0.208076 0.031361 0.004909 0.010363 0.037361 0.000000 0.600000 0.500000 2.400000 0.000000 0 0 0 0 0 3.900000 3.400000 7.800000 2.600000 0 0 0 0 0.000000 0.000000 0.700000 0.100000 0 0 0 0 1194 0 115 0 18 0 38 0 137 1196 6 13 8 178 8 105 0 0 1215 14 183 2 251 0 1 255 253 128 3 4 2 1 0 155 0 0 577 0 6 5 24 0 0 101 216 833 39 34 78 26 0 0 0 1 1218 0 0 7 1 0 0 0 0
1585331110.546353 3 0 1550 2227 2153 1.027290 0.208076 0.031361 0.005727 0.009545 0.036543 0.000000 0.600000 0.500000 2.400000 0.000000 0 0 0 0 0 3.800000 3.200000 7.900000 2.700000 0 0 0 0 0.000000 0.000000 0.600000 0.200000 0 0 0 0 1194 0 115 0 21 0 35 0 134 1196 6 14 8 179 8 105 0 0 1215 14 183 2 251 0 1 255 253 128 3 4 2 1 0 155 0 0 577 0 6 5 24 0 0 101 216 833 38 32 79 27 0 0 0 1 1218 0 0 6 2 0 0 0 0
1585331110.556324 3 0 1550 2227 2153 1.027290 0.208076 0.031361 0.004909 0.009545 0.036543 0.000000 0.600000 0.500000 2.400000 0.000000 0 0 0 0 0 3.800000 3.300000 7.700000 2.800000 0 0 0 0 0.000000 0.000000 0.600000 0.200000 0 0 0 0 1194 0 115 0 18 0 35 0 134 1196 6 14 8 179 8 105 0 0 1215 14 183 2 251 0 1 255 253 128 3 4 2 1 0 155 0 0 577 0 6 5 24 0 0 101 216 833 38 33 77 28 0 0 0 1 1218 0 0 6 2 0 0 0 0
1585331110.566312 3 0 1549 2227 2153 1.027290 0.208076 0.031361 0.005727 0.009545 0.036543 0.000000 0.600000 0.500000 2.400000 0.000000 0 0 0 0 0 3.900000 3.600000 7.800000 2.700000 0 0 0 0 0.000000 0.000000 0.700000 0.100000 0 0 0 0 1194 0 115 0 21 0 35 0 134 1196 6 13 8 179 8 105 0 0 1215 14 183 2 251 0 1 255 253 128 3 4 2 1 0 155 0 1 577 0 6 5 24 0 0 101 216 833 39 36 78 27 0 0 0 1 1218 0 0 7 1 0 0 0 0
1585331110.576332 3 0 1549 2227 2153 1.027290 0.208076 0.031361 0.005727 0.010363 0.036543 0.000000 0.600000 0.500000 2.400000 0.000000 0 0 0 0 0 3.900000 3.300000 8.000000 2.800000 0 0 0 0 0.000000 0.000000 0.700000 0.100000 0 0 0 0 1194 0 115 0 21 0 38 0 134 1196 6 13 8 179 8 105 0 0 1215 14 183 2 251 0 1 255 253 128 3 4 2 1 0 155 0 0 577 0 6 5 24 0 0 101 216 833 39 33 80 28 0 0 0 1 1218 0 0 7 1 0 0 0 0
1585331110.586439 3 0 1549 2227 2153 1.027290 0.208076 0.031361 0.004909 0.009545 0.037361 0.000000 0.600000 0.500000 2.400000 0.000000 0 0 0 0 0 4.000000 3.400000 8.100000 2.700000 0 0 0 0 0.000000 0.000000 0.600000 0.200000 0 0 0 0 1194 0 115 0 18 0 35 0 137 1196 6 13 8 179 8 105 0 0 1215 14 183 2 251 0 1 255 253 128 3 4 2 1 0 155 0 0 577 0 6 5 24 0 0 101 216 833 40 34 81 27 0 0 0 1 1218 0 0 6 2 0 0 0 0
1585331110.596409 3 0 1549 2227 2153 1.027290 0.208076 0.031361 0.005727 0.009545 0.037361 0.000000 0.600000 0.500000 2.400000 0.000000 0 0 0 0 0 4.000000 3.200000 8.100000 2.700000 0 0 0 0 0.000000 0.000000 0.700000 0.100000 0 0 0 0 1194 0 115 0 21 0 35 0 137 1196 6 13 8 179 8 105 0 0 1215 14 183 2 251 0 1 255 253 128 3 4 2 1 0 155 0 0 577 0 6 5 24 0 0 101 216 833 40 32 81 27 0 0 0 1 1218 0 0 7 1 0 0 0 0
1585331110.606395 3 0 1549 2227 2154 1.025926 0.206712 0.031361 0.005727 0.009545 0.036543 0.000000 0.600000 0.500000 2.400000 0.000000 0 0 0 0 0 4.000000 3.200000 8.100000 2.700000 0 0 0 0 0.000000 0.000000 0.700000 0.100000 0 0 0 0 1194 0 115 0 21 0 35 0 134 1196 6 13 8 179 8 106 0 0 1215 14 178 2 246 0 1 255 253 128 3 4 2 1 0 155 0 0 577 0 6 5 24 0 0 101 216 833 40 32 81 27 0 0 0 1 1218 0 0 7 1 0 0 0 0
1585331110.616407 3 0 1549 2227 2154 1.027290 0.206712 0.031361 0.004909 0.010363 0.037361 0.000000 0.600000 0.500000 2.400000 0.000000 0 0 0 0 0 4.100000 3.300000 7.800000 2.900000 0 0 0 0 0.000000 0.000000 0.700000 0.100000 0 0 0 0 1194 0 115 0 18 0 38 0 137 1196 6 13 8 179 8 106 0 0 1215 14 183 2 246 0 1 255 253 128 3 4 2 1 0 155 0 0 577 0 6 5 24 0 0 101 216 833 41 33 78 29 0 0 0 1 1218 0 0 7 1 0 0 0 0
1585331110.626386 3 0 1549 2227 2153 1.027290 0.208076 0.031361 0.004909 0.010363 0.037361 0.000000 0.600000 0.500000 2.400000 0.000000 0 0 0 0 0 3.900000 3.200000 8.000000 3.000000 0 0 0 0 0.000000 0.000000 0.700000 0.100000 0 0 0 0 1194 0 115 0 18 0 38 0 137 1196 6 13 8 179 8 105 0 0 1215 14 183 2 251 0 1 255 253 128 3 4 2 1 0 155 0 0 577 0 6 5 24 0 0 101 216 833 39 32 80 30 0 0 0 1 1218 0 0 7 1 0 0 0 0
1585331110.636432 3 0 1549 2227 2153 1.025926 0.206712 0.031361 0.005727 0.009545 0.036543 0.000000 0.600000 0.500000 2.400000 0.000000 0 0 0 0 0 3.900000 3.400000 7.900000 2.900000 0 0 0 0 0.000000 0.000000 0.700000 0.100000 0 0 0 0 1194 0 115 0 21 0 35 0 134 1196 6 13 8 179 8 105 0 0 1215 14 178 2 246 0 1 255 253 128 3 4 2 1 0 155 0 0 577 0 6 5 24 0 0 101 216 833 39 34 79 29 0 0 0 1 1218 0 0 7 1 0 0 0 0
1585331110.646383 3 0 1549 2227 2153 1.027290 0.208076 0.031361 0.004909 0.010363 0.037361 0.000000 0.600000 0.500000 2.400000 0.000000 0 0 0 0 0 4.200000 3.300000 7.500000 2.800000 0 0 0 0 0.000000 0.000000 0.600000 0.200000 0 0 0 0 1194 0 115 0 18 0 38 0 137 1196 6 13 8 179 8 105 0 0 1215 14 183 2 251 0 1 255 253 128 3 4 2 1 0 155 0 0 577 0 6 5 24 0 0 101 216 833 42 33 75 28 0 0 0 1 1218 0 0 6 2 0 0 0 0
1585331110.656363 3 0 1549 2227 2153 1.027290 0.208076 0.031361 0.004909 0.010363 0.037361 0.000000 0.600000 0.500000 2.400000 0.000000 0 0 0 0 0 4.000000 3.400000 7.800000 2.700000 0 0 0 0 0.000000 0.000000 0.700000 0.100000 0 0 0 0 1194 0 115 0 18 0 38 0 137 1196 6 13 8 179 8 105 0 0 1215 14 183 2 251 0 1 255 253 128 3 4 2 1 0 155 0 0 577 0 6 5 24 0 0 101 216 833 40 34 78 27 0 0 0 1 1218 0 0 7 1 0 0 0 0
1585331110.666424 3 0 1549 2227 2153 1.025926 0.206712 0.031361 0.004909 0.010363 0.036543 0.000000 0.600000 0.500000 2.400000 0.000000 0 0 0 0 0 3.800000 3.300000 7.900000 2.700000 0 0 0 0 0.000000 0.000000 0.700000 0.100000 0 0 0 0 1194 0 115 0 18 0 38 0 134 1196 6 13 8 179 8 105 0 0 1215 14 178 2 246 0 1 255 253 128 3 4 2 1 0 155 0 1 577 0 6 5 24 0 0 101 216 833 38 33 79 27 0 0 0 1 1218 0 0 7 1 0 0 0 0
1585331110.676405 3 0 1549 2227 2153 1.027290 0.208076 0.031361 0.005727 0.010363 0.037361 0.000000 0.600000 0.500000 2.400000 0.000000 0 0 0 0 0 3.900000 3.100000 7.800000 2.500000 0 0 0 0 0.000000 0.000000 0.700000 0.100000 0 0 0 0 1194 0 115 0 21 0 38 0 137 1196 6 13 8 179 8 105 0 0 1215 14 183 2 251 0 1 255 253 128 3 4 2 1 0 155 0 0 577 0 6 5 24 0 0 101 216 833 39 31 78 25 0 0 0 1 1218 0 0 7 1 0 0 0 0
1585331110.686380 3 0 1549 2227 2153 1.027290 0.208076 0.031361 0.005727 0.009545 0.037906 0.000000 0.600000 0.500000 2.400000 0.000000 0 0 0 0 0 4.000000 3.200000 7.800000 2.700000 0 0 0 0 0.000000 0.000000 0.600000 0.200000 0 0 0 0 1194 0 115 0 21 0 35 0 139 1196 6 13 8 179 8 105 0 0 1215 14 183 2 251 0 1 255 253 128 3 4 2 1 0 155 0 0 577 0 6 5 24 0 0 101 216 833 40 32 78 27 0 0 0 1 1218 0 0 6 2 0 0 0 0
1585331110.696423 3 0 1549 2227 2153 1.027290 0.208076 0.031361 0.004909 0.010363 0.037361 0.000000 0.600000 0.500000 2.400000 0.000000 0 0 0 0 0 4.100000 3.200000 8.000000 2.700000 0 0 0 0 0.000000 0.000000 0.700000 0.100000 0 0 0 0 1194 0 115 0 18 0 38 0 137 1196 6 13 8 179 8 105 0 0 1215 14 183 2 251 0 1 255 253 128 3 4 2 1 0 155 0 0 577 0 6 5 24 0 0 101 216 833 41 32 80 27 0 0 0 1 1218 0 0 7 1 0 0 0 0
1585331110.706391 3 0 1550 2227 2153 1.027290 0.208076 0.031361 0.004909 0.009545 0.036543 0.000000 0.600000 0.500000 2.400000 0.000000 0 0 0 0 0 4.000000 3.700000 8.000000 2.700000 0 0 0 0 0.000000 0.000000 0.600000 0.200000 0 0 0 0 1194 0 115 0 18 0 35 0 134 1196 6 14 8 179 8 105 0 0 1215 14 183 2 251 0 1 255 253 128 3 4 2 1 0 155 0 0 577 0 6 5 24 0 0 101 216 833 40 37 80 27 0 0 0 1 1218 0 0 6 2 0 0 0 0
1585331110.716430 3 0 1550 2227 2153 1.027290 0.208076 0.031361 0.005727 0.010363 0.036543 0.000000 0.600000 0.500000 2.400000 0.000000 0 0 0 0 0 4.000000 3.200000 7.900000 3.000000 0 0 0 0 0.000000 0.000000 0.700000 0.100000 0 0 0 0 1194 0 115 0 21 0 38 0 134 1196 6 14 8 179 8 105 0 0 1215 14 183 2 251 0 1 255 253 128 3 4 2 1 0 155 0 0 577 0 6 5 24 0 0 101 216 833 40 32 79 30 0 0 0 1 1218 0 0 7 1 0 0 0 0
1585331110.726400 3 0 1549 2227 2153 1.027290 0.208076 0.031361 0.005727 0.010363 0.036543 0.000000 0.600000 0.500000 2.400000 0.000000 0 0 0 0 0 4.100000 3.400000 7.900000 2.800000 0 0 0 0 0.000000 0.000000 0.700000 0.100000 0 0 0 0 1194 0 115 0 21 0 38 0 134 1196 6 13 8 179 8 105 0 0 1215 14 183 2 251 0 1 255 253 128 3 4 2 1 0 155 0 0 577 0 6 5 24 0 0 101 216 833 41 34 79 28 0 0 0 1 1218 0 0 7 1 0 0 0 0
1585331110.736434 3 0 1549 2227 2153 1.027290 0.208076 0.031361 0.004909 0.010363 0.037361 0.000000 0.600000 0.500000 2.400000 0.000000 0 0 0 0 0 4.100000 3.600000 7.900000 2.800000 0 0 0 0 0.000000 0.000000 0.700000 0.100000 0 0 0 0 1194 0 115 0 18 0 38 0 137 1196 6 13 8 179 8 105 0 0 1215 14 183 2 251 0 1 255 253 128 3 4 2 1 0 155 0 0 577 0 6 5 24 0 0 101 216 833 41 36 79 28 0 0 0 1 1218 0 0 7 1 0 0 0 0
1585331110.745622 3 0 1549 2227 2153 1.027290 0.208076 0.031361 0.006545 0.009545 0.036543 0.000000 0.600000 0.500000 2.400000 0.000000 0 0 0 0 0 4.000000 3.200000 7.700000 2.800000 0 0 0 0 0.000000 0.000000 0.700000 0.100000 0 0 0 0 1194 0 115 0 24 0 35 0 134 1196 6 13 8 179 8 105 0 0 1215 14 183 2 251 0 1 255 253 128 3 4 2 1 0 155 0 0 577 0 6 5 24 0 0 101 216 833 40 32 77 28 0 0 0 1 1218 0 0 7 1 0 0 0 0
1585331110.756396 3 0 1549 2227 2153 1.027290 0.208076 0.031361 0.004909 0.010363 0.036543 0.000000 0.600000 0.500000 2.400000 0.000000 0 0 0 0 0 4.000000 3.400000 7.700000 2.600000 0 0 0 0 0.000000 0.000000 0.700000 0.100000 0 0 0 0 1194 0 115 0 18 0 38 0 134 1196 6 13 8 179 8 105 0 0 1215 14 183 2 251 0 1 255 253 128 3 4 2 1 0 155 0 0 577 0 6 5 24 0 0 101 216 833 40 34 77 26 0 0 0 1 1218 0 0 7 1 0 0 0 0
1585331110.766418 3 0 1550 2226 2153 1.027290 0.208076 0.031361 0.004909 0.010363 0.036543 0.000000 0.600000 0.500000 2.400000 0.000000 0 0 0 0 0 4.200000 3.500000 7.800000 2.500000 0 0 0 0 0.000000 0.000000 0.700000 0.100000 0 0 0 0 1194 0 115 0 18 0 38 0 134 1196 6 14 8 178 8 105 0 0 1215 14 183 2 251 0 1 255 253 128 3 4 2 1 0 155 0 1 577 0 6 5 24 0 0 101 216 833 42 35 78 25 0 0 0 1 1218 0 0 7 1 0 0 0 0
1585331110.776398 3 0 1550 2226 2153 1.027290 0.208076 0.031361 0.005727 0.009545 0.037361 0.000000 0.600000 0.500000 2.400000 0.000000 0 0 0 0 0 4.000000 3.700000 7.900000 2.700000 0 0 0 0 0.000000 0.000000 0.700000 0.100000 0 0 0 0 1194 0 115 0 21 0 35 0 137 1196 6 14 8 178 8 105 0 0 1215 14 183 2 251 0 1 255 253 128 3 4 2 1 0 155 0 0 577 0 6 5 24 0 0 101 216 833 40 37 79 27 0 0 0 1 1218 0 0 7 1 0 0 0 0
1585331110.786454 3 0 1549 2226 2154 1.028653 0.208076 0.031361 0.004909 0.009545 0.036543 0.000000 0.600000 0.500000 2.400000 0.000000 0 0 0 0 0 4.000000 3.000000 8.100000 3.000000 0 0 0 0 0.000000 0.000000 0.700000 0.100000 0 0 0 0 1194 0 115 0 18 0 35 0 134 1196 6 13 8 178 8 106 0 0 1215 14 188 2 251 0 1 255 253 128 3 4 2 1 0 155 0 0 577 0 6 5 24 0 0 101 216 833 40 30 81 30 0 0 0 1 1218 0 0 7 1 0 0 0 0
1585331110.796467 3 0 1549 2226 2154 1.027290 0.208076 0.031361 0.005727 0.009545 0.037361 0.000000 0.600000 0.500000 2.400000 0.000000 0 0 0 0 0 4.300000 2.900000 8.000000 2.800000 0 0 0 0 0.000000 0.000000 0.600000 0.200000 0 0 0 0 1194 0 115 0 21 0 35 0 137 1196 6 13 8 178 8 106 0 0 1215 14 183 2 251 0 1 255 253 128 3 4 2 1 0 156 0 0 577 0 6 5 24 0 0 101 216 833 43 29 80 28 0 0 0 1 1218 0 0 6 2 0 0 0 0
1585331110.806425 3 0 1549 2226 2153 1.027290 0.208076 0.031361 0.005727 0.009545 0.037361 0.000000 0.600000 0.500000 2.400000 0.000000 0 0 0 0 0 4.100000 3.300000 7.700000 2.700000 0 0 0 0 0.000000 0.000000 0.600000 0.200000 0 0 0 0 1194 0 115 0 21 0 35 0 137 1196 6 13 8 178 8 105 0 0 1215 14 183 2 251 0 1 255 253 128 3 4 2 1 0 155 0 0 577 0 6 5 24 0 0 101 216 833 41 33 77 27 0 0 0 1 1218 0 0 6 2 0 0 0 0
1585331110.816478 3 0 1549 2226 2153 1.027290 0.208076 0.031361 0.004909 0.010363 0.036543 0.000000 0.600000 0.500000 2.400000 0.000000 0 0 0 0 0 4.100000 3.400000 8.000000 2.700000 0 0 0 0 0.000000 0.000000 0.600000 0.200000 0 0 0 0 1194 0 115 0 18 0 38 0 134 1196 6 13 8 178 8 105 0 0 1215 14 183 2 251 0 1 255 253 128 3 4 2 1 0 155 0 0 577 0 6 5 24 0 0 101 216 833 41 34 80 27 0 0 0 1 1218 0 0 6 2 0 0 0 0
1585331110.826505 3 0 1549 2227 2152 1.027290 0.208076 0.031361 0.005727 0.010363 0.036543 0.000000 0.600000 0.500000 2.400000 0.000000 0 0 0 0 0 4.100000 2.900000 8.100000 2.600000 0 0 0 0 0.000000 0.000000 0.600000 0.200000 0 0 0 0 1194 0 115 0 21 0 38 0 134 1196 6 13 8 179 8 104 0 0 1215 14 183 2 251 0 1 255 253 128 3 4 2 1 0 155 0 0 577 0 6 5 24 0 0 101 216 833 41 29 81 26 0 0 0 1 1218 0 0 6 2 0 0 0 0
1585331110.836435 3 0 1549 2227 2152 1.027290 0.206712 0.031361 0.005727 0.009545 0.037361 0.000000 0.600000 0.500000 2.400000 0.000000 0 0 0 0 0 3.800000 2.900000 8.000000 2.700000 0 0 0 0 0.000000 0.000000 0.600000 0.200000 0 0 0 0 1194 0 115 0 21 0 35 0 137 1196 6 13 8 179 8 104 0 0 1215 14 183 2 246 0 1 255 253 128 3 4 2 1 0 155 0 0 577 0 6 5 24 0 0 101 216 833 38 29 80 27 0 0 0 1 1218 0 0 6 2 0 0 0 0
1585331110.846483 3 0 1549 2227 2152 1.027290 0.208076 0.031361 0.004909 0.010363 0.036543 0.000000 0.600000 0.500000 2.400000 0.000000 0 0 0 0 0 4.000000 3.400000 8.100000 2.600000 0 0 0 0 0.000000 0.000000 0.700000 0.100000 0 0 0 0 1194 0 115 0 18 0 38 0 134 1196 6 13 8 179 8 104 0 0 1215 14 183 2 251 0 1 255 253 128 3 4 2 1 0 155 0 0 577 0 6 5 24 0 0 101 216 833 40 34 81 26 0 0 0 1 1218 0 0 7 1 0 0 0 0
1585331110.856496 3 0 1549 2227 2152 1.027290 0.208076 0.031361 0.004091 0.009545 0.036543 0.000000 0.600000 0.500000 2.400000 0.000000 0 0 0 0 0 3.900000 3.400000 7.800000 2.900000 0 0 0 0 0.000000 0.000000 0.700000 0.100000 0 0 0 0 1194 0 115 0 15 0 35 0 134 1196 6 13 8 179 8 104 0 0 1215 14 183 2 251 0 1 255 253 128 3 4 2 1 0 156 0 0 577 0 6 5 24 0 0 101 216 833 39 34 78 29 0 0 0 1 1218 0 0 7 1 0 0 0 0
1585331110.866450 3 0 1549 2227 2153 1.027290 0.208076 0.031361 0.005727 0.010363 0.036543 0.000000 0.600000 0.500000 2.400000 0.000000 0 0 0 0 0 4.000000 3.400000 7.900000 2.800000 0 0 0 0 0.000000 0.000000 0.600000 0.200000 0 0 0 0 1194 0 115 0 21 0 38 0 134 1196 6 13 8 179 8 105 0 0 1215 14 183 2 251 0 1 255 253 128 3 4 2 1 0 155 0 1 577 0 6 5 24 0 0 101 216 833 40 34 79 28 0 0 0 1 1218 0 0 6 2 0 0 0 0
1585331110.876472 3 0 1549 2227 2153 1.027290 0.208076 0.031361 0.004909 0.010363 0.036543 0.000000 0.600000 0.500000 2.400000 0.000000 0 0 0 0 0 4.100000 3.300000 7.900000 2.700000 0 0 0 0 0.000000 0.000000 0.700000 0.100000 0 0 0 0 1194 0 115 0 18 0 38 0 134 1196 6 13 8 179 8 105 0 0 1215 14 183 2 251 0 1 255 253 128 3 4 2 1 0 156 0 0 577 0 6 5 24 0 0 101 216 833 41 33 79 27 0 0 0 1 1218 0 0 7 1 0 0 0 0
1585331110.886500 3 0 1550 2226 2153 1.027290 0.208076 0.031361 0.005727 0.010363 0.037361 0.000000 0.600000 0.500000 2.400000 0.000000 0 0 0 0 0 3.700000 3.300000 7.800000 2.800000 0 0 0 0 0.000000 0.000000 0.700000 0.100000 0 0 0 0 1194 0 115 0 21 0 38 0 137 1196 6 14 8 178 8 105 0 0 1215 14 183 2 251 0 1 255 253 128 3 4 2 1 0 155 0 0 577 0 6 5 24 0 0 101 216 833 37 33 78 28 0 0 0 1 1218 0 0 7 1 0 0 0 0
1585331110.896447 3 0 1550 2226 2153 1.027290 0.208076 0.031361 0.004909 0.010363 0.036543 0.000000 0.600000 0.500000 2.400000 0.000000 0 0 0 0 0 3.900000 3.400000 7.900000 2.800000 0 0 0 0 0.000000 0.000000 0.700000 0.100000 0 0 0 0 1194 0 115 0 18 0 38 0 134 1196 6 14 8 178 8 105 0 0 1215 14 183 2 251 0 1 255 253 128 3 4 2 1 0 155 0 0 577 0 6 5 24 0 0 101 216 833 39 34 79 28 0 0 0 1 1218 0 0 7 1 0 0 0 0
1585331110.906492 3 0 1549 2227 2153 1.027290 0.208076 0.031361 0.004909 0.010363 0.036543 0.000000 0.600000 0.500000 2.400000 0.000000 0 0 0 0 0 4.000000 3.200000 7.800000 2.700000 0 0 0 0 0.000000 0.000000 0.600000 0.200000 0 0 0 0 1194 0 115 0 18 0 38 0 134 1196 6 13 8 179 8 105 0 0 1215 14 183 2 251 0 1 255 253 128 3 4 2 1 0 155 0 0 577 0 6 5 24 0 0 101 216 833 40 32 78 27 0 0 0 1 1218 0 0 6 2 0 0 0 0
1585331110.916606 3 0 1549 2227 2153 1.027290 0.208076 0.031361 0.005727 0.009545 0.037361 0.000000 0.600000 0.500000 2.400000 0.000000 0 0 0 0 0 4.300000 3.200000 7.700000 2.800000 0 0 0 0 0.000000 0.000000 0.600000 0.200000 0 0 0 0 1194 0 115 0 21 0 35 0 137 1196 6 13 8 179 8 105 0 0 1215 14 183 2 251 0 1 255 253 128 3 4 2 1 0 155 0 0 577 0 6 5 24 0 0 101 216 833 43 32 77 28 0 0 0 1 1218 0 0 6 2 0 0 0 0
1585331110.926514 3 0 1549 2226 2153 1.027290 0.208076 0.031361 0.005727 0.010363 0.036543 0.000000 0.600000 0.500000 2.400000 0.000000 0 0 0 0 0 4.100000 3.200000 7.900000 2.800000 0 0 0 0 0.000000 0.000000 0.700000 0.100000 0 0 0 0 1194 0 115 0 21 0 38 0 134 1196 6 13 8 178 8 105 0 0 1215 14 183 2 251 0 1 255 253 128 3 4 2 1 0 155 0 0 577 0 6 5 24 0 0 101 216 833 41 32 79 28 0 0 0 1 1218 0 0 7 1 0 0 0 0
1585331110.936579 3 0 1549 2226 2153 1.027290 0.209440 0.031361 0.005727 0.010363 0.037361 0.000000 0.600000 0.500000 2.400000 0.000000 0 0 0 0 0 3.600000 3.300000 7.900000 2.700000 0 0 0 0 0.000000 0.000000 0.700000 0.100000 0 0 0 0 1194 0 115 0 21 0 38 0 137 1196 6 13 8 178 8 105 0 0 1215 14 183 3 0 0 1 255 253 128 3 4 2 1 0 155 0 0 577 0 6 5 24 0 0 101 216 833 36 33 79 27 0 0 0 1 1218 0 0 7 1 0 0 0 0
1585331110.946527 3 0 1549 2226 2153 1.027290 0.208076 0.031361 0.005727 0.009545 0.036543 0.000000 0.600000 0.500000 2.400000 0.000000 0 0 0 0 0 3.900000 3.300000 7.900000 2.800000 0 0 0 0 0.000000 0.000000 0.600000 0.200000 0 0 0 0 1194 0 115 0 21 0 35 0 134 1196 6 13 8 178 8 105 0 0 1215 14 183 2 251 0 1 255 253 128 3 4 2 1 0 155 0 0 577 0 6 5 24 0 0 101 216 833 39 33 79 28 0 0 0 1 1218 0 0 6 2 0 0 0 0
1585331110.956511 3 0 1549 2226 2153 1.027290 0.208076 0.031361 0.005727 0.009545 0.036543 0.000000 0.600000 0.500000 2.400000 0.000000 0 0 0 0 0 3.900000 3.100000 8.000000 2.700000 0 0 0 0 0.000000 0.000000 0.600000 0.200000 0 0 0 0 1194 0 115 0 21 0 35 0 134 1196 6 13 8 178 8 105 0 0 1215 14 183 2 251 0 1 255 253 128 3 4 2 1 0 155 0 0 577 0 6 5 24 0 0 101 216 833 39 31 80 27 0 0 0 1 1218 0 0 6 2 0 0 0 0
1585331110.966456 3 0 1549 2226 2153 1.027290 0.208076 0.031361 0.004909 0.010363 0.036543 0.000000 0.600000 0.500000 2.400000 0.000000 0 0 0 0 0 3.900000 3.200000 8.000000 2.700000 0 0 0 0 0.000000 0.000000 0.700000 0.100000 0 0 0 0 1194 0 115 0 18 0 38 0 134 1196 6 13 8 178 8 105 0 0 1215 14 183 2 251 0 1 255 253 128 3 4 2 1 0 155 0 1 577 0 6 5 24 0 0 101 216 833 39 32 80 27 0 0 0 1 1218 0 0 7 1 0 0 0 0
1585331110.976497 3 0 1549 2226 2153 1.027290 0.208076 0.031361 0.004909 0.010363 0.036543 0.000000 0.600000 0.500000 2.400000 0.000000 0 0 0 0 0 3.900000 3.300000 7.800000 2.700000 0 0 0 0 0.000000 0.000000 0.600000 0.200000 0 0 0 0 1194 0 115 0 18 0 38 0 134 1196 6 13 8 178 8 105 0 0 1215 14 183 2 251 0 1 255 253 128 3 4 2 1 0 155 0 0 577 0 6 5 24 0 0 101 216 833 39 33 78 27 0 0 0 1 1218 0 0 6 2 0 0 0 0
1585331110.986492 3 0 1549 2226 2153 1.027290 0.208076 0.031361 0.006545 0.009545 0.037361 0.000000 0.600000 0.500000 2.400000 0.000000 0 0 0 0 0 3.800000 3.400000 7.700000 2.700000 0 0 0 0 0.000000 0.000000 0.700000 0.100000 0 0 0 0 1194 0 115 0 24 0 35 0 137 1196 6 13 8 178 8 105 0 0 1215 14 183 2 251 0 1 255 253 128 3 4 2 1 0 155 0 0 577 0 6 5 24 0 0 101 216 833 38 34 77 27 0 0 0 1 1218 0 0 7 1 0 0 0 0
1585331110.996519 3 0 1549 2226 2153 1.027290 0.208076 0.031361 0.005727 0.010363 0.036543 0.000000 0.600000 0.500000 2.400000 0.000000 0 0 0 0 0 3.800000 3.400000 7.800000 2.600000 0 0 0 0 0.000000 0.000000 0.600000 0.200000 0 0 0 0 1194 0 115 0 21 0 38 0 134 1196 6 13 8 178 8 105 0 0 1215 14 183 2 251 0 1 255 253 128 3 4 2 1 0 155 0 0 577 0 6 5 24 0 0 101 216 833 38 34 78 26 0 0 0 1 1218 0 0 6 2 0 0 0 0
1585331111.006546 3 0 1550 2228 2153 1.027290 0.208076 0.031361 0.004909 0.010363 0.036543 0.000000 0.600000 0.500000 2.400000 0.000000 0 0 0 0 0 3.900000 3.400000 7.800000 2.700000 0 0 0 0 0.000000 0.000000 0.600000 0.200000 0 0 0 0 1194 0 115 0 18 0 38 0 134 1196 6 14 8 180 8 105 0 0 1215 14 183 2 251 0 1 255 253 128 3 4 2 1 0 155 0 0 577 0 6 5 24 0 0 101 216 833 39 34 78 27 0 0 0 1 1218 0 0 6 2 0 0 0 0
1585331111.016615 3 0 1550 2228 2153 1.027290 0.208076 0.031361 0.004909 0.009545 0.036543 0.000000 0.600000 0.500000 2.400000 0.000000 0 0 0 0 0 3.900000 3.300000 7.800000 3.000000 0 0 0 0 0.000000 0.000000 0.600000 0.200000 0 0 0 0 1194 0 115 0 18 0 35 0 134 1196 6 14 8 180 8 105 0 0 1215 14 183 2 251 0 1 255 253 128 3 4 2 1 0 155 0 0 577 0 6 5 24 0 0 101 216 833 39 33 78 30 0 0 0 1 1218 0 0 6 2 0 0 0 0
1585331111.026553 3 0 1549 2227 2153 1.027290 0.208076 0.031361 0.004909 0.009545 0.036543 0.000000 0.600000 0.500000 2.400000 0.000000 0 0 0 0 0 4.100000 3.200000 7.800000 2.900000 0 0 0 0 0.000000 0.000000 0.700000 0.100000 0 0 0 0 1194 0 115 0 18 0 35 0 134 1196 6 13 8 179 8 105 0 0 1215 14 183 2 251 0 1 255 253 128 3 4 2 1 0 155 0 0 577 0 6 5 24 0 0 101 216 833 41 32 78 29 0 0 0 1 1218 0 0 7 1 0 0 0 0
1585331111.036503 3 0 1549 2227 2153 1.027290 0.208076 0.031361 0.004909 0.010363 0.037361 0.000000 0.600000 0.500000 2.400000 0.000000 0 0 0 0 0 4.100000 3.300000 7.800000 2.700000 0 0 0 0 0.000000 0.000000 0.700000 0.100000 0 0 0 0 1194 0 115 0 18 0 38 0 137 1196 6 13 8 179 8 105 0 0 1215 14 183 2 251 0 1 255 253 128 3 4 2 1 0 155 0 0 577 0 6 5 24 0 0 101 216 833 41 33 78 27 0 0 0 1 1218 0 0 7 1 0 0 0 0
1585331111.046553 3 0 1551 2227 2153 1.027290 0.208076 0.031361 0.004909 0.009545 0.037361 0.000000 0.600000 0.500000 2.400000 0.000000 0 0 0 0 0 3.900000 3.400000 7.900000 2.800000 0 0 0 0 0.000000 0.000000 0.700000 0.100000 0 0 0 0 1194 0 115 0 18 0 35 0 137 1196 6 15 8 179 8 105 0 0 1215 14 183 2 251 0 1 255 253 128 3 4 2 1 0 155 0 0 577 0 6 5 24 0 0 101 216 833 39 34 79 28 0 0 0 1 1218 0 0 7 1 0 0 0 0
1585331111.056532 3 0 1551 2227 2153 1.027290 0.209440 0.031361 0.005727 0.010363 0.037361 0.000000 0.600000 0.500000 2.400000 0.000000 0 0 0 0 0 4.000000 3.300000 8.000000 2.800000 0 0 0 0 0.000000 0.000000 0.700000 0.100000 0 0 0 0 1194 0 115 0 21 0 38 0 137 1196 6 15 8 179 8 105 0 0 1215 14 183 3 0 0 1 255 253 128 3 4 2 1 0 155 0 0 577 0 6 5 24 0 0 101 216 833 40 33 80 28 0 0 0 1 1218 0 0 7 1 0 0 0 0
1585331111.066478 3 0 1549 2227 2153 1.028653 0.209440 0.031361 0.004909 0.010363 0.036543 0.000000 0.600000 0.500000 2.400000 0.000000 0 0 0 0 0 3.900000 3.400000 8.100000 2.700000 0 0 0 0 0.000000 0.000000 0.700000 0.100000 0 0 0 0 1194 0 115 0 18 0 38 0 134 1196 6 13 8 179 8 105 0 0 1215 14 188 3 0 0 1 255 253 128 3 4 2 1 0 155 0 1 577 0 6 5 24 0 0 101 216 833 39 34 81 27 0 0 0 1 1218 0 0 7 1 0 0 0 0
1585331111.076526 3 0 1549 2227 2153 1.027290 0.208076 0.031361 0.005727 0.009545 0.037361 0.000000 0.600000 0.500000 2.400000 0.000000 0 0 0 0 0 4.000000 3.100000 8.100000 2.700000 0 0 0 0 0.000000 0.000000 0.700000 0.100000 0 0 0 0 1194 0 115 0 21 0 35 0 137 1196 6 13 8 179 8 105 0 0 1215 14 183 2 251 0 1 255 253 128 3 4 2 1 0 155 0 0 577 0 6 5 24 0 0 101 216 833 40 31 81 27 0 0 0 1 1218 0 0 7 1 0 0 0 0
1585331111.086503 3 0 1549 2227 2153 1.027290 0.208076 0.031361 0.004909 0.010363 0.036543 0.000000 0.600000 0.500000 2.400000 0.000000 0 0 0 0 0 4.000000 3.300000 8.000000 2.700000 0 0 0 0 0.000000 0.000000 0.600000 0.200000 0 0 0 0 1194 0 115 0 18 0 38 0 134 1196 6 13 8 179 8 105 0 0 1215 14 183 2 251 0 1 255 253 128 3 4 2 1 0 156 0 0 577 0 6 5 24 0 0 101 216 833 40 33 80 27 0 0 0 1 1218 0 0 6 2 0 0 0 0
1585331111.096542 3 0 1549 2227 2153 1.027290 0.206712 0.031361 0.005727 0.010363 0.037361 0.000000 0.600000 0.500000 2.400000 0.000000 0 0 0 0 0 3.700000 3.300000 7.900000 2.500000 0 0 0 0 0.000000 0.000000 0.700000 0.100000 0 0 0 0 1194 0 115 0 21 0 38 0 137 1196 6 13 8 179 8 105 0 0 1215 14 183 2 246 0 1 255 253 128 3 4 2 1 0 155 0 0 577 0 6 5 24 0 0 101 216 833 37 33 79 25 0 0 0 1 1218 0 0 7 1 0 0 0 0
1585331111.106575 3 0 1549 2226 2153 1.027290 0.208076 0.031361 0.004909 0.010363 0.037361 0.000000 0.600000 0.500000 2.400000 0.000000 0 0 0 0 0 3.900000 3.200000 7.700000 2.600000 0 0 0 0 0.000000 0.000000 0.600000 0.200000 0 0 0 0 1194 0 115 0 18 0 38 0 137 1196 6 13 8 178 8 105 0 0 1215 14 183 2 251 0 1 255 253 128 3 4 2 1 0 155 0 0 577 0 6 5 24 0 0 101 216 833 39 32 77 26 0 0 0 1 1218 0 0 6 2 0 0 0 0
1585331111.116656 3 0 1549 2226 2153 1.027290 0.208076 0.031361 0.005727 0.010363 0.036543 0.000000 0.600000 0.500000 2.400000 0.000000 0 0 0 0 0 4.000000 3.300000 7.900000 2.800000 0 0 0 0 0.000000 0.000000 0.700000 0.100000 0 0 0 0 1194 0 115 0 21 0 38 0 134 1196 6 13 8 178 8 105 0 0 1215 14 183 2 251 0 1 255 253 128 3 4 2 1 0 155 0 0 577 0 6 5 24 0 0 101 216 833 40 33 79 28 0 0 0 1 1218 0 0 7 1 0 0 0 0
1585331111.126577 3 0 1549 2227 2153 1.027290 0.208076 0.031361 0.004909 0.009545 0.036543 0.000000 0.600000 0.500000 2.400000 0.000000 0 0 0 0 0 4.000000 3.300000 8.100000 2.500000 0 0 0 0 0.000000 0.000000 0.700000 0.100000 0 0 0 0 1194 0 115 0 18 0 35 0 134 1196 6 13 8 179 8 105 0 0 1215 14 183 2 251 0 1 255 253 128 3 4 2 1 0 155 0 0 577 0 6 5 24 0 0 101 216 833 40 33 81 25 0 0 0 1 1218 0 0 7 1 0 0 0 0
1585331111.136524 3 0 1549 2227 2153 1.027290 0.208076 0.031361 0.004909 0.009545 0.036543 0.000000 0.600000 0.500000 2.400000 0.000000 0 0 0 0 0 4.100000 3.400000 7.800000 2.500000 0 0 0 0 0.000000 0.000000 0.600000 0.200000 0 0 0 0 1194 0 115 0 18 0 35 0 134 1196 6 13 8 179 8 105 0 0 1215 14 183 2 251 0 1 255 253 128 3 4 2 1 0 155 0 0 577 0 6 5 24 0 0 101 216 833 41 34 78 25 0 0 0 1 1218 0 0 6 2 0 0 0 0
1585331111.146602 3 0 1549 2226 2153 1.027290 0.208076 0.031361 0.004909 0.009545 0.036543 0.000000 0.600000 0.500000 2.400000 0.000000 0 0 0 0 0 4.000000 3.400000 8.100000 2.900000 0 0 0 0 0.000000 0.000000 0.600000 0.200000 0 0 0 0 1194 0 115 0 18 0 35 0 134 1196 6 13 8 178 8 105 0 0 1215 14 183 2 251 0 1 255 253 128 3 4 2 1 0 155 0 0 577 0 6 5 24 0 0 101 216 833 40 34 81 29 0 0 0 1 1218 0 0 6 2 0 0 0 0
1585331111.156542 3 0 1549 2226 2153 1.027290 0.208076 0.031361 0.004909 0.010363 0.037361 0.000000 0.600000 0.500000 2.400000 0.000000 0 0 0 0 0 3.800000 3.400000 8.200000 2.800000 0 0 0 0 0.000000 0.000000 0.700000 0.100000 0 0 0 0 1194 0 115 0 18 0 38 0 137 1196 6 13 8 178 8 105 0 0 1215 14 183 2 251 0 1 255 253 128 3 4 2 1 0 155 0 0 577 0 6 5 24 0 0 101 216 833 38 34 82 28 0 0 0 1 1218 0 0 7 1 0 0 0 0
1585331111.166564 3 0 1550 2227 2153 1.027290 0.208076 0.031361 0.004909 0.010363 0.037361 0.000000 0.600000 0.500000 2.400000 0.000000 0 0 0 0 0 4.000000 3.100000 7.900000 2.800000 0 0 0 0 0.000000 0.000000 0.700000 0.100000 0 0 0 0 1194 0 115 0 18 0 38 0 137 1196 6 14 8 179 8 105 0 0 1215 14 183 2 251 0 1 255 253 128 3 4 2 1 0 155 0 1 577 0 6 5 24 0 0 101 216 833 40 31 79 28 0 0 0 1 1218 0 0 7 1 0 0 0 0
1585331111.176553 3 0 1550 2227 2153 1.025926 0.206712 0.031361 0.004909 0.010363 0.037361 0.000000 0.600000 0.500000 2.400000 0.000000 0 0 0 0 0 4.100000 3.200000 8.100000 2.800000 0 0 0 0 0.000000 0.000000 0.600000 0.200000 0 0 0 0 1194 0 115 0 18 0 38 0 137 1196 6 14 8 179 8 105 0 0 1215 14 178 2 246 0 1 255 253 128 3 4 2 1 0 155 0 0 577 0 6 5 24 0 0 101 216 833 41 32 81 28 0 0 0 1 1218 0 0 6 2 0 0 0 0
1585331111.186587 3 0 1549 2227 2153 1.027290 0.208076 0.031361 0.004909 0.009545 0.036543 0.000000 0.600000 0.500000 2.400000 0.000000 0 0 0 0 0 3.600000 3.400000 8.000000 2.600000 0 0 0 0 0.000000 0.000000 0.600000 0.200000 0 0 0 0 1194 0 115 0 18 0 35 0 134 1196 6 13 8 179 8 105 0 0 1215 14 183 2 251 0 1 255 253 128 3 4 2 1 0 155 0 0 577 0 6 5 24 0 0 101 216 833 36 34 80 26 0 0 0 1 1218 0 0 6 2 0 0 0 0
1585331111.196604 3 0 1549 2227 2153 1.027290 0.208076 0.031361 0.005727 0.010363 0.037361 0.000000 0.600000 0.500000 2.400000 0.000000 0 0 0 0 0 3.600000 3.400000 7.800000 2.700000 0 0 0 0 0.000000 0.000000 0.700000 0.100000 0 0 0 0 1194 0 115 0 21 0 38 0 137 1196 6 13 8 179 8 105 0 0 1215 14 183 2 251 0 1 255 253 128 3 4 2 1 0 155 0 0 577 0 6 5 24 0 0 101 216 833 36 34 78 27 0 0 0 1 1218 0 0 7 1 0 0 0 0
1585331111.206608 3 0 1549 2226 2153 1.027290 0.208076 0.031361 0.005727 0.009545 0.037361 0.000000 0.600000 0.500000 2.400000 0.000000 0 0 0 0 0 3.700000 3.200000 7.700000 2.600000 0 0 0 0 0.000000 0.000000 0.700000 0.100000 0 0 0 0 1194 0 115 0 21 0 35 0 137 1196 6 13 8 178 8 105 0 0 1215 14 183 2 251 0 1 255 253 128 3 4 2 1 0 155 0 0 577 0 6 5 24 0 0 101 216 833 37 32 77 26 0 0 0 1 1218 0 0 7 1 0 0 0 0
1585331111.216607 3 0 1549 2226 2153 1.027290 0.208076 0.031361 0.006545 0.009545 0.036543 0.000000 0.600000 0.500000 2.400000 0.000000 0 0 0 0 0 3.900000 3.200000 7.800000 2.600000 0 0 0 0 0.000000 0.000000 0.700000 0.100000 0 0 0 0 1194 0 115 0 24 0 35 0 134 1196 6 13 8 178 8 105 0 0 1215 14 183 2 251 0 1 255 253 128 3 4 2 1 0 155 0 0 577 0 6 5 24 0 0 101 216 833 39 32 78 26 0 0 0 1 1218 0 0 7 1 0 0 0 0
1585331111.226597 3 0 1550 2227 2153 1.027290 0.208076 0.031361 0.004909 0.010363 0.036543 0.000000 0.600000 0.500000 2.400000 0.000000 0 0 0 0 0 4.000000 3.400000 8.000000 2.700000 0 0 0 0 0.000000 0.000000 0.700000 0.100000 0 0 0 0 1194 0 115 0 18 0 38 0 134 1196 6 14 8 179 8 105 0 0 1215 14 183 2 251 0 1 255 253 128 3 4 2 1 0 155 0 0 577 0 6 5 24 0 0 101 216 833 40 34 80 27 0 0 0 1 1218 0 0 7 1 0 0 0 0
1585331111.236613 3 0 1550 2227 2153 1.027290 0.208076 0.031361 0.004909 0.009545 0.037361 0.000000 0.600000 0.500000 2.400000 0.000000 0 0 0 0 0 4.000000 3.600000 7.800000 2.700000 0 0 0 0 0.000000 0.000000 0.600000 0.200000 0 0 0 0 1194 0 115 0 18 0 35 0 137 1196 6 14 8 179 8 105 0 0 1215 14 183 2 251 0 1 255 253 128 3 4 2 1 0 155 0 0 577 0 6 5 24 0 0 101 216 833 40 36 78 27 0 0 0 1 1218 0 0 6 2 0 0 0 0
1585331111.246601 3 0 1550 2227 2152 1.027290 0.208076 0.031361 0.004909 0.010363 0.037361 0.000000 0.600000 0.500000 2.400000 0.000000 0 0 0 0 0 4.100000 3.500000 8.100000 2.700000 0 0 0 0 0.000000 0.000000 0.600000 0.200000 0 0 0 0 1194 0 115 0 18 0 38 0 137 1196 6 14 8 179 8 104 0 0 1215 14 183 2 251 0 1 255 253 128 3 4 2 1 0 155 0 0 577 0 6 5 24 0 0 101 216 833 41 35 81 27 0 0 0 1 1218 0 0 6 2 0 0 0 0
1585331111.256569 3 0 1550 2227 2152 1.027290 0.208076 0.031361 0.004091 0.010363 0.037361 0.000000 0.600000 0.500000 2.400000 0.000000 0 0 0 0 0 4.200000 3.300000 8.000000 2.700000 0 0 0 0 0.000000 0.000000 0.700000 0.100000 0 0 0 0 1194 0 115 0 15 0 38 0 137 1196 6 14 8 179 8 104 0 0 1215 14 183 2 251 0 1 255 253 128 3 4 2 1 0 155 0 0 577 0 6 5 24 0 0 101 216 833 42 33 80 27 0 0 0 1 1218 0 0 7 1 0 0 0 0
1585331111.266605 3 0 1549 2227 2153 1.027290 0.208076 0.031361 0.005727 0.010363 0.037361 0.000000 0.600000 0.500000 2.400000 0.000000 0 0 0 0 0 3.800000 3.200000 7.900000 2.700000 0 0 0 0 0.000000 0.000000 0.700000 0.100000 0 0 0 0 1194 0 115 0 21 0 38 0 137 1196 6 13 8 179 8 105 0 0 1215 14 183 2 251 0 1 255 253 128 3 4 2 1 0 155 0 1 577 0 6 5 24 0 0 101 216 833 38 32 79 27 0 0 0 1 1218 0 0 7 1 0 0 0 0
1585331111.276591 3 0 1549 2227 2153 1.027290 0.208076 0.031361 0.006545 0.009545 0.036543 0.000000 0.600000 0.500000 2.400000 0.000000 0 0 0 0 0 3.600000 3.300000 8.000000 2.600000 0 0 0 0 0.000000 0.000000 0.700000 0.100000 0 0 0 0 1194 0 115 0 24 0 35 0 134 1196 6 13 8 179 8 105 0 0 1215 14 183 2 251 0 1 255 253 128 3 4 2 1 0 155 0 0 577 0 6 5 24 0 0 101 216 833 36 33 80 26 0 0 0 1 1218 0 0 7 1 0 0 0 0
1585331111.286579 3 0 1550 2226 2153 1.027290 0.208076 0.031361 0.004909 0.010363 0.037361 0.000000 0.600000 0.500000 2.400000 0.000000 0 0 0 0 0 3.800000 3.200000 8.000000 2.500000 0 0 0 0 0.000000 0.000000 0.700000 0.100000 0 0 0 0 1194 0 115 0 18 0 38 0 137 1196 6 14 8 178 8 105 0 0 1215 14 183 2 251 0 1 255 253 128 3 4 2 1 0 155 0 0 577 0 6 5 24 0 0 101 216 833 38 32 80 25 0 0 0 1 1218 0 0 7 1 0 0 0 0
1585331111.296622 3 0 1550 2226 2153 1.027290 0.208076 0.031361 0.004909 0.009545 0.036543 0.000000 0.600000 0.500000 2.400000 0.000000 0 0 0 0 0 3.800000 3.100000 8.000000 2.900000 0 0 0 0 0.000000 0.000000 0.700000 0.100000 0 0 0 0 1194 0 115 0 18 0 35 0 134 1196 6 14 8 178 8 105 0 0 1215 14 183 2 251 0 1 255 253 128 3 4 2 1 0 155 0 0 577 0 6 5 24 0 0 101 216 833 38 31 80 29 0 0 0 1 1218 0 0 7 1 0 0 0 0
1585331111.306622 3 0 1550 2227 2153 1.027290 0.206712 0.031361 0.004909 0.010363 0.037361 0.000000 0.600000 0.500000 2.400000 0.000000 0 0 0 0 0 4.000000 3.400000 7.800000 2.800000 0 0 0 0 0.000000 0.000000 0.700000 0.100000 0 0 0 0 1194 0 115 0 18 0 38 0 137 1196 6 14 8 179 8 105 0 0 1215 14 183 2 246 0 1 255 253 128 3 4 2 1 0 156 0 0 577 0 6 5 24 0 0 101 216 833 40 34 78 28 0 0 0 1 1218 0 0 7 1 0 0 0 0
1585331111.316609 3 0 1550 2227 2153 1.027290 0.208076 0.031361 0.007363 0.009545 0.036543 0.000000 0.600000 0.500000 2.400000 0.000000 0 0 0 0 0 4.100000 3.600000 8.000000 2.600000 0 0 0 0 0.000000 0.000000 0.600000 0.200000 0 0 0 0 1194 0 115 0 27 0 35 0 134 1196 6 14 8 179 8 105 0 0 1215 14 183 2 251 0 1 255 253 128 3 4 2 1 0 156 0 0 577 0 6 5 24 0 0 101 216 833 41 36 80 26 0 0 0 1 1218 0 0 6 2 0 0 0 0
1585331111.326617 3 0 1550 2227 2153 1.027290 0.208076 0.031361 0.004909 0.010363 0.037361 0.000000 0.600000 0.500000 2.400000 0.000000 0 0 0 0 0 3.900000 3.400000 8.100000 3.200000 0 0 0 0 0.000000 0.000000 0.700000 0.100000 0 0 0 0 1194 0 115 0 18 0 38 0 137 1196 6 14 8 179 8 105 0 0 1215 14 183 2 251 0 1 255 253 128 3 4 2 1 0 155 0 0 577 0 6 5 24 0 0 101 216 833 39 34 81 32 0 0 0 1 1218 0 0 7 1 0 0 0 0
1585331111.336654 3 0 1550 2227 2153 1.027290 0.208076 0.031361 0.005727 0.010363 0.037361 0.000000 0.600000 0.500000 2.400000 0.000000 0 0 0 0 0 4.100000 3.100000 8.000000 2.900000 0 0 0 0 0.000000 0.000000 0.700000 0.100000 0 0 0 0 1194 0 115 0 21 0 38 0 137 1196 6 14 8 179 8 105 0 0 1215 14 183 2 251 0 1 255 253 128 3 4 2 1 0 155 0 0 577 0 6 5 24 0 0 101 216 833 41 31 80 29 0 0 0 1 1218 0 0 7 1 0 0 0 0
1585331111.346596 3 0 1549 2227 2153 1.027290 0.208076 0.031361 0.004909 0.010363 0.037361 0.000000 0.600000 0.500000 2.400000 0.000000 0 0 0 0 0 4.000000 3.200000 8.000000 2.700000 0 0 0 0 0.000000 0.000000 0.600000 0.200000 0 0 0 0 1194 0 115 0 18 0 38 0 137 1196 6 13 8 179 8 105 0 0 1215 14 183 2 251 0 1 255 253 128 3 4 2 1 0 155 0 0 577 0 6 5 24 0 0 101 216 833 40 32 80 27 0 0 0 1 1218 0 0 6 2 0 0 0 0
1585331111.356652 3 0 1549 2227 2153 1.028653 0.209440 0.031361 0.006545 0.009545 0.036543 0.000000 0.600000 0.500000 2.400000 0.000000 0 0 0 0 0 3.800000 3.400000 7.900000 3.100000 0 0 0 0 0.000000 0.000000 0.700000 0.100000 0 0 0 0 1194 0 115 0 24 0 35 0 134 1196 6 13 8 179 8 105 0 0 1215 14 188 3 0 0 1 255 253 128 3 4 2 1 0 155 0 0 577 0 6 5 24 0 0 101 216 833 38 34 79 31 0 0 0 1 1218 0 0 7 1 0 0 0 0
1585331111.366686 3 0 1549 2227 2153 1.027290 0.208076 0.031361 0.004909 0.009545 0.036543 0.000000 0.600000 0.500000 2.400000 0.000000 0 0 0 0 0 4.000000 3.400000 8.200000 2.800000 0 0 0 0 0.000000 0.000000 0.700000 0.100000 0 0 0 0 1194 0 115 0 18 0 35 0 134 1196 6 13 8 179 8 105 0 0 1215 14 183 2 251 0 1 255 253 128 3 4 2 1 0 155 0 1 577 0 6 5 24 0 0 101 216 833 40 34 82 28 0 0 0 1 1218 0 0 7 1 0 0 0 0
1585331111.376638 3 0 1549 2227 2153 1.027290 0.208076 0.031361 0.004091 0.009545 0.036543 0.000000 0.600000 0.500000 2.400000 0.000000 0 0 0 0 0 4.100000 3.200000 7.900000 2.800000 0 0 0 0 0.000000 0.000000 0.700000 0.100000 0 0 0 0 1194 0 115 0 15 0 35 0 134 1196 6 13 8 179 8 105 0 0 1215 14 183 2 251 0 1 255 253 128 3 4 2 1 0 155 0 0 577 0 6 5 24 0 0 101 216 833 41 32 79 28 0 0 0 1 1218 0 0 7 1 0 0 0 0
1585331111.386602 3 0 1548 2227 2153 1.027290 0.208076 0.031361 0.005727 0.010363 0.036543 0.000000 0.600000 0.500000 2.400000 0.000000 0 0 0 0 0 4.100000 3.300000 7.800000 2.800000 0 0 0 0 0.000000 0.000000 0.700000 0.100000 0 0 0 0 1194 0 115 0 21 0 38 0 134 1196 6 12 8 179 8 105 0 0 1215 14 183 2 251 0 1 255 253 128 3 4 2 1 0 155 0 0 577 0 6 5 24 0 0 101 216 833 41 33 78 28 0 0 0 1 1218 0 0 7 1 0 0 0 0
1585331111.396657 3 0 1548 2227 2153 1.027290 0.208076 0.031361 0.004909 0.009545 0.037361 0.000000 0.600000 0.500000 2.400000 0.000000 0 0 0 0 0 3.900000 3.300000 8.200000 2.900000 0 0 0 0 0.000000 0.000000 0.700000 0.100000 0 0 0 0 1194 0 115 0 18 0 35 0 137 1196 6 12 8 179 8 105 0 0 1215 14 183 2 251 0 1 255 253 128 3 4 2 1 0 155 0 0 577 0 6 5 24 0 0 101 216 833 39 33 82 29 0 0 0 1 1218 0 0 7 1 0 0 0 0
1585331111.406639 3 0 1550 2226 2153 1.027290 0.208076 0.031361 0.004909 0.009545 0.036543 0.000000 0.600000 0.500000 2.400000 0.000000 0 0 0 0 0 3.800000 3.100000 7.900000 2.900000 0 0 0 0 0.000000 0.000000 0.700000 0.100000 0 0 0 0 1194 0 115 0 18 0 35 0 134 1196 6 14 8 178 8 105 0 0 1215 14 183 2 251 0 1 255 253 128 3 4 2 1 0 155 0 0 577 0 6 5 24 0 0 101 216 833 38 31 79 29 0 0 0 1 1218 0 0 7 1 0 0 0 0
1585331111.416640 3 0 1550 2226 2153 1.027290 0.208076 0.031361 0.005727 0.010363 0.037361 0.000000 0.600000 0.500000 2.400000 0.000000 0 0 0 0 0 4.000000 3.100000 8.100000 2.600000 0 0 0 0 0.000000 0.000000 0.700000 0.100000 0 0 0 0 1194 0 115 0 21 0 38 0 137 1196 6 14 8 178 8 105 0 0 1215 14 183 2 251 0 1 255 253 128 3 4 2 1 0 155 0 0 577 0 6 5 24 0 0 101 216 833 40 31 81 26 0 0 0 1 1218 0 0 7 1 0 0 0 0
1585331111.426612 3 0 1548 2227 2153 1.027290 0.208076 0.031361 0.004909 0.010363 0.037361 0.000000 0.600000 0.500000 2.400000 0.000000 0 0 0 0 0 3.900000 3.100000 7.800000 2.700000 0 0 0 0 0.000000 0.000000 0.700000 0.100000 0 0 0 0 1194 0 115 0 18 0 38 0 137 1196 6 12 8 179 8 105 0 0 1215 14 183 2 251 0 1 255 253 128 3 4 2 1 0 155 0 0 577 0 6 5 24 0 0 101 216 833 39 31 78 27 0 0 0 1 1218 0 0 7 1 0 0 0 0
1585331111.436706 3 0 1548 2227 2153 1.027290 0.208076 0.031361 0.005727 0.009545 0.036543 0.000000 0.600000 0.500000 2.400000 0.000000 0 0 0 0 0 3.800000 3.300000 7.600000 2.600000 0 0 0 0 0.000000 0.000000 0.600000 0.200000 0 0 0 0 1194 0 115 0 21 0 35 0 134 1196 6 12 8 179 8 105 0 0 1215 14 183 2 251 0 1 255 253 128 3 4 2 1 0 155 0 0 577 0 6 5 24 0 0 101 216 833 38 33 76 26 0 0 0 1 1218 0 0 6 2 0 0 0 0
1585331111.446686 3 0 1549 2226 2153 1.027290 0.208076 0.031361 0.004909 0.010363 0.036543 0.000000 0.600000 0.500000 2.400000 0.000000 0 0 0 0 0 3.900000 3.300000 7.700000 2.700000 0 0 0 0 0.000000 0.000000 0.700000 0.100000 0 0 0 0 1194 0 115 0 18 0 38 0 134 1196 6 13 8 178 8 105 0 0 1215 14 183 2 251 0 1 255 253 128 3 4 2 1 0 155 0 0 577 0 6 5 24 0 0 101 216 833 39 33 77 27 0 0 0 1 1218 0 0 7 1 0 0 0 0
1585331111.456709 3 0 1549 2226 2153 1.027290 0.208076 0.031361 0.005727 0.009545 0.037361 0.000000 0.600000 0.500000 2.400000 0.000000 0 0 0 0 0 4.000000 3.200000 7.500000 2.700000 0 0 0 0 0.000000 0.000000 0.700000 0.100000 0 0 0 0 1194 0 115 0 21 0 35 0 137 1196 6 13 8 178 8 105 0 0 1215 14 183 2 251 0 1 255 253 128 3 4 2 1 0 155 0 0 577 0 6 5 24 0 0 101 216 833 40 32 75 27 0 0 0 1 1218 0 0 7 1 0 0 0 0
1585331111.466785 3 0 1549 2226 2152 1.027290 0.208076 0.031361 0.004909 0.010363 0.037361 0.000000 0.600000 0.500000 2.400000 0.000000 0 0 0 0 0 3.900000 3.300000 7.500000 2.600000 0 0 0 0 0.000000 0.000000 0.600000 0.200000 0 0 0 0 1194 0 115 0 18 0 38 0 137 1196 6 13 8 178 8 104 0 0 1215 14 183 2 251 0 1 255 253 128 3 4 2 1 0 155 0 1 577 0 6 5 24 0 0 101 216 833 39 33 75 26 0 0 0 1 1218 0 0 6 2 0 0 0 0
1585331111.476662 3 0 1549 2226 2152 1.027290 0.208076 0.031361 0.005727 0.009545 0.036543 0.000000 0.600000 0.500000 2.400000 0.000000 0 0 0 0 0 3.800000 3.300000 8.100000 2.900000 0 0 0 0 0.000000 0.000000 0.600000 0.200000 0 0 0 0 1194 0 115 0 21 0 35 0 134 1196 6 13 8 178 8 104 0 0 1215 14 183 2 251 0 1 255 253 128 3 4 2 1 0 155 0 0 577 0 6 5 24 0 0 101 216 833 38 33 81 29 0 0 0 1 1218 0 0 6 2 0 0 0 0
1585331111.486706 3 0 1550 2226 2153 1.027290 0.208076 0.031361 0.005727 0.010363 0.036543 0.000000 0.600000 0.500000 2.400000 0.000000 0 0 0 0 0 3.900000 3.400000 8.300000 2.800000 0 0 0 0 0.000000 0.000000 0.700000 0.100000 0 0 0 0 1194 0 115 0 21 0 38 0 134 1196 6 14 8 178 8 105 0 0 1215 14 183 2 251 0 1 255 253 128 3 4 2 1 0 155 0 0 577 0 6 5 24 0 0 101 216 833 39 34 83 28 0 0 0 1 1218 0 0 7 1 0 0 0 0
1585331111.496688 3 0 1550 2226 2153 1.027290 0.208076 0.031361 0.004909 0.010363 0.037361 0.000000 0.600000 0.500000 2.400000 0.000000 0 0 0 0 0 3.700000 3.400000 8.100000 2.800000 0 0 0 0 0.000000 0.000000 0.600000 0.200000 0 0 0 0 1194 0 115 0 18 0 38 0 137 1196 6 14 8 178 8 105 0 0 1215 14 183 2 251 0 1 255 253 128 3 4 2 1 0 156 0 0 577 0 6 5 24 0 0 101 216 833 37 34 81 28 0 0 0 1 1218 0 0 6 2 0 0 0 0
1585331111.506716 3 0 1550 2226 2153 1.027290 0.208076 0.031361 0.004909 0.009545 0.036543 0.000000 0.600000 0.500000 2.400000 0.000000 0 0 0 0 0 3.700000 3.200000 8.000000 2.700000 0 0 0 0 0.000000 0.000000 0.700000 0.100000 0 0 0 0 1194 0 115 0 18 0 35 0 134 1196 6 14 8 178 8 105 0 0 1215 14 183 2 251 0 1 255 253 128 3 4 2 1 0 155 0 0 577 0 6 5 24 0 0 101 216 833 37 32 80 27 0 0 0 1 1218 0 0 7 1 0 0 0 0
1585331111.516742 3 0 1550 2226 2153 1.025926 0.206712 0.031361 0.005727 0.009545 0.037361 0.000000 0.600000 0.500000 2.400000 0.000000 0 0 0 0 0 3.800000 3.300000 8.000000 2.600000 0 0 0 0 0.000000 0.000000 0.600000 0.200000 0 0 0 0 1194 0 115 0 21 0 35 0 137 1196 6 14 8 178 8 105 0 0 1215 14 178 2 246 0 1 255 253 128 3 4 2 1 0 155 0 0 577 0 6 5 24 0 0 101 216 833 38 33 80 26 0 0 0 1 1218 0 0 6 2 0 0 0 0
1585331111.526740 3 0 1549 2226 2153 1.027290 0.208076 0.031361 0.005727 0.010363 0.037361 0.000000 0.600000 0.500000 2.400000 0.000000 0 0 0 0 0 4.000000 3.400000 7.900000 2.700000 0 0 0 0 0.000000 0.000000 0.700000 0.100000 0 0 0 0 1194 0 115 0 21 0 38 0 137 1196 6 13 8 178 8 105 0 0 1215 14 183 2 251 0 1 255 253 128 3 4 2 1 0 155 0 0 577 0 6 5 24 0 0 101 216 833 40 34 79 27 0 0 0 1 1218 0 0 7 1 0 0 0 0
1585331111.536710 3 0 1549 2226 2153 1.027290 0.208076 0.031361 0.004909 0.009545 0.037361 0.000000 0.600000 0.500000 2.400000 0.000000 0 0 0 0 0 3.900000 3.200000 7.800000 2.900000 0 0 0 0 0.000000 0.000000 0.600000 0.200000 0 0 0 0 1194 0 115 0 18 0 35 0 137 1196 6 13 8 178 8 105 0 0 1215 14 183 2 251 0 1 255 253 128 3 4 2 1 0 156 0 0 577 0 6 5 24 0 0 101 216 833 39 32 78 29 0 0 0 1 1218 0 0 6 2 0 0 0 0
1585331111.546659 3 0 1549 2225 2153 1.028653 0.209440 0.031361 0.005727 0.009545 0.037361 0.000000 0.600000 0.500000 2.400000 0.000000 0 0 0 0 0 3.900000 3.200000 8.200000 2.900000 0 0 0 0 0.000000 0.000000 0.700000 0.100000 0 0 0 0 1194 0 115 0 21 0 35 0 137 1196 6 13 8 177 8 105 0 0 1215 14 188 3 0 0 1 255 253 128 3 4 2 1 0 156 0 0 577 0 6 5 24 0 0 101 216 833 39 32 82 29 0 0 0 1 1218 0 0 7 1 0 0 0 0
1585331111.556748 3 0 1549 2225 2153 1.027290 0.208076 0.031361 0.004909 0.010363 0.037361 0.000000 0.600000 0.500000 2.400000 0.000000 0 0 0 0 0 3.900000 3.300000 8.000000 2.700000 0 0 0 0 0.000000 0.000000 0.600000 0.200000 0 0 0 0 1194 0 115 0 18 0 38 0 137 1196 6 13 8 177 8 105 0 0 1215 14 183 2 251 0 1 255 253 128 3 4 2 1 0 156 0 0 577 0 6 5 24 0 0 101 216 833 39 33 80 27 0 0 0 1 1218 0 0 6 2 0 0 0 0
1585331111.566709 3 0 1548 2225 2153 1.025926 0.209440 0.031361 0.005727 0.009545 0.036543 0.000000 0.600000 0.500000 2.400000 0.000000 0 0 0 0 0 3.800000 3.200000 7.800000 2.800000 0 0 0 0 0.000000 0.000000 0.700000 0.100000 0 0 0 0 1194 0 115 0 21 0 35 0 134 1196 6 12 8 177 8 105 0 0 1215 14 178 3 0 0 1 255 253 128 3 4 2 1 0 156 0 1 577 0 6 5 24 0 0 101 216 833 38 32 78 28 0 0 0 1 1218 0 0 7 1 0 0 0 0
1585331111.576684 3 0 1548 2225 2153 1.024563 0.208076 0.031361 0.004909 0.009545 0.037361 0.000000 0.600000 0.500000 2.400000 0.000000 0 0 0 0 0 3.900000 3.300000 7.700000 2.900000 0 0 0 0 0.000000 0.000000 0.600000 0.200000 0 0 0 0 1194 0 115 0 18 0 35 0 137 1196 6 12 8 177 8 105 0 0 1215 14 173 2 251 0 0 255 253 128 3 4 2 1 0 156 0 0 577 0 6 5 24 0 0 101 216 833 39 33 77 29 0 0 0 1 1218 0 0 6 2 0 0 0 0
1585331111.586769 3 0 1548 2225 2153 1.023199 0.210803 0.031361 0.004909 0.011454 0.036543 0.000000 0.600000 0.500000 2.400000 0.000000 0 0 0 0 0 3.900000 3.400000 7.800000 3.000000 0 0 0 0 0.000000 0.000000 0.600000 0.200000 0 0 0 0 1194 0 115 0 18 0 42 0 134 1196 6 12 8 177 8 105 0 0 1215 14 168 3 5 0 1 255 254 128 3 4 2 1 0 156 0 0 577 0 6 5 24 0 0 101 216 833 39 34 78 30 0 0 0 1 1218 0 0 6 2 0 0 0 0
1585331111.596772 3 0 1548 2225 2153 1.020472 0.214621 0.031361 0.004909 0.010363 0.036543 0.000000 0.600000 0.500000 2.400000 0.000000 0 0 0 0 0 4.100000 3.400000 7.800000 2.600000 0 0 0 0 0.000000 0.000000 0.600000 0.200000 0 0 0 0 1194 0 115 0 18 0 38 0 134 1196 6 12 8 177 8 105 0 0 1215 14 158 3 19 0 0 255 254 128 3 4 2 1 0 156 0 0 577 0 6 5 24 0 0 101 216 833 41 34 78 26 0 0 0 1 1218 0 0 6 2 0 0 0 0
1585331111.606833 3 0 1548 2224 2153 1.017745 0.218712 0.031361 0.004909 0.010363 0.037361 0.000000 0.600000 0.500000 2.400000 0.000000 0 0 0 0 0 4.000000 3.300000 7.500000 2.800000 0 0 0 0 0.000000 0.000000 0.600000 0.200000 0 0 0 0 1194 0 115 0 18 0 38 0 137 1196 6 12 8 176 8 105 0 0 1215 14 148 3 34 0 0 255 254 128 3 4 2 1 0 156 0 0 577 0 6 5 24 0 0 101 216 833 40 33 75 28 0 0 0 1 1218 0 0 6 2 0 0 0 0
1585331111.616736 3 0 1548 2224 2153 1.016382 0.220075 0.031361 0.004909 0.009545 0.037361 0.000000 0.600000 0.500000 2.400000 0.000000 0 0 0 0 0 4.100000 3.400000 7.900000 3.100000 0 0 0 0 0.000000 0.000000 0.600000 0.200000 0 0 0 0 1194 0 115 0 18 0 35 0 137 1196 6 12 8 176 8 105 0 0 1215 14 143 3 39 0 0 255 254 128 3 4 2 1 0 156 0 0 577 0 6 5 24 0 0 101 216 833 41 34 79 31 0 0 0 1 1218 0 0 6 2 0 0 0 0
1585331111.626765 3 0 1547 2225 2153 1.012291 0.222802 0.031361 0.004909 0.010363 0.037361 0.000000 0.600000 0.500000 2.400000 0.000000 0 0 0 0 0 4.000000 3.300000 7.900000 2.900000 0 0 0 0 0.000000 0.000000 0.600000 0.200000 0 0 0 0 1194 0 115 0 18 0 38 0 137 1196 6 11 8 177 8 105 0 0 1215 14 128 3 49 0 0 255 254 128 3 4 2 1 0 156 0 0 577 0 6 5 24 0 0 101 216 833 40 33 79 29 0 0 0 1 1218 0 0 6 2 0 0 0 0
1585331111.636730 3 0 1547 2225 2153 1.009564 0.224166 0.031361 0.004909 0.009545 0.036543 0.000000 0.600000 0.500000 2.400000 0.000000 0 0 0 0 0 3.800000 3.100000 7.600000 2.900000 0 0 0 0 0.000000 0.000000 0.600000 0.200000 0 0 0 0 1194 0 115 0 18 0 35 0 134 1196 6 11 8 177 8 105 0 0 1215 14 118 3 54 0 0 255 254 128 3 4 2 1 0 156 0 0 577 0 6 5 24 0 0 101 216 833 38 31 76 29 0 0 0 1 1218 0 0 6 2 0 0 0 0
1585331111.646725 3 0 1547 2226 2153 1.008473 0.227166 0.031361 0.004909 0.009545 0.037361 0.000000 0.600000 0.500000 2.400000 0.000000 0 0 0 0 0 4.000000 3.000000 8.000000 2.800000 0 0 0 0 0.000000 0.000000 0.600000 0.200000 0 0 0 0 1194 0 115 0 18 0 35 0 137 1196 6 11 8 178 8 105 0 0 1215 14 114 3 65 0 0 255 254 128 3 4 2 1 0 156 0 0 577 0 6 5 24 0 0 101 216 833 40 30 80 28 0 0 0 1 1218 0 0 6 2 0 0 0 0
1585331111.656721 3 0 1547 2226 2153 1.008473 0.231256 0.031361 0.005727 0.010363 0.037361 0.000000 0.600000 0.500000 2.400000 0.000000 0 0 0 0 0 3.900000 3.200000 8.100000 2.800000 0 0 0 0 0.000000 0.000000 0.600000 0.200000 0 0 0 0 1194 0 115 0 21 0 38 0 137 1196 6 11 8 178 8 105 0 0 1215 14 114 3 80 0 0 255 254 128 3 4 2 1 0 156 0 0 577 0 6 5 24 0 0 101 216 833 39 32 81 28 0 0 0 1 1218 0 0 6 2 0 0 0 0
1585331111.666966 3 0 1547 2225 2153 1.007110 0.231256 0.031361 0.004909 0.010363 0.037361 0.000000 0.600000 0.500000 2.400000 0.000000 0 0 0 0 0 3.900000 3.300000 7.800000 2.900000 0 0 0 0 0.000000 0.000000 0.600000 0.200000 0 0 0 0 1194 0 115 0 18 0 38 0 137 1196 6 11 8 177 8 105 0 0 1215 14 109 3 80 0 0 255 254 128 3 4 2 1 0 156 0 1 577 0 6 5 24 0 0 101 216 833 39 33 78 29 0 0 0 1 1218 0 0 6 2 0 0 0 0
1585331111.676760 3 0 1547 2225 2153 1.007110 0.231256 0.031361 0.004909 0.010363 0.037361 0.000000 0.600000 0.500000 2.400000 0.000000 0 0 0 0 0 4.000000 3.400000 7.700000 2.900000 0 0 0 0 0.000000 0.000000 0.600000 0.200000 0 0 0 0 1194 0 115 0 18 0 38 0 137 1196 6 11 8 177 8 105 0 0 1215 14 109 3 80 0 1 255 254 128 3 4 2 1 0 156 0 0 577 0 6 5 24 0 0 101 216 833 40 34 77 29 0 0 0 1 1218 0 0 6 2 0 0 0 0
1585331111.686822 3 0 1548 2225 2153 1.007110 0.232620 0.031361 0.005727 0.009545 0.037361 0.000000 0.600000 0.500000 2.400000 0.000000 0 0 0 0 0 4.100000 3.300000 7.600000 2.700000 0 0 0 0 0.000000 0.000000 0.600000 0.200000 0 0 0 0 1194 0 115 0 21 0 35 0 137 1196 6 12 8 177 8 105 0 0 1215 14 109 3 85 0 0 255 254 128 3 4 2 1 0 156 0 0 577 0 6 5 24 0 0 101 216 833 41 33 76 27 0 0 0 1 1218 0 0 6 2 0 0 0 0
1585331111.696749 3 0 1548 2225 2153 1.007110 0.232620 0.031361 0.004909 0.009545 0.037361 0.000000 0.600000 0.500000 2.400000 0.000000 0 0 0 0 0 4.000000 3.100000 7.800000 2.600000 0 0 0 0 0.000000 0.000000 0.600000 0.200000 0 0 0 0 1194 0 115 0 18 0 35 0 137 1196 6 12 8 177 8 105 0 0 1215 14 109 3 85 0 0 255 254 128 3 4 2 1 0 156 0 0 577 0 6 5 24 0 0 101 216 833 40 31 78 26 0 0 0 1 1218 0 0 6 2 0 0 0 0
1585331111.706744 3 0 1548 2226 2153 1.007110 0.232620 0.031361 0.004909 0.010363 0.037361 0.000000 0.600000 0.500000 2.400000 0.000000 0 0 0 0 0 3.900000 3.100000 7.900000 2.800000 0 0 0 0 0.000000 0.000000 0.600000 0.200000 0 0 0 0 1194 0 115 0 18 0 38 0 137 1196 6 12 8 178 8 105 0 0 1215 14 109 3 85 0 1 255 254 128 3 4 2 1 0 156 0 0 577 0 6 5 24 0 0 101 216 833 39 31 79 28 0 0 0 1 1218 0 0 6 2 0 0 0 0
1585331111.716744 3 0 1548 2226 2153 1.007110 0.232620 0.031361 0.004909 0.010363 0.037361 0.000000 0.600000 0.500000 2.400000 0.000000 0 0 0 0 0 3.900000 3.200000 7.900000 3.000000 0 0 0 0 0.000000 0.000000 0.600000 0.200000 0 0 0 0 1194 0 115 0 18 0 38 0 137 1196 6 12 8 178 8 105 0 0 1215 14 109 3 85 0 1 255 254 128 3 4 2 1 0 156 0 0 577 0 6 5 24 0 0 101 216 833 39 32 79 30 0 0 0 1 1218 0 0 6 2 0 0 0 0
1585331111.726750 3 0 1548 2226 2153 1.005746 0.231256 0.031361 0.005727 0.009545 0.037361 0.000000 0.600000 0.500000 2.400000 0.000000 0 0 0 0 0 4.100000 3.300000 7.800000 2.700000 0 0 0 0 0.000000 0.000000 0.600000 0.200000 0 0 0 0 1194 0 115 0 21 0 35 0 137 1196 6 12 8 178 8 105 0 0 1215 14 104 3 80 0 1 255 254 128 3 4 2 1 0 156 0 0 577 0 6 5 24 0 0 101 216 833 41 33 78 27 0 0 0 1 1218 0 0 6 2 0 0 0 0
1585331111.736780 3 0 1548 2226 2153 1.005746 0.231256 0.031361 0.004909 0.009545 0.037361 0.000000 0.600000 0.500000 2.400000 0.000000 0 0 0 0 0 4.000000 3.300000 7.700000 2.900000 0 0 0 0 0.000000 0.000000 0.600000 0.200000 0 0 0 0 1194 0 115 0 18 0 35 0 137 1196 6 12 8 178 8 105 0 0 1215 14 104 3 80 0 0 255 254 128 3 4 2 1 0 156 0 0 577 0 6 5 24 0 0 101 216 833 40 33 77 29 0 0 0 1 1218 0 0 6 2 0 0 0 0
1585331111.745955 3 0 1548 2226 2153 1.007110 0.232620 0.031361 0.005727 0.010363 0.036543 0.000000 0.600000 0.500000 2.400000 0.000000 0 0 0 0 0 3.800000 3.100000 7.900000 2.900000 0 0 0 0 0.000000 0.000000 0.700000 0.100000 0 0 0 0 1194 0 115 0 21 0 38 0 134 1196 6 12 8 178 8 105 0 0 1215 14 109 3 85 0 0 255 254 128 3 4 2 1 0 156 0 0 577 0 6 5 24 0 0 101 216 833 38 31 79 29 0 0 0 1 1218 0 0 7 1 0 0 0 0
1585331111.756782 3 0 1548 2226 2153 1.007110 0.235347 0.031361 0.005727 0.009545 0.037361 0.000000 0.600000 0.500000 2.400000 0.000000 0 0 0 0 0 3.900000 3.200000 7.900000 2.900000 0 0 0 0 0.000000 0.000000 0.600000 0.200000 0 0 0 0 1194 0 115 0 21 0 35 0 137 1196 6 12 8 178 8 105 0 0 1215 14 109 3 95 0 0 255 254 128 3 4 2 1 0 156 0 0 577 0 6 5 24 0 0 101 216 833 39 32 79 29 0 0 0 1 1218 0 0 6 2 0 0 0 0
1585331111.766752 3 0 1535 2206 2153 1.005746 0.231256 0.031361 0.004909 0.009545 0.037361 0.000000 0.600000 0.500000 2.400000 0.000000 0 0 0 0 0 4.000000 3.300000 7.800000 3.000000 0 0 0 0 0.000000 0.000000 0.600000 0.200000 0 0 0 0 1194 0 115 0 18 0 35 0 137 1196 5 255 8 158 8 105 0 0 1215 14 104 3 80 0 0 0 0 128 3 4 2 1 0 156 0 1 577 0 6 5 24 0 0 101 216 833 40 33 78 30 0 0 0 1 1218 0 0 6 2 0 0 0 0
1585331111.776776 3 0 1535 2206 2153 1.005746 0.231256 0.031361 0.005727 0.009545 0.037361 0.000000 0.600000 0.500000 2.400000 0.000000 0 0 0 0 0 3.900000 3.400000 7.800000 2.700000 0 0 0 0 0.000000 0.000000 0.600000 0.200000 0 0 0 0 1194 0 115 0 21 0 35 0 137 1196 5 255 8 158 8 105 0 0 1215 14 104 3 80 0 0 0 0 128 3 4 2 1 0 156 0 0 577 0 6 5 24 0 0 101 216 833 39 34 78 27 0 0 0 1 1218 0 0 6 2 0 0 0 0
1585331111.786812 3 0 1540 2214 2153 1.007110 0.232620 0.031361 0.004909 0.010363 0.037361 0.000000 0.600000 0.500000 2.400000 0.000000 0 0 0 0 0 4.000000 3.600000 7.900000 2.700000 0 0 0 0 0.000000 0.000000 0.500000 0.400000 0 0 0 0 1194 0 115 0 18 0 38 0 137 1196 6 4 8 166 8 105 0 0 1215 14 109 3 85 0 0 0 0 128 3 4 2 1 0 156 0 0 577 0 6 5 24 0 0 101 216 833 40 36 79 27 0 0 0 1 1218 0 0 5 4 0 0 0 0
1585331111.796765 3 0 1540 2214 2153 1.007110 0.232620 0.031361 0.005727 0.009545 0.037361 0.000000 0.600000 0.500000 2.400000 0.000000 0 0 0 0 0 4.000000 3.400000 7.900000 2.400000 0 0 0 0 0.000000 0.200000 0.200000 0.700000 0 0 0 0 1194 0 115 0 21 0 35 0 137 1196 6 4 8 166 8 105 0 0 1215 14 109 3 85 0 0 0 0 128 3 4 2 1 0 156 0 0 577 0 6 5 24 0 0 101 216 833 40 34 79 24 0 0 0 1 1218 0 2 2 7 0 0 0 0
1585331111.806821 3 0 1540 2216 2153 1.005746 0.231256 0.031361 0.005727 0.009545 0.037361 0.000000 0.600000 0.500000 2.400000 0.000000 0 0 0 0 0 4.000000 3.300000 8.000000 2.500000 0 0 0 0 0.000000 0.100000 0.400000 0.500000 0 0 0 0 1194 0 115 0 21 0 35 0 137 1196 6 4 8 168 8 105 0 0 1215 14 104 3 80 0 0 0 0 128 3 4 2 1 0 156 0 0 577 0 6 5 24 0 0 101 216 833 40 33 80 25 0 0 0 1 1218 0 1 4 5 0 0 0 0
1585331111.816813 3 0 1540 2216 2153 1.005746 0.231256 0.031361 0.004909 0.010363 0.036543 0.000000 0.600000 0.500000 2.400000 0.000000 0 0 0 0 0 3.800000 3.200000 7.800000 2.700000 0 0 0 0 0.000000 0.100000 0.400000 0.500000 0 0 0 0 1194 0 115 0 18 0 38 0 134 1196 6 4 8 168 8 105 0 0 1215 14 104 3 80 0 0 0 0 128 3 4 2 1 0 156 0 0 577 0 6 5 24 0 0 101 216 833 38 32 78 27 0 0 0 1 1218 0 1 4 5 0 0 0 0
1585331111.826800 3 0 1540 2215 2152 1.005746 0.231256 0.031361 0.005727 0.010363 0.037361 0.000000 0.600000 0.500000 2.400000 0.000000 0 0 0 0 0 3.900000 3.100000 7.600000 2.800000 0 0 0 0 0.000000 0.100000 0.300000 0.500000 0 0 0 0 1194 0 115 0 21 0 38 0 137 1196 6 4 8 167 8 104 0 0 1215 14 104 3 80 0 0 0 0 128 3 4 2 1 0 156 0 0 577 0 6 5 24 0 0 101 216 833 39 31 76 28 0 0 0 1 1218 0 1 3 5 0 0 0 0
1585331111.836803 3 0 1540 2215 2152 1.005746 0.231256 0.031361 0.004909 0.010363 0.037361 0.000000 0.600000 0.500000 2.400000 0.000000 0 0 0 0 0 4.200000 3.200000 7.900000 2.900000 0 0 0 0 0.000000 0.100000 0.400000 0.400000 0 0 0 0 1194 0 115 0 18 0 38 0 137 1196 6 4 8 167 8 104 0 0 1215 14 104 3 80 0 0 0 0 128 3 4 2 1 0 156 0 0 577 0 6 5 24 0 0 101 216 833 42 32 79 29 0 0 0 1 1218 0 1 4 4 0 0 0 0
1585331111.846832 3 0 1540 2214 2153 1.005746 0.229893 0.031361 0.004909 0.010363 0.036543 0.000000 0.600000 0.500000 2.400000 0.000000 0 0 0 0 0 4.000000 3.200000 7.800000 2.800000 0 0 0 0 0.000000 0.100000 0.400000 0.500000 0 0 0 0 1194 0 115 0 18 0 38 0 134 1196 6 4 8 166 8 105 0 0 1215 14 104 3 75 0 0 0 0 128 3 4 2 1 0 156 0 0 577 0 6 5 24 0 0 101 216 833 40 32 78 28 0 0 0 1 1218 0 1 4 5 0 0 0 0
1585331111.856818 3 0 1540 2214 2153 1.005746 0.231256 0.031361 0.004909 0.009545 0.037361 0.000000 0.600000 0.500000 2.400000 0.000000 0 0 0 0 0 4.000000 3.400000 7.800000 2.400000 0 0 0 0 0.000000 0.100000 0.400000 0.500000 0 0 0 0 1194 0 115 0 18 0 35 0 137 1196 6 4 8 166 8 105 0 0 1215 14 104 3 80 0 0 0 0 128 3 4 2 1 0 156 0 0 577 0 6 5 24 0 0 101 216 833 40 34 78 24 0 0 0 1 1218 0 1 4 5 0 0 0 0
1585331111.866878 3 0 1540 2214 2153 1.005746 0.231256 0.031361 0.005727 0.010363 0.037361 0.000000 0.600000 0.500000 2.400000 0.000000 0 0 0 0 0 3.900000 3.600000 7.800000 2.500000 0 0 0 0 0.000000 0.100000 0.400000 0.500000 0 0 0 0 1194 0 115 0 21 0 38 0 137 1196 6 4 8 166 8 105 0 0 1215 14 104 3 80 0 0 0 0 128 3 4 2 1 0 156 0 1 577 0 6 5 24 0 0 101 216 833 39 36 78 25 0 0 0 1 1218 0 1 4 5 0 0 0 0
1585331111.876818 3 0 1540 2214 2153 1.005746 0.231256 0.031361 0.004909 0.009545 0.037361 0.000000 0.600000 0.500000 2.400000 0.000000 0 0 0 0 0 3.900000 3.400000 7.700000 2.600000 0 0 0 0 0.000000 0.100000 0.400000 0.500000 0 0 0 0 1194 0 115 0 18 0 35 0 137 1196 6 4 8 166 8 105 0 0 1215 14 104 3 80 0 0 0 0 128 3 4 2 1 0 156 0 0 577 0 6 5 24 0 0 101 216 833 39 34 77 26 0 0 0 1 1218 0 1 4 5 0 0 0 0
1585331111.886806 3 0 1540 2214 2153 1.005746 0.231256 0.031361 0.004909 0.009545 0.037361 0.000000 0.600000 0.500000 2.400000 0.000000 0 0 0 0 0 4.000000 3.400000 7.800000 2.400000 0 0 0 0 0.000000 0.100000 0.400000 0.500000 0 0 0 0 1194 0 115 0 18 0 35 0 137 1196 6 4 8 166 8 105 0 0 1215 14 104 3 80 0 0 0 0 128 3 4 2 1 0 156 0 0 577 0 6 5 24 0 0 101 216 833 40 34 78 24 0 0 0 1 1218 0 1 4 5 0 0 0 0
1585331111.896800 3 0 1540 2214 2153 1.005746 0.231256 0.031361 0.004909 0.009545 0.037361 0.000000 0.600000 0.500000 2.400000 0.000000 0 0 0 0 0 3.900000 3.300000 8.200000 2.800000 0 0 0 0 0.000000 0.100000 0.400000 0.500000 0 0 0 0 1194 0 115 0 18 0 35 0 137 1196 6 4 8 166 8 105 0 0 1215 14 104 3 80 0 0 0 0 128 3 4 2 1 0 156 0 0 577 0 6 5 24 0 0 101 216 833 39 33 82 28 0 0 0 1 1218 0 1 4 5 0 0 0 0
1585331111.906847 3 0 1540 2215 2153 1.005746 0.231256 0.031361 0.005727 0.009545 0.037361 0.000000 0.600000 0.500000 2.400000 0.000000 0 0 0 0 0 3.900000 3.200000 8.000000 2.700000 0 0 0 0 0.000000 0.100000 0.400000 0.500000 0 0 0 0 1194 0 115 0 21 0 35 0 137 1196 6 4 8 167 8 105 0 0 1215 14 104 3 80 0 0 0 0 128 3 4 2 1 0 156 0 0 577 0 6 5 24 0 0 101 216 833 39 32 80 27 0 0 0 1 1218 0 1 4 5 0 0 0 0
1585331111.916950 3 0 1540 2215 2153 1.005746 0.231256 0.031361 0.004909 0.010363 0.037361 0.000000 0.600000 0.500000 2.400000 0.000000 0 0 0 0 0 4.000000 3.300000 7.800000 2.500000 0 0 0 0 0.000000 0.100000 0.400000 0.500000 0 0 0 0 1194 0 115 0 18 0 38 0 137 1196 6 4 8 167 8 105 0 0 1215 14 104 3 80 0 0 0 0 128 3 4 2 1 0 156 0 0 577 0 6 5 24 0 0 101 216 833 40 33 78 25 0 0 0 1 1218 0 1 4 5 0 0 0 0
1585331111.926821 3 0 1540 2214 2153 1.005746 0.231256 0.031361 0.005727 0.010363 0.037361 0.000000 0.600000 0.500000 2.400000 0.000000 0 0 0 0 0 3.900000 3.300000 8.000000 3.200000 0 0 0 0 0.000000 0.100000 0.400000 0.500000 0 0 0 0 1194 0 115 0 21 0 38 0 137 1196 6 4 8 166 8 105 0 0 1215 14 104 3 80 0 0 0 0 128 3 4 2 1 0 156 0 0 577 0 6 5 24 0 0 101 216 833 39 33 80 32 0 0 0 1 1218 0 1 4 5 0 0 0 0
1585331111.936898 3 0 1540 2214 2153 1.005746 0.231256 0.031361 0.005727 0.010363 0.037361 0.000000 0.600000 0.500000 2.400000 0.000000 0 0 0 0 0 4.000000 3.100000 7.900000 3.100000 0 0 0 0 0.000000 0.100000 0.400000 0.500000 0 0 0 0 1194 0 115 0 21 0 38 0 137 1196 6 4 8 166 8 105 0 0 1215 14 104 3 80 0 0 0 0 128 3 4 2 1 0 156 0 0 577 0 6 5 24 0 0 101 216 833 40 31 79 31 0 0 0 1 1218 0 1 4 5 0 0 0 0
1585331111.946856 3 0 1540 2214 2153 1.005746 0.231256 0.031361 0.005727 0.009545 0.037361 0.000000 0.600000 0.500000 2.400000 0.000000 0 0 0 0 0 3.900000 3.100000 7.900000 2.800000 0 0 0 0 0.000000 0.100000 0.400000 0.500000 0 0 0 0 1194 0 115 0 21 0 35 0 137 1196 6 4 8 166 8 105 0 0 1215 14 104 3 80 0 0 0 0 128 3 4 2 1 0 156 0 0 577 0 6 5 24 0 0 101 216 833 39 31 79 28 0 0 0 1 1218 0 1 4 5 0 0 0 0
1585331111.956841 3 0 1540 2214 2153 1.005746 0.231256 0.031361 0.005727 0.010363 0.037906 0.000000 0.600000 0.500000 2.400000 0.000000 0 0 0 0 0 3.900000 3.200000 7.900000 2.800000 0 0 0 0 0.000000 0.100000 0.400000 0.500000 0 0 0 0 1194 0 115 0 21 0 38 0 139 1196 6 4 8 166 8 105 0 0 1215 14 104 3 80 0 0 0 0 128 3 4 2 1 0 156 0 0 577 0 6 5 24 0 0 101 216 833 39 32 79 28 0 0 0 1 1218 0 1 4 5 0 0 0 0
1585331111.966870 3 0 1540 2214 2152 1.007110 0.232620 0.031361 0.005727 0.010363 0.036543 0.000000 0.600000 0.500000 2.400000 0.000000 0 0 0 0 0 4.000000 3.000000 7.900000 2.600000 0 0 0 0 0.000000 0.100000 0.400000 0.500000 0 0 0 0 1194 0 115 0 21 0 38 0 134 1196 6 4 8 166 8 104 0 0 1215 14 109 3 85 0 0 0 0 128 3 4 2 1 0 156 0 1 577 0 6 5 24 0 0 101 216 833 40 30 79 26 0 0 0 1 1218 0 1 4 5 0 0 0 0
1585331111.976804 3 0 1540 2214 2152 1.005746 0.231256 0.031361 0.004909 0.009545 0.036543 0.000000 0.600000 0.500000 2.400000 0.000000 0 0 0 0 0 3.800000 3.200000 8.100000 2.800000 0 0 0 0 0.000000 0.100000 0.400000 0.500000 0 0 0 0 1194 0 115 0 18 0 35 0 134 1196 6 4 8 166 8 104 0 0 1215 14 104 3 80 0 0 0 0 128 3 4 2 1 0 156 0 0 577 0 6 5 24 0 0 101 216 833 38 32 81 28 0 0 0 1 1218 0 1 4 5 0 0 0 0
1585331111.986830 3 0 1540 2214 2154 1.007110 0.232620 0.031361 0.004909 0.009545 0.037361 0.000000 0.600000 0.500000 2.400000 0.000000 0 0 0 0 0 3.700000 3.300000 7.800000 2.600000 0 0 0 0 0.000000 0.100000 0.400000 0.500000 0 0 0 0 1194 0 115 0 18 0 35 0 137 1196 6 4 8 166 8 106 0 0 1215 14 109 3 85 0 0 0 0 128 3 4 2 1 0 156 0 0 577 0 6 5 24 0 0 101 216 833 37 33 78 26 0 0 0 1 1218 0 1 4 5 0 0 0 0
1585331111.996912 3 0 1540 2214 2154 1.005746 0.231256 0.031361 0.004909 0.010363 0.037361 0.000000 0.600000 0.500000 2.400000 0.000000 0 0 0 0 0 3.900000 3.100000 7.700000 2.700000 0 0 0 0 0.000000 0.100000 0.400000 0.500000 0 0 0 0 1194 0 115 0 18 0 38 0 137 1196 6 4 8 166 8 106 0 0 1215 14 104 3 80 0 0 0 0 128 3 4 2 1 0 156 0 0 577 0 6 5 24 0 0 101 216 833 39 31 77 27 0 0 0 1 1218 0 1 4 5 0 0 0 0
1585331112.006978 3 0 1540 2214 2153 1.007110 0.232620 0.031361 0.005727 0.010363 0.037361 0.000000 0.600000 0.500000 2.400000 0.000000 0 0 0 0 0 3.900000 3.000000 8.100000 2.600000 0 0 0 0 0.000000 0.100000 0.400000 0.500000 0 0 0 0 1194 0 115 0 21 0 38 0 137 1196 6 4 8 166 8 105 0 0 1215 14 109 3 85 0 0 0 0 128 3 4 2 1 0 156 0 0 577 0 6 5 24 0 0 101 216 833 39 30 81 26 0 0 0 1 1218 0 1 4 5 0 0 0 0
1585331112.016864 3 0 1540 2214 2153 1.005746 0.231256 0.031361 0.005727 0.010363 0.036543 0.000000 0.600000 0.500000 2.400000 0.000000 0 0 0 0 0 3.700000 3.000000 8.100000 2.500000 0 0 0 0 0.000000 0.100000 0.400000 0.500000 0 0 0 0 1194 0 115 0 21 0 38 0 134 1196 6 4 8 166 8 105 0 0 1215 14 104 3 80 0 0 0 0 128 3 4 2 1 0 156 0 0 577 0 6 5 24 0 0 101 216 833 37 30 81 25 0 0 0 1 1218 0 1 4 5 0 0 0 0
1585331112.026855 3 0 1540 2215 2153 1.005746 0.231256 0.031361 0.005727 0.009545 0.037361 0.000000 0.600000 0.500000 2.400000 0.000000 0 0 0 0 0 4.100000 2.900000 8.000000 2.600000 0 0 0 0 0.000000 0.100000 0.400000 0.500000 0 0 0 0 1194 0 115 0 21 0 35 0 137 1196 6 4 8 167 8 105 0 0 1215 14 104 3 80 0 0 0 0 128 3 4 2 1 0 156 0 0 577 0 6 5 24 0 0 101 216 833 41 29 80 26 0 0 0 1 1218 0 1 4 5 0 0 0 0
1585331112.036879 3 0 1540 2215 2153 1.005746 0.231256 0.031361 0.006545 0.010363 0.036543 0.000000 0.600000 0.500000 2.400000 0.000000 0 0 0 0 0 3.900000 3.100000 8.000000 2.400000 0 0 0 0 0.000000 0.100000 0.400000 0.500000 0 0 0 0 1194 0 115 0 24 0 38 0 134 1196 6 4 8 167 8 105 0 0 1215 14 104 3 80 0 0 0 0 128 3 4 2 1 0 156 0 0 577 0 6 5 24 0 0 101 216 833 39 31 80 24 0 0 0 1 1218 0 1 4 5 0 0 0 0
1585331112.046884 3 0 1541 2214 2153 1.005746 0.231256 0.031361 0.005727 0.009545 0.037361 0.000000 0.600000 0.500000 2.400000 0.000000 0 0 0 0 0 3.800000 3.200000 7.900000 2.900000 0 0 0 0 0.000000 0.100000 0.400000 0.500000 0 0 0 0 1194 0 115 0 21 0 35 0 137 1196 6 5 8 166 8 105 0 0 1215 14 104 3 80 0 0 0 0 128 3 4 2 1 0 156 0 0 577 0 6 5 24 0 0 101 216 833 38 32 79 29 0 0 0 1 1218 0 1 4 5 0 0 0 0
1585331112.056892 3 0 1541 2214 2153 1.005746 0.231256 0.031361 0.005727 0.010363 0.037361 0.000000 0.600000 0.500000 2.400000 0.000000 0 0 0 0 0 4.000000 3.300000 7.900000 2.700000 0 0 0 0 0.000000 0.100000 0.400000 0.500000 0 0 0 0 1194 0 115 0 21 0 38 0 137 1196 6 5 8 166 8 105 0 0 1215 14 104 3 80 0 0 0 0 128 3 4 2 1 0 156 0 0 577 0 6 5 24 0 0 101 216 833 40 33 79 27 0 0 0 1 1218 0 1 4 5 0 0 0 0
1585331112.066855 3 0 1540 2215 2153 1.005746 0.231256 0.031361 0.004909 0.009545 0.037361 0.000000 0.600000 0.500000 2.400000 0.000000 0 0 0 0 0 3.900000 3.400000 8.000000 2.200000 0 0 0 0 0.000000 0.100000 0.400000 0.500000 0 0 0 0 1194 0 115 0 18 0 35 0 137 1196 6 4 8 167 8 105 0 0 1215 14 104 3 80 0 0 0 0 128 3 4 2 1 0 156 0 1 577 0 6 5 24 0 0 101 216 833 39 34 80 22 0 0 0 1 1218 0 1 4 5 0 0 0 0
1585331112.076867 3 0 1540 2215 2153 1.005746 0.231256 0.031361 0.006545 0.009545 0.036543 0.000000 0.600000 0.500000 2.400000 0.000000 0 0 0 0 0 3.900000 3.200000 7.900000 2.800000 0 0 0 0 0.000000 0.100000 0.400000 0.500000 0 0 0 0 1194 0 115 0 24 0 35 0 134 1196 6 4 8 167 8 105 0 0 1215 14 104 3 80 0 0 0 0 128 3 4 2 1 0 156 0 0 577 0 6 5 24 0 0 101 216 833 39 32 79 28 0 0 0 1 1218 0 1 4 5 0 0 0 0
1585331112.086897 3 0 1540 2214 2153 1.005746 0.231256 0.031361 0.005727 0.009545 0.036543 0.000000 0.600000 0.500000 2.400000 0.000000 0 0 0 0 0 4.000000 3.300000 7.800000 2.900000 0 0 0 0 0.000000 0.100000 0.400000 0.500000 0 0 0 0 1194 0 115 0 21 0 35 0 134 1196 6 4 8 166 8 105 0 0 1215 14 104 3 80 0 0 0 0 128 3 4 2 1 0 156 0 0 577 0 6 5 24 0 0 101 216 833 40 33 78 29 0 0 0 1 1218 0 1 4 5 0 0 0 0
1585331112.096939 3 0 1540 2214 2153 1.005746 0.231256 0.031361 0.005727 0.010363 0.037361 0.000000 0.600000 0.500000 2.400000 0.000000 0 0 0 0 0 3.900000 3.300000 7.900000 2.600000 0 0 0 0 0.000000 0.100000 0.400000 0.500000 0 0 0 0 1194 0 115 0 21 0 38 0 137 1196 6 4 8 166 8 105 0 0 1215 14 104 3 80 0 0 0 0 128 3 4 2 1 0 156 0 0 577 0 6 5 24 0 0 101 216 833 39 33 79 26 0 0 0 1 1218 0 1 4 5 0 0 0 0
1585331112.106999 3 0 1540 2214 2153 1.005746 0.231256 0.031361 0.005727 0.010363 0.037361 0.000000 0.600000 0.500000 2.400000 0.000000 0 0 0 0 0 3.900000 3.000000 7.800000 2.700000 0 0 0 0 0.000000 0.100000 0.400000 0.500000 0 0 0 0 1194 0 115 0 21 0 38 0 137 1196 6 4 8 166 8 105 0 0 1215 14 104 3 80 0 0 0 0 128 3 4 2 1 0 156 0 0 577 0 6 5 24 0 0 101 216 833 39 30 78 27 0 0 0 1 1218 0 1 4 5 0 0 0 0
1585331112.116895 3 0 1540 2214 2153 1.005746 0.231256 0.031361 0.005727 0.010363 0.037361 0.000000 0.600000 0.500000 2.400000 0.000000 0 0 0 0 0 4.000000 3.000000 7.800000 2.700000 0 0 0 0 0.000000 0.100000 0.400000 0.500000 0 0 0 0 1194 0 115 0 21 0 38 0 137 1196 6 4 8 166 8 105 0 0 1215 14 104 3 80 0 0 0 0 128 3 4 2 1 0 156 0 0 577 0 6 5 24 0 0 101 216 833 40 30 78 27 0 0 0 1 1218 0 1 4 5 0 0 0 0
1585331112.126906 3 0 1540 2213 2153 1.005746 0.231256 0.031361 0.005727 0.009545 0.037361 0.000000 0.600000 0.500000 2.400000 0.000000 0 0 0 0 0 4.100000 3.400000 8.000000 3.000000 0 0 0 0 0.000000 0.100000 0.400000 0.500000 0 0 0 0 1194 0 115 0 21 0 35 0 137 1196 6 4 8 165 8 105 0 0 1215 14 104 3 80 0 0 0 0 128 3 4 2 1 0 156 0 0 577 0 6 5 24 0 0 101 216 833 41 34 80 30 0 0 0 1 1218 0 1 4 5 0 0 0 0
1585331112.136915 3 0 1540 2213 2153 1.005746 0.231256 0.031361 0.005727 0.010363 0.036543 0.000000 0.600000 0.500000 2.400000 0.000000 0 0 0 0 0 4.000000 3.500000 7.800000 2.800000 0 0 0 0 0.000000 0.100000 0.400000 0.500000 0 0 0 0 1194 0 115 0 21 0 38 0 134 1196 6 4 8 165 8 105 0 0 1215 14 104 3 80 0 0 0 0 128 3 4 2 1 0 156 0 0 577 0 6 5 24 0 0 101 216 833 40 35 78 28 0 0 0 1 1218 0 1 4 5 0 0 0 0
1585331112.146906 3 0 1540 2214 2153 1.005746 0.231256 0.031361 0.005727 0.009545 0.037361 0.000000 0.600000 0.500000 2.400000 0.000000 0 0 0 0 0 3.900000 3.300000 7.700000 2.800000 0 0 0 0 0.000000 0.100000 0.400000 0.500000 0 0 0 0 1194 0 115 0 21 0 35 0 137 1196 6 4 8 166 8 105 0 0 1215 14 104 3 80 0 0 0 0 128 3 4 2 1 0 156 0 0 577 0 6 5 24 0 0 101 216 833 39 33 77 28 0 0 0 1 1218 0 1 4 5 0 0 0 0
1585331112.156869 3 0 1540 2214 2153 1.005746 0.231256 0.031361 0.005727 0.009545 0.037361 0.000000 0.600000 0.500000 2.400000 0.000000 0 0 0 0 0 3.900000 3.300000 8.000000 3.000000 0 0 0 0 0.000000 0.100000 0.300000 0.500000 0 0 0 0 1194 0 115 0 21 0 35 0 137 1196 6 4 8 166 8 105 0 0 1215 14 104 3 80 0 0 0 0 128 3 4 2 1 0 156 0 0 577 0 6 5 24 0 0 101 216 833 39 33 80 30 0 0 0 1 1218 0 1 3 5 0 0 0 0
1585331112.166884 3 0 1540 2214 2153 1.005746 0.231256 0.031361 0.005727 0.010363 0.036543 0.000000 0.600000 0.500000 2.400000 0.000000 0 0 0 0 0 4.000000 3.500000 8.100000 2.700000 0 0 0 0 0.000000 0.100000 0.400000 0.500000 0 0 0 0 1194 0 115 0 21 0 38 0 134 1196 6 4 8 166 8 105 0 0 1215 14 104 3 80 0 0 0 0 128 3 4 2 1 0 156 0 1 577 0 6 5 24 0 0 101 216 833 40 35 81 27 0 0 0 1 1218 0 1 4 5 0 0 0 0
1585331112.176883 3 0 1540 2214 2153 1.005746 0.231256 0.031361 0.005727 0.010363 0.037361 0.000000 0.600000 0.500000 2.400000 0.000000 0 0 0 0 0 4.100000 3.400000 8.000000 2.700000 0 0 0 0 0.000000 0.100000 0.400000 0.500000 0 0 0 0 1194 0 115 0 21 0 38 0 137 1196 6 4 8 166 8 105 0 0 1215 14 104 3 80 0 0 0 0 128 3 4 2 1 0 156 0 0 577 0 6 5 24 0 0 101 216 833 41 34 80 27 0 0 0 1 1218 0 1 4 5 0 0 0 0
1585331112.186948 3 0 1540 2214 2153 1.005746 0.232620 0.031361 0.006545 0.009545 0.037361 0.000000 0.600000 0.500000 2.400000 0.000000 0 0 0 0 0 4.000000 3.200000 8.000000 2.900000 0 0 0 0 0.000000 0.100000 0.400000 0.500000 0 0 0 0 1194 0 115 0 24 0 35 0 137 1196 6 4 8 166 8 105 0 0 1215 14 104 3 85 0 0 0 0 128 3 4 2 1 0 156 0 0 577 0 6 5 24 0 0 101 216 833 40 32 80 29 0 0 0 1 1218 0 1 4 5 0 0 0 0
1585331112.196960 3 0 1540 2214 2153 1.005746 0.231256 0.031361 0.004909 0.010363 0.037361 0.000000 0.600000 0.500000 2.400000 0.000000 0 0 0 0 0 4.100000 3.300000 8.200000 2.800000 0 0 0 0 0.000000 0.100000 0.400000 0.500000 0 0 0 0 1194 0 115 0 18 0 38 0 137 1196 6 4 8 166 8 105 0 0 1215 14 104 3 80 0 0 0 0 128 3 4 2 1 0 156 0 0 577 0 6 5 24 0 0 101 216 833 41 33 82 28 0 0 0 1 1218 0 1 4 5 0 0 0 0
1585331112.206918 3 0 1539 2215 2153 1.007110 0.232620 0.031361 0.005727 0.010363 0.037361 0.000000 0.600000 0.500000 2.400000 0.000000 0 0 0 0 0 4.000000 3.300000 7.700000 2.600000 0 0 0 0 0.000000 0.100000 0.400000 0.500000 0 0 0 0 1194 0 115 0 21 0 38 0 137 1196 6 3 8 167 8 105 0 0 1215 14 109 3 85 0 0 0 0 128 3 4 2 1 0 156 0 0 577 0 6 5 24 0 0 101 216 833 40 33 77 26 0 0 0 1 1218 0 1 4 5 0 0 0 0
1585331112.216907 3 0 1539 2215 2153 1.005746 0.231256 0.031361 0.004909 0.010363 0.037361 0.000000 0.600000 0.500000 2.400000 0.000000 0 0 0 0 0 3.900000 3.300000 7.700000 3.000000 0 0 0 0 0.000000 0.100000 0.400000 0.500000 0 0 0 0 1194 0 115 0 18 0 38 0 137 1196 6 3 8 167 8 105 0 0 1215 14 104 3 80 0 0 0 0 128 3 4 2 1 0 156 0 0 577 0 6 5 24 0 0 101 216 833 39 33 77 30 0 0 0 1 1218 0 1 4 5 0 0 0 0
1585331112.226898 3 0 1540 2214 2153 1.005746 0.231256 0.031361 0.000818 0.010363 0.036543 0.000000 0.600000 0.500000 2.400000 0.000000 0 0 0 0 0 3.900000 3.200000 8.100000 3.400000 0 0 0 0 0.000000 0.100000 0.400000 0.500000 0 0 0 0 1194 0 115 0 3 0 38 0 134 1196 6 4 8 166 8 105 0 0 1215 14 104 3 80 0 0 0 0 128 3 4 2 1 0 156 0 0 577 0 6 5 24 0 0 101 216 833 39 32 81 34 0 0 0 1 1218 0 1 4 5 0 0 0 0
1585331112.236964 3 0 1540 2214 2153 1.005746 0.231256 0.031361 0.004909 0.010363 0.037361 0.000000 0.600000 0.500000 2.400000 0.000000 0 0 0 0 0 3.900000 3.200000 8.000000 2.800000 0 0 0 0 0.000000 0.100000 0.400000 0.500000 0 0 0 0 1194 0 115 0 18 0 38 0 137 1196 6 4 8 166 8 105 0 0 1215 14 104 3 80 0 0 0 0 128 3 4 2 1 0 156 0 0 577 0 6 5 24 0 0 101 216 833 39 32 80 28 0 0 0 1 1218 0 1 4 5 0 0 0 0
1585331112.246909 3 0 1540 2214 2153 1.008473 0.233983 0.031361 0.004909 0.009545 0.037361 0.000000 0.600000 0.500000 2.400000 0.000000 0 0 0 0 0 3.800000 3.200000 7.800000 2.500000 0 0 0 0 0.000000 0.100000 0.400000 0.500000 0 0 0 0 1194 0 115 0 18 0 35 0 137 1196 6 4 8 166 8 105 0 0 1215 14 114 3 90 0 0 0 0 128 3 4 2 1 0 156 0 0 577 0 6 5 24 0 0 101 216 833 38 32 78 25 0 0 0 1 1218 0 1 4 5 0 0 0 0
1585331112.256978 3 0 1540 2214 2153 1.005746 0.231256 0.031361 0.004909 0.010363 0.036543 0.000000 0.600000 0.500000 2.400000 0.000000 0 0 0 0 0 3.800000 3.300000 7.800000 2.500000 0 0 0 0 0.000000 0.100000 0.400000 0.500000 0 0 0 0 1194 0 115 0 18 0 38 0 134 1196 6 4 8 166 8 105 0 0 1215 14 104 3 80 0 0 0 0 128 3 4 2 1 0 156 0 0 577 0 6 5 24 0 0 101 216 833 38 33 78 25 0 0 0 1 1218 0 1 4 5 0 0 0 0
1585331112.266920 3 0 1540 2214 2153 1.005746 0.231256 0.031361 0.004909 0.009545 0.037361 0.000000 0.600000 0.500000 2.400000 0.000000 0 0 0 0 0 3.900000 3.300000 7.800000 2.700000 0 0 0 0 0.000000 0.100000 0.400000 0.500000 0 0 0 0 1194 0 115 0 18 0 35 0 137 1196 6 4 8 166 8 105 0 0 1215 14 104 3 80 0 0 0 0 128 3 4 2 1 0 156 0 1 577 0 6 5 24 0 0 101 216 833 39 33 78 27 0 0 0 1 1218 0 1 4 5 0 0 0 0
1585331112.276957 3 0 1540 2214 2153 1.005746 0.231256 0.031361 0.005727 0.009545 0.037361 0.000000 0.600000 0.500000 2.400000 0.000000 0 0 0 0 0 3.900000 3.200000 7.900000 2.900000 0 0 0 0 0.000000 0.100000 0.400000 0.500000 0 0 0 0 1194 0 115 0 21 0 35 0 137 1196 6 4 8 166 8 105 0 0 1215 14 104 3 80 0 0 0 0 128 3 4 2 1 0 156 0 0 577 0 6 5 24 0 0 101 216 833 39 32 79 29 0 0 0 1 1218 0 1 4 5 0 0 0 0
1585331112.286946 3 0 1540 2214 2153 1.005746 0.231256 0.031361 0.005727 0.010363 0.036543 0.000000 0.600000 0.500000 2.400000 0.000000 0 0 0 0 0 3.800000 3.000000 8.000000 2.700000 0 0 0 0 0.000000 0.100000 0.400000 0.500000 0 0 0 0 1194 0 115 0 21 0 38 0 134 1196 6 4 8 166 8 105 0 0 1215 14 104 3 80 0 0 0 0 128 3 4 2 1 0 156 0 0 577 0 6 5 24 0 0 101 216 833 38 30 80 27 0 0 0 1 1218 0 1 4 5 0 0 0 0
1585331112.297006 3 0 1540 2214 2153 1.007110 0.232620 0.031361 0.006545 0.010363 0.037361 0.000000 0.600000 0.500000 2.400000 0.000000 0 0 0 0 0 3.700000 2.900000 7.700000 2.800000 0 0 0 0 0.000000 0.100000 0.400000 0.500000 0 0 0 0 1194 0 115 0 24 0 38 0 137 1196 6 4 8 166 8 105 0 0 1215 14 109 3 85 0 0 0 0 128 3 4 2 1 0 156 0 0 577 0 6 5 24 0 0 101 216 833 37 29 77 28 0 0 0 1 1218 0 1 4 5 0 0 0 0
1585331112.306959 3 0 1540 2214 2152 1.005746 0.231256 0.031361 0.004909 0.010363 0.036543 0.000000 0.600000 0.500000 2.400000 0.000000 0 0 0 0 0 3.900000 3.500000 7.700000 2.700000 0 0 0 0 0.000000 0.100000 0.400000 0.500000 0 0 0 0 1194 0 115 0 18 0 38 0 134 1196 6 4 8 166 8 104 0 0 1215 14 104 3 80 0 0 0 0 128 3 4 2 1 0 156 0 0 577 0 6 5 24 0 0 101 216 833 39 35 77 27 0 0 0 1 1218 0 1 4 5 0 0 0 0
1585331112.317005 3 0 1540 2214 2152 1.005746 0.231256 0.031361 0.005727 0.009545 0.036543 0.000000 0.600000 0.500000 2.400000 0.000000 0 0 0 0 0 4.000000 3.500000 8.000000 2.800000 0 0 0 0 0.000000 0.100000 0.400000 0.500000 0 0 0 0 1194 0 115 0 21 0 35 0 134 1196 6 4 8 166 8 104 0 0 1215 14 104 3 80 0 0 0 0 128 3 4 2 1 0 156 0 0 577 0 6 5 24 0 0 101 216 833 40 35 80 28 0 0 0 1 1218 0 1 4 5 0 0 0 0
1585331112.326984 3 0 1540 2214 2153 1.005746 0.229893 0.031361 0.004909 0.010363 0.036543 0.000000 0.600000 0.500000 2.400000 0.000000 0 0 0 0 0 3.800000 3.000000 8.000000 3.000000 0 0 0 0 0.000000 0.100000 0.400000 0.500000 0 0 0 0 1194 0 115 0 18 0 38 0 134 1196 6 4 8 166 8 105 0 0 1215 14 104 3 75 0 0 0 0 128 3 4 2 1 0 156 0 0 577 0 6 5 24 0 0 101 216 833 38 30 80 30 0 0 0 1 1218 0 1 4 5 0 0 0 0
1585331112.337004 3 0 1540 2214 2153 1.005746 0.231256 0.031361 0.005727 0.009545 0.036543 0.000000 0.600000 0.500000 2.400000 0.000000 0 0 0 0 0 3.700000 3.200000 7.900000 2.900000 0 0 0 0 0.000000 0.100000 0.400000 0.500000 0 0 0 0 1194 0 115 0 21 0 35 0 134 1196 6 4 8 166 8 105 0 0 1215 14 104 3 80 0 0 0 0 128 3 4 2 1 0 156 0 0 577 0 6 5 24 0 0 101 216 833 37 32 79 29 0 0 0 1 1218 0 1 4 5 0 0 0 0
1585331112.346994 3 0 1541 2214 2153 1.005746 0.231256 0.031361 0.006545 0.010363 0.037361 0.000000 0.600000 0.500000 2.400000 0.000000 0 0 0 0 0 3.900000 3.300000 7.800000 2.700000 0 0 0 0 0.000000 0.100000 0.400000 0.500000 0 0 0 0 1194 0 115 0 24 0 38 0 137 1196 6 5 8 166 8 105 0 0 1215 14 104 3 80 0 0 0 0 128 3 4 2 1 0 156 0 0 577 0 6 5 24 0 0 101 216 833 39 33 78 27 0 0 0 1 1218 0 1 4 5 0 0 0 0
1585331112.356978 3 0 1541 2214 2153 1.007110 0.232620 0.031361 0.004909 0.009545 0.037361 0.000000 0.600000 0.500000 2.400000 0.000000 0 0 0 0 0 3.900000 3.100000 7.700000 2.800000 0 0 0 0 0.000000 0.100000 0.400000 0.500000 0 0 0 0 1194 0 115 0 18 0 35 0 137 1196 6 5 8 166 8 105 0 0 1215 14 109 3 85 0 0 0 0 128 3 4 2 1 0 156 0 0 577 0 6 5 24 0 0 101 216 833 39 31 77 28 0 0 0 1 1218 0 1 4 5 0 0 0 0
1585331112.366997 3 0 1540 2215 2152 1.005746 0.231256 0.031361 0.004909 0.009545 0.036543 0.000000 0.600000 0.500000 2.400000 0.000000 0 0 0 0 0 4.100000 3.100000 8.000000 2.900000 0 0 0 0 0.000000 0.100000 0.400000 0.500000 0 0 0 0 1194 0 115 0 18 0 35 0 134 1196 6 4 8 167 8 104 0 0 1215 14 104 3 80 0 0 0 0 128 3 4 2 1 0 156 0 1 577 0 6 5 24 0 0 101 216 833 41 31 80 29 0 0 0 1 1218 0 1 4 5 0 0 0 0
1585331112.376976 3 0 1540 2215 2152 1.005746 0.231256 0.031361 0.004909 0.009545 0.036543 0.000000 0.600000 0.500000 2.400000 0.000000 0 0 0 0 0 4.100000 3.300000 8.100000 2.700000 0 0 0 0 0.000000 0.100000 0.400000 0.500000 0 0 0 0 1194 0 115 0 18 0 35 0 134 1196 6 4 8 167 8 104 0 0 1215 14 104 3 80 0 0 0 0 128 3 4 2 1 0 156 0 0 577 0 6 5 24 0 0 101 216 833 41 33 81 27 0 0 0 1 1218 0 1 4 5 0 0 0 0
1585331112.387001 3 0 1540 2214 2153 1.005746 0.231256 0.031361 0.004909 0.010363 0.036543 0.000000 0.600000 0.500000 2.400000 0.000000 0 0 0 0 0 4.200000 3.400000 8.100000 2.800000 0 0 0 0 0.000000 0.100000 0.400000 0.500000 0 0 0 0 1194 0 115 0 18 0 38 0 134 1196 6 4 8 166 8 105 0 0 1215 14 104 3 80 0 0 0 0 128 3 4 2 1 0 156 0 0 577 0 6 5 24 0 0 101 216 833 42 34 81 28 0 0 0 1 1218 0 1 4 5 0 0 0 0
1585331112.396972 3 0 1540 2214 2153 1.005746 0.231256 0.031361 0.005727 0.010363 0.037361 0.000000 0.600000 0.500000 2.400000 0.000000 0 0 0 0 0 4.200000 3.400000 7.700000 2.900000 0 0 0 0 0.000000 0.100000 0.400000 0.500000 0 0 0 0 1194 0 115 0 21 0 38 0 137 1196 6 4 8 166 8 105 0 0 1215 14 104 3 80 0 0 0 0 128 3 4 2 1 0 156 0 0 577 0 6 5 24 0 0 101 216 833 42 34 77 29 0 0 0 1 1218 0 1 4 5 0 0 0 0
1585331112.406981 3 0 1540 2215 2153 1.005746 0.231256 0.031361 0.005727 0.009545 0.037361 0.000000 0.600000 0.500000 2.400000 0.000000 0 0 0 0 0 4.000000 3.300000 7.700000 2.900000 0 0 0 0 0.000000 0.100000 0.400000 0.500000 0 0 0 0 1194 0 115 0 21 0 35 0 137 1196 6 4 8 167 8 105 0 0 1215 14 104 3 80 0 0 0 0 128 3 4 2 1 0 156 0 0 577 0 6 5 24 0 0 101 216 833 40 33 77 29 0 0 0 1 1218 0 1 4 5 0 0 0 0
1585331112.417078 3 0 1540 2215 2153 1.005746 0.231256 0.031361 0.004909 0.010363 0.036543 0.000000 0.600000 0.500000 2.400000 0.000000 0 0 0 0 0 3.800000 3.300000 8.000000 2.900000 0 0 0 0 0.000000 0.100000 0.400000 0.500000 0 0 0 0 1194 0 115 0 18 0 38 0 134 1196 6 4 8 167 8 105 0 0 1215 14 104 3 80 0 0 0 0 128 3 4 2 1 0 156 0 0 577 0 6 5 24 0 0 101 216 833 38 33 80 29 0 0 0 1 1218 0 1 4 5 0 0 0 0
1585331112.427070 3 0 1540 2215 2153 1.005746 0.231256 0.031361 0.005727 0.010363 0.037361 0.000000 0.600000 0.500000 2.400000 0.000000 0 0 0 0 0 4.000000 3.300000 8.000000 2.800000 0 0 0 0 0.000000 0.100000 0.400000 0.500000 0 0 0 0 1194 0 115 0 21 0 38 0 137 1196 6 4 8 167 8 105 0 0 1215 14 104 3 80 0 0 0 0 128 3 4 2 1 0 156 0 0 577 0 6 5 24 0 0 101 216 833 40 33 80 28 0 0 0 1 1218 0 1 4 5 0 0 0 0
1585331112.437026 3 0 1540 2215 2153 1.005746 0.231256 0.031361 0.004909 0.010363 0.037361 0.000000 0.600000 0.500000 2.400000 0.000000 0 0 0 0 0 4.200000 3.200000 8.000000 2.800000 0 0 0 0 0.000000 0.100000 0.400000 0.500000 0 0 0 0 1194 0 115 0 18 0 38 0 137 1196 6 4 8 167 8 105 0 0 1215 14 104 3 80 0 0 0 0 128 3 4 2 1 0 156 0 0 577 0 6 5 24 0 0 101 216 833 42 32 80 28 0 0 0 1 1218 0 1 4 5 0 0 0 0
1585331112.447026 3 0 1540 2214 2153 1.005746 0.231256 0.031361 0.005727 0.010363 0.037361 0.000000 0.600000 0.500000 2.400000 0.000000 0 0 0 0 0 3.900000 3.000000 7.800000 2.600000 0 0 0 0 0.000000 0.100000 0.400000 0.500000 0 0 0 0 1194 0 115 0 21 0 38 0 137 1196 6 4 8 166 8 105 0 0 1215 14 104 3 80 0 0 0 0 128 3 4 2 1 0 156 0 0 577 0 6 5 24 0 0 101 216 833 39 30 78 26 0 0 0 1 1218 0 1 4 5 0 0 0 0
1585331112.457014 3 0 1540 2214 2153 1.005746 0.231256 0.031361 0.005727 0.009545 0.037361 0.000000 0.600000 0.500000 2.400000 0.000000 0 0 0 0 0 3.900000 2.900000 7.400000 2.800000 0 0 0 0 0.000000 0.100000 0.400000 0.500000 0 0 0 0 1194 0 115 0 21 0 35 0 137 1196 6 4 8 166 8 105 0 0 1215 14 104 3 80 0 0 0 0 128 3 4 2 1 0 156 0 0 577 0 6 5 24 0 0 101 216 833 39 29 74 28 0 0 0 1 1218 0 1 4 5 0 0 0 0
1585331112.467008 3 0 1550 2229 2153 1.007110 0.232620 0.031361 0.004909 0.009545 0.037361 0.000000 0.600000 0.500000 2.400000 0.000000 0 0 0 0 0 3.900000 3.200000 7.600000 2.500000 0 0 0 0 0.000000 0.100000 0.400000 0.500000 0 0 0 0 1194 0 115 0 18 0 35 0 137 1196 6 14 8 181 8 105 0 0 1215 14 109 3 85 0 0 255 255 128 3 4 2 1 0 155 0 1 577 0 6 5 24 0 0 101 216 833 39 32 76 25 0 0 0 1 1218 0 1 4 5 0 0 0 0
1585331112.477015 3 0 1550 2229 2153 1.005746 0.231256 0.031361 0.005727 0.010363 0.037361 0.000000 0.600000 0.500000 2.400000 0.000000 0 0 0 0 0 3.600000 3.100000 7.500000 2.400000 0 0 0 0 0.000000 0.100000 0.400000 0.500000 0 0 0 0 1194 0 115 0 21 0 38 0 137 1196 6 14 8 181 8 105 0 0 1215 14 104 3 80 0 0 255 254 128 3 4 2 1 0 155 0 0 577 0 6 5 24 0 0 101 216 833 36 31 75 24 0 0 0 1 1218 0 1 4 5 0 0 0 0
1585331112.487027 3 0 1550 2229 2153 1.005746 0.231256 0.031361 0.004909 0.010363 0.037361 0.000000 0.600000 0.500000 2.400000 0.000000 0 0 0 0 0 4.100000 3.000000 7.900000 2.600000 0 0 0 0 0.000000 0.000000 0.700000 0.100000 0 0 0 0 1194 0 115 0 18 0 38 0 137 1196 6 14 8 181 8 105 0 0 1215 14 104 3 80 0 1 255 253 128 3 4 2 1 0 155 0 0 577 0 6 5 24 0 0 101 216 833 41 30 79 26 0 0 0 1 1218 0 0 7 1 0 0 0 0
1585331112.497020 3 0 1550 2229 2153 1.005746 0.231256 0.031361 0.004909 0.009545 0.037361 0.000000 0.600000 0.500000 2.400000 0.000000 0 0 0 0 0 3.900000 3.000000 8.100000 3.100000 0 0 0 0 0.000000 0.000000 0.700000 0.100000 0 0 0 0 1194 0 115 0 18 0 35 0 137 1196 6 14 8 181 8 105 0 0 1215 14 104 3 80 0 1 255 253 128 3 4 2 1 0 155 0 0 577 0 6 5 24 0 0 101 216 833 39 30 81 31 0 0 0 1 1218 0 0 7 1 0 0 0 0
1585331112.507008 3 0 1550 2228 2153 1.005746 0.231256 0.031361 0.004909 0.009545 0.037361 0.000000 0.600000 0.500000 2.400000 0.000000 0 0 0 0 0 3.700000 2.900000 7.500000 3.500000 0 0 0 0 0.000000 0.000000 0.700000 0.100000 0 0 0 0 1194 0 115 0 18 0 35 0 137 1196 6 14 8 180 8 105 0 0 1215 14 104 3 80 0 1 255 253 128 3 4 2 1 0 155 0 0 577 0 6 5 24 0 0 101 216 833 37 29 75 35 0 0 0 1 1218 0 0 7 1 0 0 0 0
1585331112.517100 3 0 1550 2228 2153 1.005746 0.231256 0.031361 0.004909 0.010363 0.037361 0.000000 0.600000 0.500000 2.400000 0.000000 0 0 0 0 0 4.000000 3.200000 7.300000 3.200000 0 0 0 0 0.000000 0.000000 0.700000 0.100000 0 0 0 0 1194 0 115 0 18 0 38 0 137 1196 6 14 8 180 8 105 0 0 1215 14 104 3 80 0 2 255 253 128 3 4 2 1 0 155 0 0 577 0 6 5 24 0 0 101 216 833 40 32 73 32 0 0 0 1 1218 0 0 7 1 0 0 0 0
1585331112.527054 3 0 1550 2229 2154 1.005746 0.231256 0.031361 0.005727 0.010363 0.037361 0.000000 0.600000 0.500000 2.400000 0.000000 0 0 0 0 0 3.600000 2.900000 7.000000 3.200000 0 0 0 0 0.000000 0.000000 0.700000 0.100000 0 0 0 0 1194 0 115 0 21 0 38 0 137 1196 6 14 8 181 8 106 0 0 1215 14 104 3 80 0 2 255 253 128 3 4 2 1 0 155 0 0 577 0 6 5 24 0 0 101 216 833 36 29 70 32 0 0 0 1 1218 0 0 7 1 0 0 0 0
1585331112.537060 3 0 1550 2229 2154 1.005746 0.231256 0.031361 0.004909 0.009545 0.037361 0.000000 0.600000 0.500000 2.400000 0.000000 0 0 0 0 0 3.900000 2.800000 8.300000 2.900000 0 0 0 0 0.000000 0.000000 0.700000 0.100000 0 0 0 0 1194 0 115 0 18 0 35 0 137 1196 6 14 8 181 8 106 0 0 1215 14 104 3 80 0 2 255 253 128 3 4 2 1 0 156 0 0 577 0 6 5 24 0 0 101 216 833 39 28 83 29 0 0 0 1 1218 0 0 7 1 0 0 0 0
1585331112.547059 3 0 1550 2229 2153 1.005746 0.231256 0.031361 0.004909 0.009545 0.037361 0.000000 0.600000 0.500000 2.400000 0.000000 0 0 0 0 0 4.200000 3.300000 7.600000 3.200000 0 0 0 0 0.000000 0.000000 0.700000 0.100000 0 0 0 0 1194 0 115 0 18 0 35 0 137 1196 6 14 8 181 8 105 0 0 1215 14 104 3 80 0 2 255 253 128 3 4 2 1 0 155 0 0 577 0 6 5 24 0 0 101 216 833 42 33 76 32 0 0 0 1 1218 0 0 7 1 0 0 0 0
1585331112.557039 3 0 1550 2229 2153 1.005746 0.231256 0.031361 0.005727 0.009545 0.037361 0.000000 0.600000 0.500000 2.400000 0.000000 0 0 0 0 0 4.000000 3.700000 7.000000 3.600000 0 0 0 0 0.000000 0.000000 0.700000 0.100000 0 0 0 0 1194 0 115 0 21 0 35 0 137 1196 6 14 8 181 8 105 0 0 1215 14 104 3 80 0 1 255 253 128 3 4 2 1 0 155 0 0 577 0 6 5 24 0 0 101 216 833 40 37 70 36 0 0 0 1 1218 0 0 7 1 0 0 0 0
1585331112.567037 3 0 1550 2229 2153 1.005746 0.231256 0.031361 0.004909 0.010363 0.036543 0.000000 0.600000 0.500000 2.400000 0.000000 0 0 0 0 0 3.900000 3.200000 7.500000 2.900000 0 0 0 0 0.000000 0.000000 0.700000 0.100000 0 0 0 0 1194 0 115 0 18 0 38 0 134 1196 6 14 8 181 8 105 0 0 1215 14 104 3 80 0 2 255 253 128 3 4 2 1 0 155 0 1 577 0 6 5 24 0 0 101 216 833 39 32 75 29 0 0 0 1 1218 0 0 7 1 0 0 0 0
1585331112.577128 3 0 1550 2229 2153 1.004382 0.229893 0.031361 0.005727 0.009545 0.037361 0.000000 0.600000 0.500000 2.400000 0.000000 0 0 0 0 0 3.800000 3.300000 7.300000 2.100000 0 0 0 0 0.000000 0.000000 0.700000 0.100000 0 0 0 0 1194 0 115 0 21 0 35 0 137 1196 6 14 8 181 8 105 0 0 1215 14 99 3 75 0 2 255 253 128 3 4 2 1 0 155 0 0 577 0 6 5 24 0 0 101 216 833 38 33 73 21 0 0 0 1 1218 0 0 7 1 0 0 0 0
1585331112.587127 3 0 1550 2229 2153 1.005746 0.231256 0.031361 0.005727 0.009545 0.037361 0.000000 0.600000 0.500000 2.400000 0.000000 0 0 0 0 0 4.200000 3.200000 7.500000 2.400000 0 0 0 0 0.000000 0.000000 0.700000 0.100000 0 0 0 0 1194 0 115 0 21 0 35 0 137 1196 6 14 8 181 8 105 0 0 1215 14 104 3 80 0 2 255 253 128 3 4 2 1 0 155 0 0 577 0 6 5 24 0 0 101 216 833 42 32 75 24 0 0 0 1 1218 0 0 7 1 0 0 0 0
1585331112.597036 3 0 1550 2229 2153 1.005746 0.231256 0.031361 0.004909 0.011454 0.037361 0.000000 0.600000 0.500000 2.400000 0.000000 0 0 0 0 0 3.900000 3.400000 8.100000 3.300000 0 0 0 0 0.000000 0.000000 0.700000 0.100000 0 0 0 0 1194 0 115 0 18 0 42 0 137 1196 6 14 8 181 8 105 0 0 1215 14 104 3 80 0 2 255 253 128 3 4 2 1 0 155 0 0 577 0 6 5 24 0 0 101 216 833 39 34 81 33 0 0 0 1 1218 0 0 7 1 0 0 0 0
1585331112.607076 3 0 1550 2229 2153 1.005746 0.231256 0.031361 0.004909 0.010363 0.037361 0.000000 0.600000 0.500000 2.400000 0.000000 0 0 0 0 0 3.800000 3.200000 8.500000 3.100000 0 0 0 0 0.000000 0.000000 0.700000 0.100000 0 0 0 0 1194 0 115 0 18 0 38 0 137 1196 6 14 8 181 8 105 0 0 1215 14 104 3 80 0 2 255 253 128 3 4 2 1 0 155 0 0 577 0 6 5 24 0 0 101 216 833 38 32 85 31 0 0 0 1 1218 0 0 7 1 0 0 0 0
1585331112.617063 3 0 1550 2229 2153 1.005746 0.231256 0.031361 0.005727 0.009545 0.037361 0.000000 0.600000 0.500000 2.400000 0.000000 0 0 0 0 0 3.900000 3.200000 8.200000 2.900000 0 0 0 0 0.000000 0.000000 0.700000 0.100000 0 0 0 0 1194 0 115 0 21 0 35 0 137 1196 6 14 8 181 8 105 0 0 1215 14 104 3 80 0 2 255 253 128 3 4 2 1 0 155 0 0 577 0 6 5 24 0 0 101 216 833 39 32 82 29 0 0 0 1 1218 0 0 7 1 0 0 0 0
1585331112.627064 3 0 1550 2229 2153 1.005746 0.231256 0.031361 0.005727 0.009545 0.037361 0.000000 0.600000 0.500000 2.400000 0.000000 0 0 0 0 0 4.200000 3.600000 8.500000 3.000000 0 0 0 0 0.000000 0.000000 0.700000 0.100000 0 0 0 0 1194 0 115 0 21 0 35 0 137 1196 6 14 8 181 8 105 0 0 1215 14 104 3 80 0 1 255 253 128 3 4 2 1 0 155 0 0 577 0 6 5 24 0 0 101 216 833 42 36 85 30 0 0 0 1 1218 0 0 7 1 0 0 0 0
1585331112.637117 3 0 1550 2229 2153 1.005746 0.231256 0.031361 0.004909 0.009545 0.036543 0.000000 0.600000 0.500000 2.400000 0.000000 0 0 0 0 0 4.600000 2.800000 8.600000 2.600000 0 0 0 0 0.000000 0.000000 0.700000 0.100000 0 0 0 0 1194 0 115 0 18 0 35 0 134 1196 6 14 8 181 8 105 0 0 1215 14 104 3 80 0 1 255 253 128 3 4 2 1 0 155 0 0 577 0 6 5 24 0 0 101 216 833 46 28 86 26 0 0 0 1 1218 0 0 7 1 0 0 0 0
1585331112.647118 3 0 1550 2228 2153 1.005746 0.231256 0.031361 0.004909 0.009545 0.036543 0.000000 0.600000 0.500000 2.400000 0.000000 0 0 0 0 0 4.200000 3.100000 8.200000 2.800000 0 0 0 0 0.000000 0.000000 0.700000 0.100000 0 0 0 0 1194 0 115 0 18 0 35 0 134 1196 6 14 8 180 8 105 0 0 1215 14 104 3 80 0 1 255 253 128 3 4 2 1 0 155 0 0 577 0 6 5 24 0 0 101 216 833 42 31 82 28 0 0 0 1 1218 0 0 7 1 0 0 0 0
1585331112.657088 3 0 1550 2228 2153 1.005746 0.231256 0.031361 0.004909 0.009545 0.036543 0.000000 0.600000 0.500000 2.400000 0.000000 0 0 0 0 0 3.700000 3.200000 7.200000 2.400000 0 0 0 0 0.000000 0.000000 0.700000 0.100000 0 0 0 0 1194 0 115 0 18 0 35 0 134 1196 6 14 8 180 8 105 0 0 1215 14 104 3 80 0 2 255 253 128 3 4 2 1 0 155 0 0 577 0 6 5 24 0 0 101 216 833 37 32 72 24 0 0 0 1 1218 0 0 7 1 0 0 0 0
1585331112.667090 3 0 1550 2229 2153 1.007110 0.231256 0.031361 0.005727 0.009545 0.037361 0.000000 0.600000 0.500000 2.400000 0.000000 0 0 0 0 0 3.800000 3.300000 7.000000 2.000000 0 0 0 0 0.000000 0.000000 0.700000 0.100000 0 0 0 0 1194 0 115 0 21 0 35 0 137 1196 6 14 8 181 8 105 0 0 1215 14 109 3 80 0 1 255 253 128 3 4 2 1 0 155 0 1 577 0 6 5 24 0 0 101 216 833 38 33 70 20 0 0 0 1 1218 0 0 7 1 0 0 0 0
1585331112.677121 3 0 1550 2229 2153 1.008473 0.229893 0.031361 0.004909 0.010363 0.037361 0.000000 0.600000 0.500000 2.400000 0.000000 0 0 0 0 0 3.800000 3.500000 7.400000 2.800000 0 0 0 0 0.000000 0.000000 0.700000 0.100000 0 0 0 0 1194 0 115 0 18 0 38 0 137 1196 6 14 8 181 8 105 0 0 1215 14 114 3 75 0 2 255 253 128 3 4 2 1 0 155 0 0 577 0 6 5 24 0 0 101 216 833 38 35 74 28 0 0 0 1 1218 0 0 7 1 0 0 0 0
1585331112.687102 3 0 1550 2229 2153 1.009564 0.225529 0.031361 0.005727 0.010363 0.036543 0.000000 0.600000 0.500000 2.400000 0.000000 0 0 0 0 0 3.600000 3.500000 7.600000 2.900000 0 0 0 0 0.000000 0.000000 0.700000 0.100000 0 0 0 0 1194 0 115 0 21 0 38 0 134 1196 6 14 8 181 8 105 0 0 1215 14 118 3 59 0 2 255 253 128 3 4 2 1 0 155 0 0 577 0 6 5 24 0 0 101 216 833 36 35 76 29 0 0 0 1 1218 0 0 7 1 0 0 0 0
1585331112.697041 3 0 1550 2229 2153 1.010927 0.222802 0.031361 0.005727 0.010363 0.037361 0.000000 0.600000 0.500000 2.400000 0.000000 0 0 0 0 0 3.800000 3.600000 8.200000 3.100000 0 0 0 0 0.000000 0.000000 0.700000 0.100000 0 0 0 0 1194 0 115 0 21 0 38 0 137 1196 6 14 8 181 8 105 0 0 1215 14 123 3 49 0 2 255 253 128 3 4 2 1 0 155 0 0 577 0 6 5 24 0 0 101 216 833 38 36 82 31 0 0 0 1 1218 0 0 7 1 0 0 0 0
1585331112.707056 3 0 1551 2229 2154 1.012291 0.221439 0.031361 0.004909 0.009545 0.036543 0.000000 0.600000 0.500000 2.400000 0.000000 0 0 0 0 0 4.000000 3.700000 7.600000 2.900000 0 0 0 0 0.000000 0.000000 0.700000 0.100000 0 0 0 0 1194 0 115 0 18 0 35 0 134 1196 6 15 8 181 8 106 0 0 1215 14 128 3 44 0 2 255 253 128 3 4 2 1 0 155 0 0 577 0 6 5 24 0 0 101 216 833 40 37 76 29 0 0 0 1 1218 0 0 7 1 0 0 0 0
1585331112.717077 3 0 1551 2229 2154 1.012291 0.220075 0.031361 0.005727 0.009545 0.037361 0.000000 0.600000 0.500000 2.400000 0.000000 0 0 0 0 0 4.000000 3.800000 8.200000 3.000000 0 0 0 0 0.000000 0.000000 0.700000 0.100000 0 0 0 0 1194 0 115 0 21 0 35 0 137 1196 6 15 8 181 8 106 0 0 1215 14 128 3 39 0 2 255 253 128 3 4 2 1 0 155 0 0 577 0 6 5 24 0 0 101 216 833 40 38 82 30 0 0 0 1 1218 0 0 7 1 0 0 0 0
1585331112.727096 3 0 1551 2229 2153 1.013655 0.218712 0.031361 0.004909 0.011454 0.037361 0.000000 0.600000 0.500000 2.400000 0.000000 0 0 0 0 0 4.300000 3.600000 8.600000 3.000000 0 0 0 0 0.000000 0.000000 0.700000 0.100000 0 0 0 0 1194 0 115 0 18 0 42 0 137 1196 6 15 8 181 8 105 0 0 1215 14 133 3 34 0 2 255 253 128 3 4 2 1 0 155 0 0 577 0 6 5 24 0 0 101 216 833 43 36 86 30 0 0 0 1 1218 0 0 7 1 0 0 0 0
1585331112.737173 3 0 1551 2229 2153 1.019109 0.222802 0.031361 0.004909 0.009545 0.037361 0.000000 0.600000 0.500000 2.400000 0.000000 0 0 0 0 0 3.900000 3.500000 8.400000 2.900000 0 0 0 0 0.000000 0.000000 0.700000 0.100000 0 0 0 0 1194 0 115 0 18 0 35 0 137 1196 6 15 8 181 8 105 0 0 1215 14 153 3 49 0 2 255 253 128 3 4 2 1 0 156 0 0 577 0 6 5 24 0 0 101 216 833 39 35 84 29 0 0 0 1 1218 0 0 7 1 0 0 0 0
1585331112.746354 3 0 1550 2228 2153 1.013655 0.217348 0.031361 0.005727 0.009545 0.036543 0.000000 0.600000 0.500000 2.400000 0.000000 0 0 0 0 0 3.800000 3.900000 8.800000 2.600000 0 0 0 0 0.000000 0.000000 0.700000 0.100000 0 0 0 0 1194 0 115 0 21 0 35 0 134 1196 6 14 8 180 8 105 0 0 1215 14 133 3 29 0 2 255 253 128 3 4 2 1 0 156 0 0 577 0 6 5 24 0 0 101 216 833 38 39 88 26 0 0 0 1 1218 0 0 7 1 0 0 0 0
1585331112.757132 3 0 1550 2228 2153 1.013655 0.217348 0.031361 0.004909 0.010363 0.036543 0.000000 0.600000 0.500000 2.400000 0.000000 0 0 0 0 0 4.500000 3.300000 8.500000 2.300000 0 0 0 0 0.000000 0.000000 0.700000 0.100000 0 0 0 0 1194 0 115 0 18 0 38 0 134 1196 6 14 8 180 8 105 0 0 1215 14 133 3 29 0 2 255 253 128 3 4 2 1 0 156 0 0 577 0 6 5 24 0 0 101 216 833 45 33 85 23 0 0 0 1 1218 0 0 7 1 0 0 0 0
1585331112.767133 3 0 1551 2229 2153 1.013655 0.217348 0.031361 0.005727 0.010363 0.036543 0.000000 0.600000 0.500000 2.400000 0.000000 0 0 0 0 0 4.000000 3.300000 7.500000 2.500000 0 0 0 0 0.000000 0.000000 0.700000 0.100000 0 0 0 0 1194 0 115 0 21 0 38 0 134 1196 6 15 8 181 8 105 0 0 1215 14 133 3 29 0 2 255 253 128 3 4 2 1 0 155 0 1 577 0 6 5 24 0 0 101 216 833 40 33 75 25 0 0 0 1 1218 0 0 7 1 0 0 0 0
1585331112.777148 3 0 1551 2229 2153 1.015018 0.218712 0.031361 0.004909 0.009545 0.037361 0.000000 0.600000 0.500000 2.400000 0.000000 0 0 0 0 0 3.900000 3.300000 7.900000 2.500000 0 0 0 0 0.000000 0.000000 0.700000 0.100000 0 0 0 0 1194 0 115 0 18 0 35 0 137 1196 6 15 8 181 8 105 0 0 1215 14 138 3 34 0 2 255 253 128 3 4 2 1 0 156 0 0 577 0 6 5 24 0 0 101 216 833 39 33 79 25 0 0 0 1 1218 0 0 7 1 0 0 0 0
1585331112.787110 3 0 1549 2229 2153 1.015018 0.218712 0.031361 0.005727 0.010363 0.036543 0.000000 0.600000 0.500000 2.400000 0.000000 0 0 0 0 0 3.500000 3.300000 9.000000 3.300000 0 0 0 0 0.000000 0.000000 0.700000 0.100000 0 0 0 0 1194 0 115 0 21 0 38 0 134 1196 6 13 8 181 8 105 0 0 1215 14 138 3 34 0 2 255 253 128 3 4 2 1 0 155 0 0 577 0 6 5 24 0 0 101 216 833 35 33 90 33 0 0 0 1 1218 0 0 7 1 0 0 0 0
1585331112.797192 3 0 1549 2229 2153 1.013655 0.217348 0.031361 0.005727 0.009545 0.036543 0.000000 0.600000 0.500000 2.400000 0.000000 0 0 0 0 0 3.900000 3.900000 8.500000 3.100000 0 0 0 0 0.000000 0.000000 0.700000 0.100000 0 0 0 0 1194 0 115 0 21 0 35 0 134 1196 6 13 8 181 8 105 0 0 1215 14 133 3 29 0 2 255 253 128 3 4 2 1 0 155 0 0 577 0 6 5 24 0 0 101 216 833 39 39 85 31 0 0 0 1 1218 0 0 7 1 0 0 0 0
1585331112.807145 3 0 1550 2228 2153 1.013655 0.217348 0.031361 0.004909 0.010363 0.037361 0.000000 0.600000 0.500000 2.400000 0.000000 0 0 0 0 0 4.200000 3.900000 8.300000 2.800000 0 0 0 0 0.000000 0.000000 0.700000 0.100000 0 0 0 0 1194 0 115 0 18 0 38 0 137 1196 6 14 8 180 8 105 0 0 1215 14 133 3 29 0 2 255 253 128 3 4 2 1 0 156 0 0 577 0 6 5 24 0 0 101 216 833 42 39 83 28 0 0 0 1 1218 0 0 7 1 0 0 0 0
1585331112.817199 3 0 1550 2228 2153 1.015018 0.218712 0.031361 0.004909 0.010363 0.037361 0.000000 0.600000 0.500000 2.400000 0.000000 0 0 0 0 0 3.800000 3.900000 7.800000 2.300000 0 0 0 0 0.000000 0.000000 0.700000 0.100000 0 0 0 0 1194 0 115 0 18 0 38 0 137 1196 6 14 8 180 8 105 0 0 1215 14 138 3 34 0 2 255 253 128 3 4 2 1 0 155 0 0 577 0 6 5 24 0 0 101 216 833 38 39 78 23 0 0 0 1 1218 0 0 7 1 0 0 0 0
1585331112.827207 3 0 1551 2230 2153 1.013655 0.217348 0.031361 0.004909 0.010363 0.037361 0.000000 0.600000 0.500000 2.400000 0.000000 0 0 0 0 0 3.800000 3.800000 7.600000 2.500000 0 0 0 0 0.000000 0.000000 0.700000 0.100000 0 0 0 0 1194 0 115 0 18 0 38 0 137 1196 6 15 8 182 8 105 0 0 1215 14 133 3 29 0 2 255 253 128 3 4 2 1 0 155 0 0 577 0 6 5 24 0 0 101 216 833 38 38 76 25 0 0 0 1 1218 0 0 7 1 0 0 0 0
1585331112.837150 3 0 1551 2230 2153 1.013655 0.217348 0.031361 0.005727 0.010363 0.037361 0.000000 0.600000 0.500000 2.400000 0.000000 0 0 0 0 0 3.800000 3.500000 7.700000 3.200000 0 0 0 0 0.000000 0.000000 0.700000 0.100000 0 0 0 0 1194 0 115 0 21 0 38 0 137 1196 6 15 8 182 8 105 0 0 1215 14 133 3 29 0 1 255 253 128 3 4 2 1 0 155 0 0 577 0 6 5 24 0 0 101 216 833 38 35 77 32 0 0 0 1 1218 0 0 7 1 0 0 0 0
1585331112.847147 3 0 1550 2229 2153 1.013655 0.215984 0.031361 0.005727 0.009545 0.037361 0.000000 0.600000 0.500000 2.400000 0.000000 0 0 0 0 0 4.000000 3.400000 8.100000 3.500000 0 0 0 0 0.000000 0.000000 0.700000 0.100000 0 0 0 0 1194 0 115 0 21 0 35 0 137 1196 6 14 8 181 8 105 0 0 1215 14 133 3 24 0 2 255 253 128 3 4 2 1 0 155 0 0 577 0 6 5 24 0 0 101 216 833 40 34 81 35 0 0 0 1 1218 0 0 7 1 0 0 0 0
1585331112.857121 3 0 1550 2229 2153 1.013655 0.217348 0.031361 0.004909 0.010363 0.037361 0.000000 0.600000 0.500000 2.400000 0.000000 0 0 0 0 0 4.200000 3.500000 8.000000 2.800000 0 0 0 0 0.000000 0.000000 0.700000 0.100000 0 0 0 0 1194 0 115 0 18 0 38 0 137 1196 6 14 8 181 8 105 0 0 1215 14 133 3 29 0 2 255 253 128 3 4 2 1 0 155 0 0 577 0 6 5 24 0 0 101 216 833 42 35 80 28 0 0 0 1 1218 0 0 7 1 0 0 0 0
1585331112.867220 3 0 1550 2229 2153 1.013655 0.217348 0.031361 0.004909 0.010363 0.040633 0.000000 0.600000 0.500000 2.400000 0.000000 0 0 0 0 0 3.800000 3.200000 8.300000 2.900000 0 0 0 0 0.000000 0.000000 0.700000 0.100000 0 0 0 0 1194 0 115 0 18 0 38 0 149 1196 6 14 8 181 8 105 0 0 1215 14 133 3 29 0 2 255 253 128 3 4 2 1 0 155 0 1 577 0 6 5 24 0 0 101 216 833 38 32 83 29 0 0 0 1 1218 0 0 7 1 0 0 0 0
1585331112.877173 3 0 1550 2229 2153 1.013655 0.217348 0.031361 0.005727 0.010363 0.037361 0.000000 0.600000 0.500000 2.400000 0.000000 0 0 0 0 0 3.900000 2.900000 8.800000 3.700000 0 0 0 0 0.000000 0.000000 0.700000 0.100000 0 0 0 0 1194 0 115 0 21 0 38 0 137 1196 6 14 8 181 8 105 0 0 1215 14 133 3 29 0 2 255 253 128 3 4 2 1 0 156 0 0 577 0 6 5 24 0 0 101 216 833 39 29 88 37 0 0 0 1 1218 0 0 7 1 0 0 0 0
1585331112.887146 3 0 1551 2228 2153 1.013655 0.215984 0.031361 0.005727 0.009545 0.037361 0.000000 0.600000 0.500000 2.400000 0.000000 0 0 0 0 0 3.800000 3.300000 8.200000 3.300000 0 0 0 0 0.000000 0.000000 0.700000 0.100000 0 0 0 0 1194 0 115 0 21 0 35 0 137 1196 6 15 8 180 8 105 0 0 1215 14 133 3 24 0 2 255 253 128 3 4 2 1 0 155 0 0 577 0 6 5 24 0 0 101 216 833 38 33 82 33 0 0 0 1 1218 0 0 7 1 0 0 0 0
1585331112.897152 3 0 1551 2228 2153 1.013655 0.217348 0.031361 0.005727 0.010363 0.037361 0.000000 0.600000 0.500000 2.400000 0.000000 0 0 0 0 0 3.700000 3.400000 8.400000 2.400000 0 0 0 0 0.000000 0.000000 0.700000 0.100000 0 0 0 0 1194 0 115 0 21 0 38 0 137 1196 6 15 8 180 8 105 0 0 1215 14 133 3 29 0 2 255 253 128 3 4 2 1 0 155 0 0 577 0 6 5 24 0 0 101 216 833 37 34 84 24 0 0 0 1 1218 0 0 7 1 0 0 0 0
1585331112.907213 3 0 1551 2229 2153 1.013655 0.217348 0.031361 0.006545 0.010363 0.037361 0.000000 0.600000 0.500000 2.400000 0.000000 0 0 0 0 0 4.300000 3.400000 7.800000 2.400000 0 0 0 0 0.000000 0.000000 0.700000 0.100000 0 0 0 0 1194 0 115 0 24 0 38 0 137 1196 6 15 8 181 8 105 0 0 1215 14 133 3 29 0 2 255 253 128 3 4 2 1 0 156 0 0 577 0 6 5 24 0 0 101 216 833 43 34 78 24 0 0 0 1 1218 0 0 7 1 0 0 0 0
1585331112.917177 3 0 1551 2229 2153 1.013655 0.217348 0.031361 0.004091 0.010363 0.036543 0.000000 0.600000 0.500000 2.400000 0.000000 0 0 0 0 0 4.000000 3.100000 7.700000 2.600000 0 0 0 0 0.000000 0.000000 0.700000 0.100000 0 0 0 0 1194 0 115 0 15 0 38 0 134 1196 6 15 8 181 8 105 0 0 1215 14 133 3 29 0 2 255 253 128 3 4 2 1 0 156 0 0 577 0 6 5 24 0 0 101 216 833 40 31 77 26 0 0 0 1 1218 0 0 7 1 0 0 0 0
1585331112.927234 3 0 1550 2229 2153 1.013655 0.217348 0.031361 0.004909 0.010363 0.037361 0.000000 0.600000 0.500000 2.400000 0.000000 0 0 0 0 0 3.700000 2.700000 7.600000 2.900000 0 0 0 0 0.000000 0.000000 0.700000 0.100000 0 0 0 0 1194 0 115 0 18 0 38 0 137 1196 6 14 8 181 8 105 0 0 1215 14 133 3 29 0 2 255 253 128 3 4 2 1 0 155 0 0 577 0 6 5 24 0 0 101 216 833 37 27 76 29 0 0 0 1 1218 0 0 7 1 0 0 0 0
1585331112.937286 3 0 1550 2229 2153 1.013655 0.217348 0.031361 0.004909 0.010363 0.037361 0.000000 0.600000 0.500000 2.400000 0.000000 0 0 0 0 0 4.100000 3.100000 7.600000 3.400000 0 0 0 0 0.000000 0.000000 0.700000 0.100000 0 0 0 0 1194 0 115 0 18 0 38 0 137 1196 6 14 8 181 8 105 0 0 1215 14 133 3 29 0 2 255 253 128 3 4 2 1 0 155 0 0 577 0 6 5 24 0 0 101 216 833 41 31 76 34 0 0 0 1 1218 0 0 7 1 0 0 0 0
1585331112.947206 3 0 1550 2229 2153 1.013655 0.217348 0.031361 0.004909 0.009545 0.037361 0.000000 0.600000 0.500000 2.400000 0.000000 0 0 0 0 0 4.000000 2.900000 8.200000 3.200000 0 0 0 0 0.000000 0.000000 0.700000 0.100000 0 0 0 0 1194 0 115 0 18 0 35 0 137 1196 6 14 8 181 8 105 0 0 1215 14 133 3 29 0 1 255 253 128 3 4 2 1 0 155 0 0 577 0 6 5 24 0 0 101 216 833 40 29 82 32 0 0 0 1 1218 0 0 7 1 0 0 0 0
1585331112.957183 3 0 1550 2229 2153 1.013655 0.217348 0.031361 0.004909 0.009545 0.037361 0.000000 0.600000 0.500000 2.400000 0.000000 0 0 0 0 0 3.800000 2.800000 8.400000 2.900000 0 0 0 0 0.000000 0.000000 0.700000 0.100000 0 0 0 0 1194 0 115 0 18 0 35 0 137 1196 6 14 8 181 8 105 0 0 1215 14 133 3 29 0 2 255 253 128 3 4 2 1 0 156 0 0 577 0 6 5 24 0 0 101 216 833 38 28 84 29 0 0 0 1 1218 0 0 7 1 0 0 0 0
1585331112.967232 3 0 1550 2229 2153 1.013655 0.217348 0.031361 0.004909 0.010363 0.036543 0.000000 0.600000 0.500000 2.400000 0.000000 0 0 0 0 0 4.000000 3.600000 7.400000 2.400000 0 0 0 0 0.000000 0.000000 0.700000 0.100000 0 0 0 0 1194 0 115 0 18 0 38 0 134 1196 6 14 8 181 8 105 0 0 1215 14 133 3 29 0 2 255 253 128 3 4 2 1 0 156 0 1 577 0 6 5 24 0 0 101 216 833 40 36 74 24 0 0 0 1 1218 0 0 7 1 0 0 0 0
1585331112.977172 3 0 1550 2229 2153 1.013655 0.217348 0.031361 0.005727 0.009545 0.037361 0.000000 0.600000 0.500000 2.400000 0.000000 0 0 0 0 0 4.100000 3.800000 7.800000 2.900000 0 0 0 0 0.000000 0.000000 0.700000 0.100000 0 0 0 0 1194 0 115 0 21 0 35 0 137 1196 6 14 8 181 8 105 0 0 1215 14 133 3 29 0 2 255 253 128 3 4 2 1 0 155 0 0 577 0 6 5 24 0 0 101 216 833 41 38 78 29 0 0 0 1 1218 0 0 7 1 0 0 0 0
1585331112.987148 3 0 1550 2229 2153 1.013655 0.217348 0.031361 0.004909 0.010363 0.037361 0.000000 0.600000 0.500000 2.400000 0.000000 0 0 0 0 0 3.800000 3.500000 8.600000 3.400000 0 0 0 0 0.000000 0.000000 0.700000 0.100000 0 0 0 0 1194 0 115 0 18 0 38 0 137 1196 6 14 8 181 8 105 0 0 1215 14 133 3 29 0 2 255 253 128 3 4 2 1 0 155 0 0 577 0 6 5 24 0 0 101 216 833 38 35 86 34 0 0 0 1 1218 0 0 7 1 0 0 0 0
1585331112.997206 3 0 1550 2229 2153 1.015018 0.218712 0.031361 0.005727 0.009545 0.036543 0.000000 0.600000 0.500000 2.400000 0.000000 0 0 0 0 0 3.900000 3.300000 7.300000 3.200000 0 0 0 0 0.000000 0.000000 0.700000 0.100000 0 0 0 0 1194 0 115 0 21 0 35 0 134 1196 6 14 8 181 8 105 0 0 1215 14 138 3 34 0 2 255 253 128 3 4 2 1 0 155 0 0 577 0 6 5 24 0 0 101 216 833 39 33 73 32 0 0 0 1 1218 0 0 7 1 0 0 0 0
1585331113.007231 3 0 1551 2228 2153 1.013655 0.217348 0.031361 0.004909 0.010363 0.036543 0.000000 0.600000 0.500000 2.400000 0.000000 0 0 0 0 0 4.100000 3.100000 7.700000 2.700000 0 0 0 0 0.000000 0.000000 0.700000 0.100000 0 0 0 0 1194 0 115 0 18 0 38 0 134 1196 6 15 8 180 8 105 0 0 1215 14 133 3 29 0 1 255 253 128 3 4 2 1 0 155 0 0 577 0 6 5 24 0 0 101 216 833 41 31 77 27 0 0 0 1 1218 0 0 7 1 0 0 0 0
1585331113.017193 3 0 1551 2228 2153 1.013655 0.217348 0.031361 0.004909 0.010363 0.037361 0.000000 0.600000 0.500000 2.400000 0.000000 0 0 0 0 0 3.600000 2.900000 8.300000 2.500000 0 0 0 0 0.000000 0.000000 0.700000 0.100000 0 0 0 0 1194 0 115 0 18 0 38 0 137 1196 6 15 8 180 8 105 0 0 1215 14 133 3 29 0 1 255 253 128 3 4 2 1 0 155 0 0 577 0 6 5 24 0 0 101 216 833 36 29 83 25 0 0 0 1 1218 0 0 7 1 0 0 0 0
1585331113.027201 3 0 1551 2229 2153 1.013655 0.217348 0.031361 0.005727 0.010363 0.037361 0.000000 0.600000 0.500000 2.400000 0.000000 0 0 0 0 0 3.800000 3.500000 7.200000 2.500000 0 0 0 0 0.000000 0.000000 0.700000 0.100000 0 0 0 0 1194 0 115 0 21 0 38 0 137 1196 6 15 8 181 8 105 0 0 1215 14 133 3 29 0 1 255 253 128 3 4 2 1 0 155 0 0 577 0 6 5 24 0 0 101 216 833 38 35 72 25 0 0 0 1 1218 0 0 7 1 0 0 0 0
1585331113.037185 3 0 1551 2229 2153 1.013655 0.217348 0.031361 0.004909 0.009545 0.037361 0.000000 0.600000 0.500000 2.400000 0.000000 0 0 0 0 0 3.700000 3.900000 7.500000 3.000000 0 0 0 0 0.000000 0.000000 0.700000 0.100000 0 0 0 0 1194 0 115 0 18 0 35 0 137 1196 6 15 8 181 8 105 0 0 1215 14 133 3 29 0 2 255 253 128 3 4 2 1 0 155 0 0 577 0 6 5 24 0 0 101 216 833 37 39 75 30 0 0 0 1 1218 0 0 7 1 0 0 0 0
1585331113.047189 3 0 1550 2228 2153 1.013655 0.217348 0.031361 0.005727 0.010363 0.037361 0.000000 0.600000 0.500000 2.400000 0.000000 0 0 0 0 0 3.900000 3.300000 8.600000 2.600000 0 0 0 0 0.000000 0.000000 0.700000 0.100000 0 0 0 0 1194 0 115 0 21 0 38 0 137 1196 6 14 8 180 8 105 0 0 1215 14 133 3 29 0 2 255 253 128 3 4 2 1 0 156 0 0 577 0 6 5 24 0 0 101 216 833 39 33 86 26 0 0 0 1 1218 0 0 7 1 0 0 0 0
1585331113.057245 3 0 1550 2228 2153 1.013655 0.217348 0.031361 0.004909 0.009545 0.037361 0.000000 0.600000 0.500000 2.400000 0.000000 0 0 0 0 0 3.700000 3.600000 8.400000 2.000000 0 0 0 0 0.000000 0.000000 0.700000 0.100000 0 0 0 0 1194 0 115 0 18 0 35 0 137 1196 6 14 8 180 8 105 0 0 1215 14 133 3 29 0 1 255 253 128 3 4 2 1 0 155 0 0 577 0 6 5 24 0 0 101 216 833 37 36 84 20 0 0 0 1 1218 0 0 7 1 0 0 0 0
1585331113.067338 3 0 1550 2228 2153 1.013655 0.217348 0.031361 0.004909 0.009545 0.035179 0.000000 0.600000 0.500000 2.400000 0.000000 0 0 0 0 0 3.700000 3.400000 7.800000 2.800000 0 0 0 0 0.000000 0.000000 0.700000 0.100000 0 0 0 0 1194 0 115 0 18 0 35 0 129 1196 6 14 8 180 8 105 0 0 1215 14 133 3 29 0 1 255 253 128 3 4 2 1 0 155 0 1 577 0 6 5 24 0 0 101 216 833 37 34 78 28 0 0 0 1 1218 0 0 7 1 0 0 0 0
1585331113.077269 3 0 1550 2228 2153 1.013655 0.217348 0.031361 0.004909 0.009545 0.037361 0.000000 0.600000 0.500000 2.400000 0.000000 0 0 0 0 0 3.700000 3.200000 7.800000 2.700000 0 0 0 0 0.000000 0.000000 0.700000 0.100000 0 0 0 0 1194 0 115 0 18 0 35 0 137 1196 6 14 8 180 8 105 0 0 1215 14 133 3 29 0 2 255 253 128 3 4 2 1 0 156 0 0 577 0 6 5 24 0 0 101 216 833 37 32 78 27 0 0 0 1 1218 0 0 7 1 0 0 0 0
1585331113.087181 3 0 1550 2229 2153 1.012291 0.215984 0.031361 0.004909 0.010363 0.037361 0.000000 0.600000 0.500000 2.400000 0.000000 0 0 0 0 0 3.500000 3.100000 7.600000 2.600000 0 0 0 0 0.000000 0.000000 0.700000 0.100000 0 0 0 0 1194 0 115 0 18 0 38 0 137 1196 6 14 8 181 8 105 0 0 1215 14 128 3 24 0 1 255 253 128 3 4 2 1 0 155 0 0 577 0 6 5 24 0 0 101 216 833 35 31 76 26 0 0 0 1 1218 0 0 7 1 0 0 0 0
1585331113.097226 3 0 1550 2229 2153 1.013655 0.217348 0.031361 0.005727 0.010363 0.036543 0.000000 0.600000 0.500000 2.400000 0.000000 0 0 0 0 0 4.100000 3.500000 7.700000 3.000000 0 0 0 0 0.000000 0.000000 0.700000 0.100000 0 0 0 0 1194 0 115 0 21 0 38 0 134 1196 6 14 8 181 8 105 0 0 1215 14 133 3 29 0 2 255 253 128 3 4 2 1 0 156 0 0 577 0 6 5 24 0 0 101 216 833 41 35 77 30 0 0 0 1 1218 0 0 7 1 0 0 0 0
1585331113.107258 3 0 1550 2229 2153 1.013655 0.217348 0.031361 0.005727 0.009545 0.037361 0.000000 0.600000 0.500000 2.400000 0.000000 0 0 0 0 0 3.800000 3.300000 7.900000 2.800000 0 0 0 0 0.000000 0.000000 0.700000 0.100000 0 0 0 0 1194 0 115 0 21 0 35 0 137 1196 6 14 8 181 8 105 0 0 1215 14 133 3 29 0 2 255 253 128 3 4 2 1 0 155 0 0 577 0 6 5 24 0 0 101 216 833 38 33 79 28 0 0 0 1 1218 0 0 7 1 0 0 0 0
1585331113.117240 3 0 1550 2229 2153 1.013655 0.217348 0.031361 0.004909 0.010363 0.037361 0.000000 0.600000 0.500000 2.400000 0.000000 0 0 0 0 0 3.600000 3.200000 7.900000 2.000000 0 0 0 0 0.000000 0.000000 0.700000 0.100000 0 0 0 0 1194 0 115 0 18 0 38 0 137 1196 6 14 8 181 8 105 0 0 1215 14 133 3 29 0 2 255 253 128 3 4 2 1 0 156 0 0 577 0 6 5 24 0 0 101 216 833 36 32 79 20 0 0 0 1 1218 0 0 7 1 0 0 0 0
1585331113.127251 3 0 1550 2229 2153 1.015018 0.218712 0.031361 0.004909 0.010363 0.037361 0.000000 0.600000 0.500000 2.400000 0.000000 0 0 0 0 0 4.200000 3.500000 8.000000 2.700000 0 0 0 0 0.000000 0.000000 0.700000 0.100000 0 0 0 0 1194 0 115 0 18 0 38 0 137 1196 6 14 8 181 8 105 0 0 1215 14 138 3 34 0 2 255 253 128 3 4 2 1 0 155 0 0 577 0 6 5 24 0 0 101 216 833 42 35 80 27 0 0 0 1 1218 0 0 7 1 0 0 0 0
1585331113.137311 3 0 1550 2229 2153 1.013655 0.217348 0.031361 0.004909 0.009545 0.037361 0.000000 0.600000 0.500000 2.400000 0.000000 0 0 0 0 0 4.400000 3.300000 8.100000 2.900000 0 0 0 0 0.000000 0.000000 0.700000 0.100000 0 0 0 0 1194 0 115 0 18 0 35 0 137 1196 6 14 8 181 8 105 0 0 1215 14 133 3 29 0 1 255 253 128 3 4 2 1 0 155 0 0 577 0 6 5 24 0 0 101 216 833 44 33 81 29 0 0 0 1 1218 0 0 7 1 0 0 0 0
1585331113.147206 3 0 1550 2228 2154 1.015018 0.213257 0.031361 0.005727 0.010363 0.036543 0.000000 0.600000 0.500000 2.400000 0.000000 0 0 0 0 0 4.200000 3.800000 7.400000 2.200000 0 0 0 0 0.000000 0.000000 0.700000 0.100000 0 0 0 0 1194 0 115 0 21 0 38 0 134 1196 6 14 8 180 8 106 0 0 1215 14 138 3 14 0 2 255 253 128 3 4 2 1 0 156 0 0 577 0 6 5 24 0 0 101 216 833 42 38 74 22 0 0 0 1 1218 0 0 7 1 0 0 0 0
1585331113.157223 3 0 1550 2228 2154 1.013655 0.217348 0.031361 0.004909 0.009545 0.037361 0.000000 0.600000 0.500000 2.400000 0.000000 0 0 0 0 0 4.100000 3.600000 7.100000 2.000000 0 0 0 0 0.000000 0.000000 0.700000 0.100000 0 0 0 0 1194 0 115 0 18 0 35 0 137 1196 6 14 8 180 8 106 0 0 1215 14 133 3 29 0 2 255 253 128 3 4 2 1 0 155 0 0 577 0 6 5 24 0 0 101 216 833 41 36 71 20 0 0 0 1 1218 0 0 7 1 0 0 0 0
1585331113.167285 3 0 1550 2228 2153 1.013655 0.215984 0.031361 0.004909 0.009545 0.037361 0.000000 0.600000 0.500000 2.400000 0.000000 0 0 0 0 0 3.800000 3.800000 8.400000 2.700000 0 0 0 0 0.000000 0.000000 0.700000 0.100000 0 0 0 0 1194 0 115 0 18 0 35 0 137 1196 6 14 8 180 8 105 0 0 1215 14 133 3 24 0 1 255 253 128 3 4 2 1 0 156 0 1 577 0 6 5 24 0 0 101 216 833 38 38 84 27 0 0 0 1 1218 0 0 7 1 0 0 0 0
1585331113.177276 3 0 1550 2228 2153 1.015018 0.218712 0.031361 0.005727 0.010363 0.037361 0.000000 0.600000 0.500000 2.400000 0.000000 0 0 0 0 0 3.900000 3.900000 8.500000 3.500000 0 0 0 0 0.000000 0.000000 0.700000 0.100000 0 0 0 0 1194 0 115 0 21 0 38 0 137 1196 6 14 8 180 8 105 0 0 1215 14 138 3 34 0 2 255 253 128 3 4 2 1 0 155 0 0 577 0 6 5 24 0 0 101 216 833 39 39 85 35 0 0 0 1 1218 0 0 7 1 0 0 0 0
1585331113.187318 3 0 1549 2229 2153 1.013655 0.217348 0.031361 0.004909 0.009545 0.037361 0.000000 0.600000 0.500000 2.400000 0.000000 0 0 0 0 0 4.000000 3.800000 8.500000 2.700000 0 0 0 0 0.000000 0.000000 0.700000 0.100000 0 0 0 0 1194 0 115 0 18 0 35 0 137 1196 6 13 8 181 8 105 0 0 1215 14 133 3 29 0 2 255 253 128 3 4 2 1 0 156 0 0 577 0 6 5 24 0 0 101 216 833 40 38 85 27 0 0 0 1 1218 0 0 7 1 0 0 0 0
1585331113.197322 3 0 1549 2229 2153 1.013655 0.217348 0.031361 0.004909 0.009545 0.037361 0.000000 0.600000 0.500000 2.400000 0.000000 0 0 0 0 0 3.500000 3.200000 8.300000 2.600000 0 0 0 0 0.000000 0.000000 0.700000 0.100000 0 0 0 0 1194 0 115 0 18 0 35 0 137 1196 6 13 8 181 8 105 0 0 1215 14 133 3 29 0 2 255 253 128 3 4 2 1 0 155 0 0 577 0 6 5 24 0 0 101 216 833 35 32 83 26 0 0 0 1 1218 0 0 7 1 0 0 0 0
1585331113.207249 3 0 1551 2229 2153 1.013655 0.215984 0.031361 0.004909 0.009545 0.036543 0.000000 0.600000 0.500000 2.400000 0.000000 0 0 0 0 0 4.000000 3.500000 8.100000 2.600000 0 0 0 0 0.000000 0.000000 0.700000 0.100000 0 0 0 0 1194 0 115 0 18 0 35 0 134 1196 6 15 8 181 8 105 0 0 1215 14 133 3 24 0 1 255 253 128 3 4 2 1 0 155 0 0 577 0 6 5 24 0 0 101 216 833 40 35 81 26 0 0 0 1 1218 0 0 7 1 0 0 0 0
1585331113.217324 3 0 1551 2229 2153 1.013655 0.217348 0.031361 0.005727 0.010363 0.037361 0.000000 0.600000 0.500000 2.400000 0.000000 0 0 0 0 0 4.500000 4.000000 8.500000 2.600000 0 0 0 0 0.000000 0.000000 0.700000 0.100000 0 0 0 0 1194 0 115 0 21 0 38 0 137 1196 6 15 8 181 8 105 0 0 1215 14 133 3 29 0 1 255 253 128 3 4 2 1 0 155 0 0 577 0 6 5 24 0 0 101 216 833 45 40 85 26 0 0 0 1 1218 0 0 7 1 0 0 0 0
1585331113.227299 3 0 1550 2228 2153 1.013655 0.217348 0.031361 0.005727 0.009545 0.037361 0.000000 0.600000 0.500000 2.400000 0.000000 0 0 0 0 0 4.000000 3.300000 8.400000 3.100000 0 0 0 0 0.000000 0.000000 0.700000 0.100000 0 0 0 0 1194 0 115 0 21 0 35 0 137 1196 6 14 8 180 8 105 0 0 1215 14 133 3 29 0 1 255 253 128 3 4 2 1 0 155 0 0 577 0 6 5 24 0 0 101 216 833 40 33 84 31 0 0 0 1 1218 0 0 7 1 0 0 0 0
1585331113.237285 3 0 1550 2228 2153 1.013655 0.217348 0.031361 0.004909 0.010363 0.037361 0.000000 0.600000 0.500000 2.400000 0.000000 0 0 0 0 0 3.600000 3.100000 7.900000 2.800000 0 0 0 0 0.000000 0.000000 0.700000 0.100000 0 0 0 0 1194 0 115 0 18 0 38 0 137 1196 6 14 8 180 8 105 0 0 1215 14 133 3 29 0 2 255 253 128 3 4 2 1 0 155 0 0 577 0 6 5 24 0 0 101 216 833 36 31 79 28 0 0 0 1 1218 0 0 7 1 0 0 0 0
1585331113.247251 3 0 1550 2228 2153 1.013655 0.217348 0.031361 0.004909 0.010363 0.037361 0.000000 0.600000 0.500000 2.400000 0.000000 0 0 0 0 0 3.800000 3.000000 7.800000 2.900000 0 0 0 0 0.000000 0.000000 0.700000 0.100000 0 0 0 0 1194 0 115 0 18 0 38 0 137 1196 6 14 8 180 8 105 0 0 1215 14 133 3 29 0 1 255 253 128 3 4 2 1 0 155 0 0 577 0 6 5 24 0 0 101 216 833 38 30 78 29 0 0 0 1 1218 0 0 7 1 0 0 0 0
1585331113.257342 3 0 1550 2228 2153 1.013655 0.217348 0.031361 0.004909 0.009545 0.036543 0.000000 0.600000 0.500000 2.400000 0.000000 0 0 0 0 0 4.100000 3.700000 7.900000 3.200000 0 0 0 0 0.000000 0.000000 0.700000 0.100000 0 0 0 0 1194 0 115 0 18 0 35 0 134 1196 6 14 8 180 8 105 0 0 1215 14 133 3 29 0 2 255 253 128 3 4 2 1 0 156 0 0 577 0 6 5 24 0 0 101 216 833 41 37 79 32 0 0 0 1 1218 0 0 7 1 0 0 0 0
1585331113.267277 3 0 1551 2229 2153 1.013655 0.217348 0.031361 0.005727 0.010363 0.037361 0.000000 0.600000 0.500000 2.400000 0.000000 0 0 0 0 0 4.300000 3.900000 8.100000 2.800000 0 0 0 0 0.000000 0.000000 0.700000 0.100000 0 0 0 0 1194 0 115 0 21 0 38 0 137 1196 6 15 8 181 8 105 0 0 1215 14 133 3 29 0 2 255 253 128 3 4 2 1 0 155 0 1 577 0 6 5 24 0 0 101 216 833 43 39 81 28 0 0 0 1 1218 0 0 7 1 0 0 0 0
1585331113.277307 3 0 1551 2229 2153 1.012291 0.215984 0.031361 0.004909 0.009545 0.037361 0.000000 0.600000 0.500000 2.400000 0.000000 0 0 0 0 0 4.000000 3.300000 8.600000 3.000000 0 0 0 0 0.000000 0.000000 0.700000 0.100000 0 0 0 0 1194 0 115 0 18 0 35 0 137 1196 6 15 8 181 8 105 0 0 1215 14 128 3 24 0 1 255 253 128 3 4 2 1 0 155 0 0 577 0 6 5 24 0 0 101 216 833 40 33 86 30 0 0 0 1 1218 0 0 7 1 0 0 0 0
1585331113.287266 3 0 1550 2229 2153 1.013655 0.217348 0.031361 0.005727 0.010363 0.036543 0.000000 0.600000 0.500000 2.400000 0.000000 0 0 0 0 0 4.100000 3.400000 8.300000 2.700000 0 0 0 0 0.000000 0.000000 0.700000 0.100000 0 0 0 0 1194 0 115 0 21 0 38 0 134 1196 6 14 8 181 8 105 0 0 1215 14 133 3 29 0 2 255 253 128 3 4 2 1 0 155 0 0 577 0 6 5 24 0 0 101 216 833 41 34 83 27 0 0 0 1 1218 0 0 7 1 0 0 0 0
1585331113.297279 3 0 1550 2229 2153 1.013655 0.217348 0.031361 0.004909 0.010363 0.037361 0.000000 0.600000 0.500000 2.400000 0.000000 0 0 0 0 0 3.800000 3.400000 7.600000 2.500000 0 0 0 0 0.000000 0.000000 0.700000 0.100000 0 0 0 0 1194 0 115 0 18 0 38 0 137 1196 6 14 8 181 8 105 0 0 1215 14 133 3 29 0 2 255 253 128 3 4 2 1 0 155 0 0 577 0 6 5 24 0 0 101 216 833 38 34 76 25 0 0 0 1 1218 0 0 7 1 0 0 0 0
1585331113.307327 3 0 1550 2229 2153 1.013655 0.217348 0.031361 0.004091 0.010363 0.036543 0.000000 0.600000 0.500000 2.400000 0.000000 0 0 0 0 0 3.700000 3.300000 7.200000 2.800000 0 0 0 0 0.000000 0.000000 0.700000 0.100000 0 0 0 0 1194 0 115 0 15 0 38 0 134 1196 6 14 8 181 8 105 0 0 1215 14 133 3 29 0 2 255 253 128 3 4 2 1 0 155 0 0 577 0 6 5 24 0 0 101 216 833 37 33 72 28 0 0 0 1 1218 0 0 7 1 0 0 0 0
1585331113.317425 3 0 1550 2229 2153 1.013655 0.217348 0.031361 0.004909 0.009545 0.037361 0.000000 0.600000 0.500000 2.400000 0.000000 0 0 0 0 0 4.200000 3.800000 7.900000 2.500000 0 0 0 0 0.000000 0.000000 0.700000 0.100000 0 0 0 0 1194 0 115 0 18 0 35 0 137 1196 6 14 8 181 8 105 0 0 1215 14 133 3 29 0 2 255 253 128 3 4 2 1 0 155 0 0 577 0 6 5 24 0 0 101 216 833 42 38 79 25 0 0 0 1 1218 0 0 7 1 0 0 0 0
1585331113.327321 3 0 1550 2228 2153 1.016382 0.221439 0.031361 0.005727 0.009545 0.037361 0.000000 0.600000 0.500000 2.400000 0.000000 0 0 0 0 0 4.100000 3.700000 7.500000 2.700000 0 0 0 0 0.000000 0.000000 0.700000 0.100000 0 0 0 0 1194 0 115 0 21 0 35 0 137 1196 6 14 8 180 8 105 0 0 1215 14 143 3 44 0 2 255 253 128 3 4 2 1 0 156 0 0 577 0 6 5 24 0 0 101 216 833 41 37 75 27 0 0 0 1 1218 0 0 7 1 0 0 0 0
1585331113.337275 3 0 1550 2228 2153 1.012291 0.215984 0.031361 0.005727 0.009545 0.038724 0.000000 0.600000 0.500000 2.400000 0.000000 0 0 0 0 0 3.700000 3.200000 7.800000 3.000000 0 0 0 0 0.000000 0.000000 0.700000 0.100000 0 0 0 0 1194 0 115 0 21 0 35 0 142 1196 6 14 8 180 8 105 0 0 1215 14 128 3 24 0 1 255 253 128 3 4 2 1 0 155 0 0 577 0 6 5 24 0 0 101 216 833 37 32 78 30 0 0 0 1 1218 0 0 7 1 0 0 0 0
1585331113.347347 3 0 1550 2228 2153 1.013655 0.217348 0.031361 0.004909 0.010363 0.036543 0.000000 0.600000 0.500000 2.400000 0.000000 0 0 0 0 0 3.500000 2.900000 8.700000 2.800000 0 0 0 0 0.000000 0.000000 0.700000 0.100000 0 0 0 0 1194 0 115 0 18 0 38 0 134 1196 6 14 8 180 8 105 0 0 1215 14 133 3 29 0 1 255 253 128 3 4 2 1 0 155 0 0 577 0 6 5 24 0 0 101 216 833 35 29 87 28 0 0 0 1 1218 0 0 7 1 0 0 0 0
1585331113.357319 3 0 1550 2228 2153 1.013655 0.217348 0.031361 0.004909 0.009545 0.035997 0.000000 0.600000 0.500000 2.400000 0.000000 0 0 0 0 0 3.600000 3.600000 8.300000 2.600000 0 0 0 0 0.000000 0.000000 0.700000 0.100000 0 0 0 0 1194 0 115 0 18 0 35 0 132 1196 6 14 8 180 8 105 0 0 1215 14 133 3 29 0 2 255 253 128 3 4 2 1 0 156 0 0 577 0 6 5 24 0 0 101 216 833 36 36 83 26 0 0 0 1 1218 0 0 7 1 0 0 0 0
1585331113.367320 3 0 1550 2227 2153 1.015018 0.218712 0.031361 0.004091 0.009545 0.037361 0.000000 0.600000 0.500000 2.400000 0.000000 0 0 0 0 0 4.000000 3.400000 8.200000 3.000000 0 0 0 0 0.000000 0.000000 0.700000 0.100000 0 0 0 0 1194 0 115 0 15 0 35 0 137 1196 6 14 8 179 8 105 0 0 1215 14 138 3 34 0 2 255 253 128 3 4 2 1 0 155 0 1 577 0 6 5 24 0 0 101 216 833 40 34 82 30 0 0 0 1 1218 0 0 7 1 0 0 0 0
1585331113.377351 3 0 1550 2227 2153 1.013655 0.217348 0.031361 0.005727 0.009545 0.037361 0.000000 0.600000 0.500000 2.400000 0.000000 0 0 0 0 0 4.400000 3.100000 8.100000 2.400000 0 0 0 0 0.000000 0.000000 0.700000 0.100000 0 0 0 0 1194 0 115 0 21 0 35 0 137 1196 6 14 8 179 8 105 0 0 1215 14 133 3 29 0 1 255 253 128 3 4 2 1 0 156 0 0 577 0 6 5 24 0 0 101 216 833 44 31 81 24 0 0 0 1 1218 0 0 7 1 0 0 0 0
1585331113.387385 3 0 1550 2229 2153 1.013655 0.217348 0.031361 0.004909 0.009545 0.036543 0.000000 0.600000 0.500000 2.400000 0.000000 0 0 0 0 0 4.200000 3.100000 7.900000 3.100000 0 0 0 0 0.000000 0.000000 0.700000 0.100000 0 0 0 0 1194 0 115 0 18 0 35 0 134 1196 6 14 8 181 8 105 0 0 1215 14 133 3 29 0 2 255 253 128 3 4 2 1 0 155 0 0 577 0 6 5 24 0 0 101 216 833 42 31 79 31 0 0 0 1 1218 0 0 7 1 0 0 0 0
1585331113.397341 3 0 1550 2229 2153 1.013655 0.217348 0.031361 0.005727 0.010363 0.037906 0.000000 0.600000 0.500000 2.400000 0.000000 0 0 0 0 0 4.200000 2.900000 7.700000 3.300000 0 0 0 0 0.000000 0.000000 0.700000 0.100000 0 0 0 0 1194 0 115 0 21 0 38 0 139 1196 6 14 8 181 8 105 0 0 1215 14 133 3 29 0 2 255 253 128 3 4 2 1 0 155 0 0 577 0 6 5 24 0 0 101 216 833 42 29 77 33 0 0 0 1 1218 0 0 7 1 0 0 0 0
1585331113.407285 3 0 1550 2229 2153 1.013655 0.217348 0.031361 0.004909 0.009545 0.037361 0.000000 0.600000 0.500000 2.400000 0.000000 0 0 0 0 0 4.100000 3.000000 7.500000 2.200000 0 0 0 0 0.000000 0.000000 0.700000 0.100000 0 0 0 0 1194 0 115 0 18 0 35 0 137 1196 6 14 8 181 8 105 0 0 1215 14 133 3 29 0 2 255 253 128 3 4 2 1 0 156 0 0 577 0 6 5 24 0 0 101 216 833 41 30 75 22 0 0 0 1 1218 0 0 7 1 0 0 0 0
1585331113.417351 3 0 1550 2229 2153 1.013655 0.217348 0.031361 0.005727 0.000818 0.036543 0.000000 0.600000 0.500000 2.400000 0.000000 0 0 0 0 0 3.800000 3.000000 7.200000 2.500000 0 0 0 0 0.000000 0.000000 0.700000 0.100000 0 0 0 0 1194 0 115 0 21 0 3 0 134 1196 6 14 8 181 8 105 0 0 1215 14 133 3 29 0 2 255 253 128 3 4 2 1 0 156 0 0 577 0 6 5 24 0 0 101 216 833 38 30 72 25 0 0 0 1 1218 0 0 7 1 0 0 0 0
1585331113.427344 3 0 1550 2228 2153 1.013655 0.217348 0.031361 0.005727 0.009545 0.036543 0.000000 0.600000 0.500000 2.400000 0.000000 0 0 0 0 0 3.800000 3.400000 8.000000 2.200000 0 0 0 0 0.000000 0.000000 0.700000 0.100000 0 0 0 0 1194 0 115 0 21 0 35 0 134 1196 6 14 8 180 8 105 0 0 1215 14 133 3 29 0 2 255 253 128 3 4 2 1 0 155 0 0 577 0 6 5 24 0 0 101 216 833 38 34 80 22 0 0 0 1 1218 0 0 7 1 0 0 0 0
1585331113.437362 3 0 1550 2228 2153 1.013655 0.217348 0.031361 0.005727 0.010363 0.036543 0.000000 0.600000 0.500000 2.400000 0.000000 0 0 0 0 0 3.600000 3.300000 8.300000 2.400000 0 0 0 0 0.000000 0.000000 0.700000 0.100000 0 0 0 0 1194 0 115 0 21 0 38 0 134 1196 6 14 8 180 8 105 0 0 1215 14 133 3 29 0 1 255 253 128 3 4 2 1 0 155 0 0 577 0 6 5 24 0 0 101 216 833 36 33 83 24 0 0 0 1 1218 0 0 7 1 0 0 0 0
1585331113.447365 3 0 1550 2229 2153 1.015018 0.218712 0.031361 0.004909 0.010363 0.037361 0.000000 0.600000 0.500000 2.400000 0.000000 0 0 0 0 0 4.000000 3.500000 8.200000 2.400000 0 0 0 0 0.000000 0.000000 0.700000 0.100000 0 0 0 0 1194 0 115 0 18 0 38 0 137 1196 6 14 8 181 8 105 0 0 1215 14 138 3 34 0 2 255 253 128 3 4 2 1 0 156 0 0 577 0 6 5 24 0 0 101 216 833 40 35 82 24 0 0 0 1 1218 0 0 7 1 0 0 0 0
1585331113.457352 3 0 1550 2229 2153 1.013655 0.217348 0.031361 0.005727 0.010363 0.037361 0.000000 0.600000 0.500000 2.400000 0.000000 0 0 0 0 0 4.100000 3.700000 8.000000 2.600000 0 0 0 0 0.000000 0.000000 0.700000 0.100000 0 0 0 0 1194 0 115 0 21 0 38 0 137 1196 6 14 8 181 8 105 0 0 1215 14 133 3 29 0 1 255 253 128 3 4 2 1 0 155 0 0 577 0 6 5 24 0 0 101 216 833 41 37 80 26 0 0 0 1 1218 0 0 7 1 0 0 0 0
1585331113.467385 3 0 1550 2229 2153 1.013655 0.217348 0.031361 0.004909 0.010363 0.037361 0.000000 0.600000 0.500000 2.400000 0.000000 0 0 0 0 0 4.200000 3.300000 8.200000 3.200000 0 0 0 0 0.000000 0.000000 0.700000 0.100000 0 0 0 0 1194 0 115 0 18 0 38 0 137 1196 6 14 8 181 8 105 0 0 1215 14 133 3 29 0 2 255 253 128 3 4 2 1 0 155 0 1 577 0 6 5 24 0 0 101 216 833 42 33 82 32 0 0 0 1 1218 0 0 7 1 0 0 0 0
1585331113.477387 3 0 1550 2229 2153 1.013655 0.217348 0.031361 0.005727 0.010363 0.036543 0.000000 0.600000 0.500000 2.400000 0.000000 0 0 0 0 0 4.400000 3.100000 8.800000 3.200000 0 0 0 0 0.000000 0.000000 0.700000 0.100000 0 0 0 0 1194 0 115 0 21 0 38 0 134 1196 6 14 8 181 8 105 0 0 1215 14 133 3 29 0 1 255 253 128 3 4 2 1 0 156 0 0 577 0 6 5 24 0 0 101 216 833 44 31 88 32 0 0 0 1 1218 0 0 7 1 0 0 0 0
1585331113.487381 3 0 1551 2228 2153 1.015018 0.218712 0.031361 0.004091 0.009545 0.036543 0.000000 0.600000 0.500000 2.400000 0.000000 0 0 0 0 0 3.900000 3.000000 8.100000 3.200000 0 0 0 0 0.000000 0.000000 0.700000 0.100000 0 0 0 0 1194 0 115 0 15 0 35 0 134 1196 6 15 8 180 8 105 0 0 1215 14 138 3 34 0 1 255 253 128 3 4 2 1 0 155 0 0 577 0 6 5 24 0 0 101 216 833 39 30 81 32 0 0 0 1 1218 0 0 7 1 0 0 0 0
1585331113.497329 3 0 1551 2228 2153 1.013655 0.217348 0.031361 0.005727 0.010363 0.037361 0.000000 0.600000 0.500000 2.400000 0.000000 0 0 0 0 0 3.500000 2.900000 7.200000 2.300000 0 0 0 0 0.000000 0.000000 0.700000 0.100000 0 0 0 0 1194 0 115 0 21 0 38 0 137 1196 6 15 8 180 8 105 0 0 1215 14 133 3 29 0 1 255 253 128 3 4 2 1 0 156 0 0 577 0 6 5 24 0 0 101 216 833 35 29 72 23 0 0 0 1 1218 0 0 7 1 0 0 0 0
1585331113.507384 3 0 1549 2228 2153 1.013655 0.217348 0.031361 0.004909 0.010363 0.037361 0.000000 0.600000 0.500000 2.400000 0.000000 0 0 0 0 0 3.800000 3.600000 8.200000 2.800000 0 0 0 0 0.000000 0.000000 0.700000 0.100000 0 0 0 0 1194 0 115 0 18 0 38 0 137 1196 6 13 8 180 8 105 0 0 1215 14 133 3 29 0 1 255 253 128 3 4 2 1 0 155 0 0 577 0 6 5 24 0 0 101 216 833 38 36 82 28 0 0 0 1 1218 0 0 7 1 0 0 0 0
1585331113.517366 3 0 1549 2228 2153 1.013655 0.217348 0.031361 0.005727 0.009545 0.037361 0.000000 0.600000 0.500000 2.400000 0.000000 0 0 0 0 0 4.300000 3.900000 7.800000 3.400000 0 0 0 0 0.000000 0.000000 0.700000 0.100000 0 0 0 0 1194 0 115 0 21 0 35 0 137 1196 6 13 8 180 8 105 0 0 1215 14 133 3 29 0 2 255 253 128 3 4 2 1 0 155 0 0 577 0 6 5 24 0 0 101 216 833 43 39 78 34 0 0 0 1 1218 0 0 7 1 0 0 0 0
1585331113.527339 3 0 1550 2228 2153 1.012291 0.215984 0.031361 0.004909 0.010363 0.037361 0.000000 0.600000 0.500000 2.400000 0.000000 0 0 0 0 0 4.200000 3.400000 8.300000 2.900000 0 0 0 0 0.000000 0.000000 0.700000 0.100000 0 0 0 0 1194 0 115 0 18 0 38 0 137 1196 6 14 8 180 8 105 0 0 1215 14 128 3 24 0 1 255 253 128 3 4 2 1 0 155 0 0 577 0 6 5 24 0 0 101 216 833 42 34 83 29 0 0 0 1 1218 0 0 7 1 0 0 0 0
1585331113.537438 3 0 1550 2228 2153 1.013655 0.217348 0.031361 0.005727 0.010363 0.037361 0.000000 0.600000 0.500000 2.400000 0.000000 0 0 0 0 0 4.400000 3.300000 9.000000 3.100000 0 0 0 0 0.000000 0.000000 0.700000 0.100000 0 0 0 0 1194 0 115 0 21 0 38 0 137 1196 6 14 8 180 8 105 0 0 1215 14 133 3 29 0 2 255 253 128 3 4 2 1 0 155 0 0 577 0 6 5 24 0 0 101 216 833 44 33 90 31 0 0 0 1 1218 0 0 7 1 0 0 0 0
1585331113.547416 3 0 1550 2228 2153 1.013655 0.217348 0.031361 0.004909 0.009545 0.037361 0.000000 0.600000 0.500000 2.400000 0.000000 0 0 0 0 0 3.800000 3.000000 8.200000 3.400000 0 0 0 0 0.000000 0.000000 0.700000 0.100000 0 0 0 0 1194 0 115 0 18 0 35 0 137 1196 6 14 8 180 8 105 0 0 1215 14 133 3 29 0 2 255 253 128 3 4 2 1 0 155 0 0 577 0 6 5 24 0 0 101 216 833 38 30 82 34 0 0 0 1 1218 0 0 7 1 0 0 0 0
1585331113.557398 3 0 1550 2228 2153 1.013655 0.217348 0.031361 0.004909 0.009545 0.037361 0.000000 0.600000 0.500000 2.400000 0.000000 0 0 0 0 0 3.500000 2.700000 7.800000 2.200000 0 0 0 0 0.000000 0.000000 0.700000 0.100000 0 0 0 0 1194 0 115 0 18 0 35 0 137 1196 6 14 8 180 8 105 0 0 1215 14 133 3 29 0 2 255 253 128 3 4 2 1 0 155 0 0 577 0 6 5 24 0 0 101 216 833 35 27 78 22 0 0 0 1 1218 0 0 7 1 0 0 0 0
1585331113.567378 3 0 1550 2229 2153 1.013655 0.217348 0.031361 0.004909 0.010363 0.037361 0.000000 0.600000 0.500000 2.400000 0.000000 0 0 0 0 0 4.000000 3.100000 7.600000 2.000000 0 0 0 0 0.000000 0.000000 0.700000 0.100000 0 0 0 0 1194 0 115 0 18 0 38 0 137 1196 6 14 8 181 8 105 0 0 1215 14 133 3 29 0 2 255 253 128 3 4 2 1 0 155 0 1 577 0 6 5 24 0 0 101 216 833 40 31 76 20 0 0 0 1 1218 0 0 7 1 0 0 0 0
1585331113.577399 3 0 1550 2229 2153 1.013655 0.217348 0.031361 0.004909 0.009545 0.037361 0.000000 0.600000 0.500000 2.400000 0.000000 0 0 0 0 0 3.900000 3.200000 8.700000 2.800000 0 0 0 0 0.000000 0.000000 0.700000 0.100000 0 0 0 0 1194 0 115 0 18 0 35 0 137 1196 6 14 8 181 8 105 0 0 1215 14 133 3 29 0 2 255 253 128 3 4 2 1 0 155 0 0 577 0 6 5 24 0 0 101 216 833 39 32 87 28 0 0 0 1 1218 0 0 7 1 0 0 0 0
1585331113.587403 3 0 1550 2229 2153 1.013655 0.217348 0.031361 0.004909 0.010363 0.036543 0.000000 0.600000 0.500000 2.400000 0.000000 0 0 0 0 0 4.100000 3.000000 7.900000 2.900000 0 0 0 0 0.000000 0.000000 0.700000 0.100000 0 0 0 0 1194 0 115 0 18 0 38 0 134 1196 6 14 8 181 8 105 0 0 1215 14 133 3 29 0 2 255 253 128 3 4 2 1 0 155 0 0 577 0 6 5 24 0 0 101 216 833 41 30 79 29 0 0 0 1 1218 0 0 7 1 0 0 0 0
1585331113.597462 3 0 1550 2229 2153 1.015018 0.218712 0.031361 0.005727 0.010363 0.037361 0.000000 0.600000 0.500000 2.400000 0.000000 0 0 0 0 0 3.800000 3.100000 7.900000 3.100000 0 0 0 0 0.000000 0.000000 0.700000 0.100000 0 0 0 0 1194 0 115 0 21 0 38 0 137 1196 6 14 8 181 8 105 0 0 1215 14 138 3 34 0 1 255 253 128 3 4 2 1 0 156 0 0 577 0 6 5 24 0 0 101 216 833 38 31 79 31 0 0 0 1 1218 0 0 7 1 0 0 0 0
1585331113.607435 3 0 1550 2229 2153 1.015018 0.218712 0.031361 0.005727 0.010363 0.037361 0.000000 0.600000 0.500000 2.400000 0.000000 0 0 0 0 0 4.100000 3.700000 8.400000 3.000000 0 0 0 0 0.000000 0.000000 0.700000 0.100000 0 0 0 0 1194 0 115 0 21 0 38 0 137 1196 6 14 8 181 8 105 0 0 1215 14 138 3 34 0 1 255 253 128 3 4 2 1 0 155 0 0 577 0 6 5 24 0 0 101 216 833 41 37 84 30 0 0 0 1 1218 0 0 7 1 0 0 0 0
1585331113.617395 3 0 1550 2229 2153 1.013655 0.217348 0.031361 0.004909 0.010363 0.036543 0.000000 0.600000 0.500000 2.400000 0.000000 0 0 0 0 0 4.000000 3.500000 8.000000 3.200000 0 0 0 0 0.000000 0.000000 0.700000 0.100000 0 0 0 0 1194 0 115 0 18 0 38 0 134 1196 6 14 8 181 8 105 0 0 1215 14 133 3 29 0 2 255 253 128 3 4 2 1 0 155 0 0 577 0 6 5 24 0 0 101 216 833 40 35 80 32 0 0 0 1 1218 0 0 7 1 0 0 0 0
1585331113.627416 3 0 1550 2229 2153 1.012291 0.217348 0.031361 0.004909 0.009545 0.036543 0.000000 0.600000 0.500000 2.400000 0.000000 0 0 0 0 0 3.600000 3.000000 8.500000 2.800000 0 0 0 0 0.000000 0.000000 0.700000 0.100000 0 0 0 0 1194 0 115 0 18 0 35 0 134 1196 6 14 8 181 8 105 0 0 1215 14 128 3 29 0 2 255 253 128 3 4 2 1 0 155 0 0 577 0 6 5 24 0 0 101 216 833 36 30 85 28 0 0 0 1 1218 0 0 7 1 0 0 0 0
1585331113.637473 3 0 1550 2229 2153 1.013655 0.217348 0.031361 0.005727 0.009545 0.037361 0.000000 0.600000 0.500000 2.400000 0.000000 0 0 0 0 0 3.800000 3.600000 8.300000 2.200000 0 0 0 0 0.000000 0.000000 0.700000 0.100000 0 0 0 0 1194 0 115 0 21 0 35 0 137 1196 6 14 8 181 8 105 0 0 1215 14 133 3 29 0 2 255 253 128 3 4 2 1 0 155 0 0 577 0 6 5 24 0 0 101 216 833 38 36 83 22 0 0 0 1 1218 0 0 7 1 0 0 0 0
1585331113.647386 3 0 1550 2229 2153 1.013655 0.217348 0.031361 0.006545 0.010363 0.037361 0.000000 0.600000 0.500000 2.400000 0.000000 0 0 0 0 0 3.500000 3.700000 8.400000 3.100000 0 0 0 0 0.000000 0.000000 0.700000 0.100000 0 0 0 0 1194 0 115 0 24 0 38 0 137 1196 6 14 8 181 8 105 0 0 1215 14 133 3 29 0 2 255 253 128 3 4 2 1 0 156 0 0 577 0 6 5 24 0 0 101 216 833 35 37 84 31 0 0 0 1 1218 0 0 7 1 0 0 0 0
1585331113.657454 3 0 1550 2229 2153 1.013655 0.217348 0.031361 0.005727 0.010363 0.037361 0.000000 0.600000 0.500000 2.400000 0.000000 0 0 0 0 0 3.400000 3.200000 8.400000 3.400000 0 0 0 0 0.000000 0.000000 0.700000 0.100000 0 0 0 0 1194 0 115 0 21 0 38 0 137 1196 6 14 8 181 8 105 0 0 1215 14 133 3 29 0 2 255 253 128 3 4 2 1 0 155 0 0 577 0 6 5 24 0 0 101 216 833 34 32 84 34 0 0 0 1 1218 0 0 7 1 0 0 0 0
1585331113.667575 3 0 1550 2229 2153 1.016382 0.220075 0.031361 0.005727 0.010363 0.036543 0.000000 0.600000 0.500000 2.400000 0.000000 0 0 0 0 0 3.400000 3.500000 8.300000 3.300000 0 0 0 0 0.000000 0.000000 0.700000 0.100000 0 0 0 0 1194 0 115 0 21 0 38 0 134 1196 6 14 8 181 8 105 0 0 1215 14 143 3 39 0 2 255 253 128 3 4 2 1 0 155 0 1 577 0 6 5 24 0 0 101 216 833 34 35 83 33 0 0 0 1 1218 0 0 7 1 0 0 0 0
1585331113.677512 3 0 1550 2229 2153 1.013655 0.217348 0.031361 0.005727 0.009545 0.037361 0.000000 0.600000 0.500000 2.400000 0.000000 0 0 0 0 0 4.100000 3.600000 7.500000 3.000000 0 0 0 0 0.000000 0.000000 0.700000 0.100000 0 0 0 0 1194 0 115 0 21 0 35 0 137 1196 6 14 8 181 8 105 0 0 1215 14 133 3 29 0 2 255 253 128 3 4 2 1 0 155 0 0 577 0 6 5 24 0 0 101 216 833 41 36 75 30 0 0 0 1 1218 0 0 7 1 0 0 0 0
1585331113.687414 3 0 1551 2228 2153 1.013655 0.217348 0.031361 0.005727 0.010363 0.037361 0.000000 0.600000 0.500000 2.400000 0.000000 0 0 0 0 0 4.300000 3.600000 7.100000 2.300000 0 0 0 0 0.000000 0.000000 0.700000 0.100000 0 0 0 0 1194 0 115 0 21 0 38 0 137 1196 6 15 8 180 8 105 0 0 1215 14 133 3 29 0 2 255 253 128 3 4 2 1 0 155 0 0 577 0 6 5 24 0 0 101 216 833 43 36 71 23 0 0 0 1 1218 0 0 7 1 0 0 0 0
1585331113.697451 3 0 1551 2228 2153 1.013655 0.217348 0.031361 0.004909 0.010363 0.037361 0.000000 0.600000 0.500000 2.400000 0.000000 0 0 0 0 0 3.900000 3.800000 7.700000 2.100000 0 0 0 0 0.000000 0.000000 0.700000 0.100000 0 0 0 0 1194 0 115 0 18 0 38 0 137 1196 6 15 8 180 8 105 0 0 1215 14 133 3 29 0 2 255 253 128 3 4 2 1 0 155 0 0 577 0 6 5 24 0 0 101 216 833 39 38 77 21 0 0 0 1 1218 0 0 7 1 0 0 0 0
1585331113.707458 3 0 1550 2229 2153 1.013655 0.217348 0.031361 0.005727 0.010363 0.037361 0.000000 0.600000 0.500000 2.400000 0.000000 0 0 0 0 0 4.100000 3.700000 7.600000 2.300000 0 0 0 0 0.000000 0.000000 0.700000 0.100000 0 0 0 0 1194 0 115 0 21 0 38 0 137 1196 6 14 8 181 8 105 0 0 1215 14 133 3 29 0 1 255 253 128 3 4 2 1 0 155 0 0 577 0 6 5 24 0 0 101 216 833 41 37 76 23 0 0 0 1 1218 0 0 7 1 0 0 0 0
1585331113.717474 3 0 1550 2229 2153 1.013655 0.217348 0.031361 0.005727 0.009545 0.037361 0.000000 0.600000 0.500000 2.400000 0.000000 0 0 0 0 0 4.300000 3.200000 7.200000 2.800000 0 0 0 0 0.000000 0.000000 0.700000 0.100000 0 0 0 0 1194 0 115 0 21 0 35 0 137 1196 6 14 8 181 8 105 0 0 1215 14 133 3 29 0 2 255 253 128 3 4 2 1 0 155 0 0 577 0 6 5 24 0 0 101 216 833 43 32 72 28 0 0 0 1 1218 0 0 7 1 0 0 0 0
1585331113.727427 3 0 1551 2229 2153 1.013655 0.217348 0.031361 0.005727 0.010363 0.037361 0.000000 0.600000 0.500000 2.400000 0.000000 0 0 0 0 0 4.300000 3.000000 7.800000 2.600000 0 0 0 0 0.000000 0.000000 0.700000 0.100000 0 0 0 0 1194 0 115 0 21 0 38 0 137 1196 6 15 8 181 8 105 0 0 1215 14 133 3 29 0 1 255 253 128 3 4 2 1 0 155 0 0 577 0 6 5 24 0 0 101 216 833 43 30 78 26 0 0 0 1 1218 0 0 7 1 0 0 0 0
1585331113.737477 3 0 1551 2229 2153 1.013655 0.217348 0.031361 0.004909 0.009545 0.036543 0.000000 0.600000 0.500000 2.400000 0.000000 0 0 0 0 0 3.900000 3.500000 8.600000 2.700000 0 0 0 0 0.000000 0.000000 0.700000 0.100000 0 0 0 0 1194 0 115 0 18 0 35 0 134 1196 6 15 8 181 8 105 0 0 1215 14 133 3 29 0 2 255 253 128 3 4 2 1 0 155 0 0 577 0 6 5 24 0 0 101 216 833 39 35 86 27 0 0 0 1 1218 0 0 7 1 0 0 0 0
1585331113.746586 3 0 1550 2229 2153 1.013655 0.218712 0.031361 0.004909 0.010363 0.037361 0.000000 0.600000 0.500000 2.400000 0.000000 0 0 0 0 0 3.700000 3.100000 8.300000 2.400000 0 0 0 0 0.000000 0.000000 0.700000 0.100000 0 0 0 0 1194 0 115 0 18 0 38 0 137 1196 6 14 8 181 8 105 0 0 1215 14 133 3 34 0 1 255 253 128 3 4 2 1 0 155 0 0 577 0 6 5 24 0 0 101 216 833 37 31 83 24 0 0 0 1 1218 0 0 7 1 0 0 0 0
1585331113.757449 3 0 1550 2229 2153 1.015018 0.218712 0.031361 0.005727 0.010363 0.037361 0.000000 0.600000 0.500000 2.400000 0.000000 0 0 0 0 0 4.200000 3.200000 8.300000 2.200000 0 0 0 0 0.000000 0.000000 0.700000 0.100000 0 0 0 0 1194 0 115 0 21 0 38 0 137 1196 6 14 8 181 8 105 0 0 1215 14 138 3 34 0 2 255 253 128 3 4 2 1 0 155 0 0 577 0 6 5 24 0 0 101 216 833 42 32 83 22 0 0 0 1 1218 0 0 7 1 0 0 0 0
1585331113.767442 3 0 1550 2229 2153 1.013655 0.217348 0.031361 0.005727 0.010363 0.036543 0.000000 0.600000 0.500000 2.400000 0.000000 0 0 0 0 0 4.400000 3.600000 7.800000 2.300000 0 0 0 0 0.000000 0.000000 0.700000 0.100000 0 0 0 0 1194 0 115 0 21 0 38 0 134 1196 6 14 8 181 8 105 0 0 1215 14 133 3 29 0 1 255 253 128 3 4 2 1 0 155 0 1 577 0 6 5 24 0 0 101 216 833 44 36 78 23 0 0 0 1 1218 0 0 7 1 0 0 0 0
1585331113.777433 3 0 1550 2229 2153 1.013655 0.217348 0.031361 0.004909 0.010363 0.036543 0.000000 0.600000 0.500000 2.400000 0.000000 0 0 0 0 0 4.300000 3.300000 7.400000 2.200000 0 0 0 0 0.000000 0.000000 0.700000 0.100000 0 0 0 0 1194 0 115 0 18 0 38 0 134 1196 6 14 8 181 8 105 0 0 1215 14 133 3 29 0 2 255 253 128 3 4 2 1 0 155 0 0 577 0 6 5 24 0 0 101 216 833 43 33 74 22 0 0 0 1 1218 0 0 7 1 0 0 0 0
1585331113.787480 3 0 1550 2228 2153 1.013655 0.217348 0.031361 0.004909 0.010363 0.037361 0.000000 0.600000 0.500000 2.400000 0.000000 0 0 0 0 0 4.000000 3.400000 8.300000 2.700000 0 0 0 0 0.000000 0.000000 0.700000 0.100000 0 0 0 0 1194 0 115 0 18 0 38 0 137 1196 6 14 8 180 8 105 0 0 1215 14 133 3 29 0 2 255 253 128 3 4 2 1 0 156 0 0 577 0 6 5 24 0 0 101 216 833 40 34 83 27 0 0 0 1 1218 0 0 7 1 0 0 0 0
1585331113.797483 3 0 1550 2228 2153 1.015018 0.218712 0.031361 0.005727 0.010363 0.036543 0.000000 0.600000 0.500000 2.400000 0.000000 0 0 0 0 0 3.700000 3.100000 7.500000 3.100000 0 0 0 0 0.000000 0.000000 0.700000 0.100000 0 0 0 0 1194 0 115 0 21 0 38 0 134 1196 6 14 8 180 8 105 0 0 1215 14 138 3 34 0 2 255 253 128 3 4 2 1 0 156 0 0 577 0 6 5 24 0 0 101 216 833 37 31 75 31 0 0 0 1 1218 0 0 7 1 0 0 0 0
1585331113.807487 3 0 1551 2228 2153 1.013655 0.217348 0.031361 0.004909 0.009545 0.035997 0.000000 0.600000 0.500000 2.400000 0.000000 0 0 0 0 0 4.100000 3.300000 7.100000 2.800000 0 0 0 0 0.000000 0.000000 0.700000 0.100000 0 0 0 0 1194 0 115 0 18 0 35 0 132 1196 6 15 8 180 8 105 0 0 1215 14 133 3 29 0 1 255 253 128 3 4 2 1 0 155 0 0 577 0 6 5 24 0 0 101 216 833 41 33 71 28 0 0 0 1 1218 0 0 7 1 0 0 0 0
1585331113.817515 3 0 1551 2228 2153 1.012291 0.217348 0.031361 0.004909 0.010363 0.037361 0.000000 0.600000 0.500000 2.400000 0.000000 0 0 0 0 0 3.700000 3.600000 7.400000 2.300000 0 0 0 0 0.000000 0.000000 0.700000 0.100000 0 0 0 0 1194 0 115 0 18 0 38 0 137 1196 6 15 8 180 8 105 0 0 1215 14 128 3 29 0 2 255 253 128 3 4 2 1 0 155 0 0 577 0 6 5 24 0 0 101 216 833 37 36 74 23 0 0 0 1 1218 0 0 7 1 0 0 0 0
1585331113.827552 3 0 1550 2228 2153 1.013655 0.217348 0.031361 0.005727 0.009545 0.037361 0.000000 0.600000 0.500000 2.400000 0.000000 0 0 0 0 0 3.600000 3.800000 7.900000 2.400000 0 0 0 0 0.000000 0.000000 0.700000 0.100000 0 0 0 0 1194 0 115 0 21 0 35 0 137 1196 6 14 8 180 8 105 0 0 1215 14 133 3 29 0 2 255 253 128 3 4 2 1 0 155 0 0 577 0 6 5 24 0 0 101 216 833 36 38 79 24 0 0 0 1 1218 0 0 7 1 0 0 0 0
1585331113.837534 3 0 1550 2228 2153 1.013655 0.217348 0.031361 0.004909 0.010363 0.037361 0.000000 0.600000 0.500000 2.400000 0.000000 0 0 0 0 0 4.000000 3.600000 7.600000 3.200000 0 0 0 0 0.000000 0.000000 0.700000 0.100000 0 0 0 0 1194 0 115 0 18 0 38 0 137 1196 6 14 8 180 8 105 0 0 1215 14 133 3 29 0 2 255 253 128 3 4 2 1 0 155 0 0 577 0 6 5 24 0 0 101 216 833 40 36 76 32 0 0 0 1 1218 0 0 7 1 0 0 0 0
1585331113.847536 3 0 1550 2229 2152 1.013655 0.217348 0.031361 0.004909 0.009545 0.036543 0.000000 0.600000 0.500000 2.400000 0.000000 0 0 0 0 0 3.900000 3.000000 7.900000 3.000000 0 0 0 0 0.000000 0.000000 0.700000 0.100000 0 0 0 0 1194 0 115 0 18 0 35 0 134 1196 6 14 8 181 8 104 0 0 1215 14 133 3 29 0 2 255 253 128 3 4 2 1 0 155 0 0 577 0 6 5 24 0 0 101 216 833 39 30 79 30 0 0 0 1 1218 0 0 7 1 0 0 0 0
1585331113.857479 3 0 1550 2229 2152 1.013655 0.217348 0.031361 0.005727 0.010363 0.037361 0.000000 0.600000 0.500000 2.400000 0.000000 0 0 0 0 0 3.700000 3.400000 8.000000 2.300000 0 0 0 0 0.000000 0.000000 0.700000 0.100000 0 0 0 0 1194 0 115 0 21 0 38 0 137 1196 6 14 8 181 8 104 0 0 1215 14 133 3 29 0 1 255 253 128 3 4 2 1 0 155 0 0 577 0 6 5 24 0 0 101 216 833 37 34 80 23 0 0 0 1 1218 0 0 7 1 0 0 0 0
1585331113.867489 3 0 1550 2229 2154 1.012291 0.215984 0.031361 0.004909 0.009545 0.037361 0.000000 0.600000 0.500000 2.400000 0.000000 0 0 0 0 0 3.600000 3.300000 8.000000 2.500000 0 0 0 0 0.000000 0.000000 0.700000 0.100000 0 0 0 0 1194 0 115 0 18 0 35 0 137 1196 6 14 8 181 8 106 0 0 1215 14 128 3 24 0 1 255 253 128 3 4 2 1 0 155 0 1 577 0 6 5 24 0 0 101 216 833 36 33 80 25 0 0 0 1 1218 0 0 7 1 0 0 0 0
1585331113.877456 3 0 1550 2229 2154 1.013655 0.217348 0.031361 0.004909 0.009545 0.036543 0.000000 0.600000 0.500000 2.400000 0.000000 0 0 0 0 0 4.100000 3.000000 8.200000 2.300000 0 0 0 0 0.000000 0.000000 0.700000 0.100000 0 0 0 0 1194 0 115 0 18 0 35 0 134 1196 6 14 8 181 8 106 0 0 1215 14 133 3 29 0 2 255 253 128 3 4 2 1 0 156 0 0 577 0 6 5 24 0 0 101 216 833 41 30 82 23 0 0 0 1 1218 0 0 7 1 0 0 0 0
1585331113.887540 3 0 1550 2229 2153 1.013655 0.217348 0.031361 0.005727 0.009545 0.037361 0.000000 0.600000 0.500000 2.400000 0.000000 0 0 0 0 0 4.100000 2.900000 7.800000 2.800000 0 0 0 0 0.000000 0.000000 0.700000 0.100000 0 0 0 0 1194 0 115 0 21 0 35 0 137 1196 6 14 8 181 8 105 0 0 1215 14 133 3 29 0 2 255 253 128 3 4 2 1 0 155 0 0 577 0 6 5 24 0 0 101 216 833 41 29 78 28 0 0 0 1 1218 0 0 7 1 0 0 0 0
1585331113.897492 3 0 1550 2229 2153 1.013655 0.217348 0.031361 0.004909 0.009545 0.036543 0.000000 0.600000 0.500000 2.400000 0.000000 0 0 0 0 0 3.900000 2.700000 8.600000 3.300000 0 0 0 0 0.000000 0.000000 0.700000 0.100000 0 0 0 0 1194 0 115 0 18 0 35 0 134 1196 6 14 8 181 8 105 0 0 1215 14 133 3 29 0 2 255 253 128 3 4 2 1 0 155 0 0 577 0 6 5 24 0 0 101 216 833 39 27 86 33 0 0 0 1 1218 0 0 7 1 0 0 0 0
1585331113.907521 3 0 1550 2229 2153 1.013655 0.217348 0.031361 0.004909 0.010363 0.036543 0.000000 0.600000 0.500000 2.400000 0.000000 0 0 0 0 0 4.200000 2.800000 7.600000 2.500000 0 0 0 0 0.000000 0.000000 0.700000 0.100000 0 0 0 0 1194 0 115 0 18 0 38 0 134 1196 6 14 8 181 8 105 0 0 1215 14 133 3 29 0 1 255 253 128 3 4 2 1 0 155 0 0 577 0 6 5 24 0 0 101 216 833 42 28 76 25 0 0 0 1 1218 0 0 7 1 0 0 0 0
1585331113.917554 3 0 1550 2229 2153 1.013655 0.217348 0.031361 0.004909 0.010363 0.037361 0.000000 0.600000 0.500000 2.400000 0.000000 0 0 0 0 0 4.300000 3.400000 7.100000 2.300000 0 0 0 0 0.000000 0.000000 0.700000 0.100000 0 0 0 0 1194 0 115 0 18 0 38 0 137 1196 6 14 8 181 8 105 0 0 1215 14 133 3 29 0 2 255 253 128 3 4 2 1 0 155 0 0 577 0 6 5 24 0 0 101 216 833 43 34 71 23 0 0 0 1 1218 0 0 7 1 0 0 0 0
1585331113.927563 3 0 1550 2228 2153 1.013655 0.217348 0.031361 0.005727 0.010363 0.037361 0.000000 0.600000 0.500000 2.400000 0.000000 0 0 0 0 0 4.300000 3.500000 7.600000 3.100000 0 0 0 0 0.000000 0.000000 0.700000 0.100000 0 0 0 0 1194 0 115 0 21 0 38 0 137 1196 6 14 8 180 8 105 0 0 1215 14 133 3 29 0 2 255 253 128 3 4 2 1 0 155 0 0 577 0 6 5 24 0 0 101 216 833 43 35 76 31 0 0 0 1 1218 0 0 7 1 0 0 0 0
1585331113.937551 3 0 1550 2228 2153 1.013655 0.217348 0.031361 0.005727 0.010363 0.037361 0.000000 0.600000 0.500000 2.400000 0.000000 0 0 0 0 0 4.300000 2.900000 7.900000 3.200000 0 0 0 0 0.000000 0.000000 0.700000 0.100000 0 0 0 0 1194 0 115 0 21 0 38 0 137 1196 6 14 8 180 8 105 0 0 1215 14 133 3 29 0 2 255 253 128 3 4 2 1 0 156 0 0 577 0 6 5 24 0 0 101 216 833 43 29 79 32 0 0 0 1 1218 0 0 7 1 0 0 0 0
1585331113.947505 3 0 1550 2228 2154 1.013655 0.217348 0.031361 0.005727 0.010363 0.037361 0.000000 0.600000 0.500000 2.400000 0.000000 0 0 0 0 0 3.900000 3.000000 8.400000 3.000000 0 0 0 0 0.000000 0.000000 0.700000 0.100000 0 0 0 0 1194 0 115 0 21 0 38 0 137 1196 6 14 8 180 8 106 0 0 1215 14 133 3 29 0 2 255 253 128 3 4 2 1 0 155 0 0 577 0 6 5 24 0 0 101 216 833 39 30 84 30 0 0 0 1 1218 0 0 7 1 0 0 0 0
1585331113.957533 3 0 1550 2228 2154 1.013655 0.217348 0.031361 0.004909 0.010363 0.037361 0.000000 0.600000 0.500000 2.400000 0.000000 0 0 0 0 0 3.700000 3.200000 7.900000 3.200000 0 0 0 0 0.000000 0.000000 0.700000 0.100000 0 0 0 0 1194 0 115 0 18 0 38 0 137 1196 6 14 8 180 8 106 0 0 1215 14 133 3 29 0 2 255 253 128 3 4 2 1 0 155 0 0 577 0 6 5 24 0 0 101 216 833 37 32 79 32 0 0 0 1 1218 0 0 7 1 0 0 0 0
1585331113.967553 3 0 1551 2228 2153 1.013655 0.217348 0.031361 0.004909 0.010363 0.037361 0.000000 0.600000 0.500000 2.400000 0.000000 0 0 0 0 0 4.000000 3.300000 7.600000 3.000000 0 0 0 0 0.000000 0.000000 0.700000 0.100000 0 0 0 0 1194 0 115 0 18 0 38 0 137 1196 6 15 8 180 8 105 0 0 1215 14 133 3 29 0 2 255 253 128 3 4 2 1 0 155 0 1 577 0 6 5 24 0 0 101 216 833 40 33 76 30 0 0 0 1 1218 0 0 7 1 0 0 0 0
1585331113.977514 3 0 1551 2228 2153 1.013655 0.217348 0.031361 0.004909 0.009545 0.037361 0.000000 0.600000 0.500000 2.400000 0.000000 0 0 0 0 0 4.100000 3.200000 7.800000 2.600000 0 0 0 0 0.000000 0.000000 0.700000 0.100000 0 0 0 0 1194 0 115 0 18 0 35 0 137 1196 6 15 8 180 8 105 0 0 1215 14 133 3 29 0 2 255 253 128 3 4 2 1 0 155 0 0 577 0 6 5 24 0 0 101 216 833 41 32 78 26 0 0 0 1 1218 0 0 7 1 0 0 0 0
1585331113.987567 3 0 1550 2222 2153 1.013655 0.217348 0.031361 0.005727 0.009545 0.035997 0.000000 0.600000 0.500000 2.400000 0.000000 0 0 0 0 0 4.300000 3.600000 7.600000 2.400000 0 0 0 0 0.000000 0.000000 0.700000 0.100000 0 0 0 0 1194 0 115 0 21 0 35 0 132 1196 6 14 8 174 8 105 0 0 1215 14 133 3 29 0 1 255 253 128 3 4 2 1 0 155 0 0 577 0 6 5 24 0 0 101 216 833 43 36 76 24 0 0 0 1 1218 0 0 7 1 0 0 0 0
1585331113.997567 3 0 1550 2222 2153 1.013655 0.217348 0.031361 0.005727 0.009545 0.037361 0.000000 0.600000 0.500000 2.400000 0.000000 0 0 0 0 0 4.300000 3.800000 7.500000 3.200000 0 0 0 0 0.000000 0.000000 0.700000 0.100000 0 0 0 0 1194 0 115 0 21 0 35 0 137 1196 6 14 8 174 8 105 0 0 1215 14 133 3 29 0 1 255 253 128 3 4 2 1 0 155 0 0 577 0 6 5 24 0 0 101 216 833 43 38 75 32 0 0 0 1 1218 0 0 7 1 0 0 0 0
1585331114.007584 3 0 1550 2228 2153 1.013655 0.217348 0.031361 0.004909 0.010363 0.037361 0.000000 0.600000 0.500000 2.400000 0.000000 0 0 0 0 0 3.900000 3.600000 8.200000 3.500000 0 0 0 0 0.000000 0.000000 0.700000 0.100000 0 0 0 0 1194 0 115 0 18 0 38 0 137 1196 6 14 8 180 8 105 0 0 1215 14 133 3 29 0 1 255 253 128 3 4 2 1 0 155 0 0 577 0 6 5 24 0 0 101 216 833 39 36 82 35 0 0 0 1 1218 0 0 7 1 0 0 0 0
1585331114.017574 3 0 1550 2228 2153 1.013655 0.217348 0.031361 0.005727 0.010363 0.037361 0.000000 0.600000 0.500000 2.400000 0.000000 0 0 0 0 0 3.900000 3.600000 8.500000 3.200000 0 0 0 0 0.000000 0.000000 0.600000 0.300000 0 0 0 0 1194 0 115 0 21 0 38 0 137 1196 6 14 8 180 8 105 0 0 1215 14 133 3 29 0 1 255 253 128 3 4 2 1 0 156 0 0 577 0 6 5 24 0 0 101 216 833 39 36 85 32 0 0 0 1 1218 0 0 6 3 0 0 0 0
1585331114.027601 3 0 1550 2228 2153 1.013655 0.217348 0.031361 0.006545 0.010363 0.036543 0.000000 0.600000 0.500000 2.400000 0.000000 0 0 0 0 0 3.900000 3.700000 7.400000 2.500000 0 0 0 0 0.000000 0.000000 0.700000 0.100000 0 0 0 0 1194 0 115 0 24 0 38 0 134 1196 6 14 8 180 8 105 0 0 1215 14 133 3 29 0 1 255 253 128 3 4 2 1 0 156 0 0 577 0 6 5 24 0 0 101 216 833 39 37 74 25 0 0 0 1 1218 0 0 7 1 0 0 0 0
1585331114.037556 3 0 1550 2228 2153 1.015018 0.218712 0.031361 0.004909 0.010363 0.037906 0.000000 0.600000 0.500000 2.400000 0.000000 0 0 0 0 0 3.900000 3.200000 7.000000 2.800000 0 0 0 0 0.000000 0.000000 0.700000 0.100000 0 0 0 0 1194 0 115 0 18 0 38 0 139 1196 6 14 8 180 8 105 0 0 1215 14 138 3 34 0 2 255 253 128 3 4 2 1 0 155 0 0 577 0 6 5 24 0 0 101 216 833 39 32 70 28 0 0 0 1 1218 0 0 7 1 0 0 0 0
1585331114.047567 3 0 1550 2228 2153 1.015018 0.218712 0.031361 0.005727 0.009545 0.037361 0.000000 0.600000 0.500000 2.400000 0.000000 0 0 0 0 0 3.800000 2.900000 8.200000 3.500000 0 0 0 0 0.000000 0.000000 0.700000 0.100000 0 0 0 0 1194 0 115 0 21 0 35 0 137 1196 6 14 8 180 8 105 0 0 1215 14 138 3 34 0 2 255 253 128 3 4 2 1 0 156 0 0 577 0 6 5 24 0 0 101 216 833 38 29 82 35 0 0 0 1 1218 0 0 7 1 0 0 0 0
1585331114.057568 3 0 1550 2228 2153 1.013655 0.217348 0.031361 0.006545 0.009545 0.037361 0.000000 0.600000 0.500000 2.400000 0.000000 0 0 0 0 0 3.600000 3.200000 8.000000 2.500000 0 0 0 0 0.000000 0.000000 0.700000 0.100000 0 0 0 0 1194 0 115 0 24 0 35 0 137 1196 6 14 8 180 8 105 0 0 1215 14 133 3 29 0 1 255 253 128 3 4 2 1 0 156 0 0 577 0 6 5 24 0 0 101 216 833 36 32 80 25 0 0 0 1 1218 0 0 7 1 0 0 0 0
1585331114.067530 3 0 1550 2229 2153 1.013655 0.218712 0.031361 0.004909 0.010363 0.036543 0.000000 0.600000 0.500000 2.400000 0.000000 0 0 0 0 0 3.700000 2.800000 7.400000 2.100000 0 0 0 0 0.000000 0.000000 0.700000 0.100000 0 0 0 0 1194 0 115 0 18 0 38 0 134 1196 6 14 8 181 8 105 0 0 1215 14 133 3 34 0 2 255 253 128 3 4 2 1 0 155 0 1 577 0 6 5 24 0 0 101 216 833 37 28 74 21 0 0 0 1 1218 0 0 7 1 0 0 0 0
1585331114.077579 3 0 1550 2229 2153 1.013655 0.217348 0.031361 0.005727 0.010363 0.036543 0.000000 0.600000 0.500000 2.400000 0.000000 0 0 0 0 0 3.600000 3.200000 7.400000 3.200000 0 0 0 0 0.000000 0.000000 0.700000 0.100000 0 0 0 0 1194 0 115 0 21 0 38 0 134 1196 6 14 8 181 8 105 0 0 1215 14 133 3 29 0 1 255 253 128 3 4 2 1 0 155 0 0 577 0 6 5 24 0 0 101 216 833 36 32 74 32 0 0 0 1 1218 0 0 7 1 0 0 0 0
1585331114.087587 3 0 1550 2228 2153 1.013655 0.217348 0.031361 0.004909 0.010363 0.037361 0.000000 0.600000 0.500000 2.400000 0.000000 0 0 0 0 0 4.000000 3.300000 8.100000 2.700000 0 0 0 0 0.000000 0.000000 0.700000 0.100000 0 0 0 0 1194 0 115 0 18 0 38 0 137 1196 6 14 8 180 8 105 0 0 1215 14 133 3 29 0 1 255 253 128 3 4 2 1 0 155 0 0 577 0 6 5 24 0 0 101 216 833 40 33 81 27 0 0 0 1 1218 0 0 7 1 0 0 0 0
1585331114.097552 3 0 1550 2228 2153 1.013655 0.217348 0.031361 0.005727 0.010363 0.036543 0.000000 0.600000 0.500000 2.400000 0.000000 0 0 0 0 0 4.300000 3.300000 8.600000 2.100000 0 0 0 0 0.000000 0.000000 0.700000 0.100000 0 0 0 0 1194 0 115 0 21 0 38 0 134 1196 6 14 8 180 8 105 0 0 1215 14 133 3 29 0 1 255 253 128 3 4 2 1 0 156 0 0 577 0 6 5 24 0 0 101 216 833 43 33 86 21 0 0 0 1 1218 0 0 7 1 0 0 0 0
1585331114.107577 3 0 1551 2229 2153 1.012291 0.217348 0.031361 0.004909 0.009545 0.037361 0.000000 0.600000 0.500000 2.400000 0.000000 0 0 0 0 0 4.200000 3.300000 8.000000 2.700000 0 0 0 0 0.000000 0.000000 0.700000 0.100000 0 0 0 0 1194 0 115 0 18 0 35 0 137 1196 6 15 8 181 8 105 0 0 1215 14 128 3 29 0 2 255 253 128 3 4 2 1 0 156 0 0 577 0 6 5 24 0 0 101 216 833 42 33 80 27 0 0 0 1 1218 0 0 7 1 0 0 0 0
1585331114.117614 3 0 1551 2229 2153 1.013655 0.217348 0.031361 0.005727 0.009545 0.037361 0.000000 0.600000 0.500000 2.400000 0.000000 0 0 0 0 0 4.000000 3.000000 8.200000 2.800000 0 0 0 0 0.000000 0.000000 0.700000 0.100000 0 0 0 0 1194 0 115 0 21 0 35 0 137 1196 6 15 8 181 8 105 0 0 1215 14 133 3 29 0 2 255 253 128 3 4 2 1 0 155 0 0 577 0 6 5 24 0 0 101 216 833 40 30 82 28 0 0 0 1 1218 0 0 7 1 0 0 0 0
1585331114.127578 3 0 1550 2229 2153 1.013655 0.217348 0.031361 0.005727 0.010363 0.037361 0.000000 0.600000 0.500000 2.400000 0.000000 0 0 0 0 0 3.600000 3.600000 8.500000 3.500000 0 0 0 0 0.000000 0.000000 0.700000 0.100000 0 0 0 0 1194 0 115 0 21 0 38 0 137 1196 6 14 8 181 8 105 0 0 1215 14 133 3 29 0 1 255 253 128 3 4 2 1 0 155 0 0 577 0 6 5 24 0 0 101 216 833 36 36 85 35 0 0 0 1 1218 0 0 7 1 0 0 0 0
1585331114.137596 3 0 1550 2229 2153 1.013655 0.217348 0.031361 0.004909 0.010363 0.036543 0.000000 0.600000 0.500000 2.400000 0.000000 0 0 0 0 0 3.800000 3.100000 8.700000 3.500000 0 0 0 0 0.000000 0.000000 0.700000 0.100000 0 0 0 0 1194 0 115 0 18 0 38 0 134 1196 6 14 8 181 8 105 0 0 1215 14 133 3 29 0 1 255 253 128 3 4 2 1 0 155 0 0 577 0 6 5 24 0 0 101 216 833 38 31 87 35 0 0 0 1 1218 0 0 7 1 0 0 0 0
1585331114.147644 3 0 1550 2229 2153 1.013655 0.217348 0.031361 0.005727 0.010363 0.036543 0.000000 0.600000 0.500000 2.400000 0.000000 0 0 0 0 0 3.800000 3.300000 8.000000 2.700000 0 0 0 0 0.000000 0.000000 0.700000 0.100000 0 0 0 0 1194 0 115 0 21 0 38 0 134 1196 6 14 8 181 8 105 0 0 1215 14 133 3 29 0 1 255 253 128 3 4 2 1 0 155 0 0 577 0 6 5 24 0 0 101 216 833 38 33 80 27 0 0 0 1 1218 0 0 7 1 0 0 0 0
1585331114.157640 3 0 1550 2229 2153 1.013655 0.217348 0.031361 0.005727 0.010363 0.037361 0.000000 0.600000 0.500000 2.400000 0.000000 0 0 0 0 0 4.200000 3.600000 7.700000 2.300000 0 0 0 0 0.000000 0.000000 0.700000 0.100000 0 0 0 0 1194 0 115 0 21 0 38 0 137 1196 6 14 8 181 8 105 0 0 1215 14 133 3 29 0 2 255 253 128 3 4 2 1 0 155 0 0 577 0 6 5 24 0 0 101 216 833 42 36 77 23 0 0 0 1 1218 0 0 7 1 0 0 0 0
1585331114.167634 3 0 1550 2229 2153 1.013655 0.217348 0.031361 0.005727 0.009545 0.036543 0.000000 0.600000 0.500000 2.400000 0.000000 0 0 0 0 0 4.400000 3.000000 8.500000 2.100000 0 0 0 0 0.000000 0.000000 0.700000 0.100000 0 0 0 0 1194 0 115 0 21 0 35 0 134 1196 6 14 8 181 8 105 0 0 1215 14 133 3 29 0 1 255 253 128 3 4 2 1 0 156 0 1 577 0 6 5 24 0 0 101 216 833 44 30 85 21 0 0 0 1 1218 0 0 7 1 0 0 0 0
1585331114.177602 3 0 1550 2229 2153 1.013655 0.217348 0.031361 0.004909 0.009545 0.036543 0.000000 0.600000 0.500000 2.400000 0.000000 0 0 0 0 0 4.100000 3.100000 8.700000 1.800000 0 0 0 0 0.000000 0.000000 0.700000 0.100000 0 0 0 0 1194 0 115 0 18 0 35 0 134 1196 6 14 8 181 8 105 0 0 1215 14 133 3 29 0 2 255 253 128 3 4 2 1 0 156 0 0 577 0 6 5 24 0 0 101 216 833 41 31 87 18 0 0 0 1 1218 0 0 7 1 0 0 0 0
1585331114.187634 3 0 1550 2228 2154 1.013655 0.217348 0.031361 0.005727 0.010363 0.036543 0.000000 0.600000 0.500000 2.400000 0.000000 0 0 0 0 0 3.500000 3.600000 8.000000 2.700000 0 0 0 0 0.000000 0.000000 0.700000 0.100000 0 0 0 0 1194 0 115 0 21 0 38 0 134 1196 6 14 8 180 8 106 0 0 1215 14 133 3 29 0 2 255 253 128 3 4 2 1 0 155 0 0 577 0 6 5 24 0 0 101 216 833 35 36 80 27 0 0 0 1 1218 0 0 7 1 0 0 0 0
1585331114.197606 3 0 1550 2228 2154 1.013655 0.217348 0.031361 0.004909 0.010363 0.037361 0.000000 0.600000 0.500000 2.400000 0.000000 0 0 0 0 0 3.400000 3.300000 7.700000 3.400000 0 0 0 0 0.000000 0.000000 0.700000 0.100000 0 0 0 0 1194 0 115 0 18 0 38 0 137 1196 6 14 8 180 8 106 0 0 1215 14 133 3 29 0 2 255 253 128 3 4 2 1 0 155 0 0 577 0 6 5 24 0 0 101 216 833 34 33 77 34 0 0 0 1 1218 0 0 7 1 0 0 0 0
1585331114.207597 3 0 1550 2228 2153 1.015018 0.218712 0.031361 0.005727 0.010363 0.036543 0.000000 0.600000 0.500000 2.400000 0.000000 0 0 0 0 0 4.400000 2.800000 8.300000 2.500000 0 0 0 0 0.000000 0.000000 0.700000 0.100000 0 0 0 0 1194 0 115 0 21 0 38 0 134 1196 6 14 8 180 8 105 0 0 1215 14 138 3 34 0 1 255 253 128 3 4 2 1 0 155 0 0 577 0 6 5 24 0 0 101 216 833 44 28 83 25 0 0 0 1 1218 0 0 7 1 0 0 0 0
1585331114.217657 3 0 1550 2228 2153 1.013655 0.217348 0.031361 0.004909 0.009545 0.037361 0.000000 0.600000 0.500000 2.400000 0.000000 0 0 0 0 0 4.500000 2.900000 8.500000 2.400000 0 0 0 0 0.000000 0.000000 0.700000 0.100000 0 0 0 0 1194 0 115 0 18 0 35 0 137 1196 6 14 8 180 8 105 0 0 1215 14 133 3 29 0 1 255 253 128 3 4 2 1 0 155 0 0 577 0 6 5 24 0 0 101 216 833 45 29 85 24 0 0 0 1 1218 0 0 7 1 0 0 0 0
1585331114.227596 3 0 1550 2228 2153 1.012291 0.215984 0.031361 0.004909 0.009545 0.036543 0.000000 0.600000 0.500000 2.400000 0.000000 0 0 0 0 0 4.300000 3.400000 8.600000 2.400000 0 0 0 0 0.000000 0.000000 0.700000 0.100000 0 0 0 0 1194 0 115 0 18 0 35 0 134 1196 6 14 8 180 8 105 0 0 1215 14 128 3 24 0 2 255 253 128 3 4 2 1 0 156 0 0 577 0 6 5 24 0 0 101 216 833 43 34 86 24 0 0 0 1 1218 0 0 7 1 0 0 0 0
1585331114.237600 3 0 1550 2228 2153 1.013655 0.217348 0.031361 0.004909 0.010363 0.036543 0.000000 0.600000 0.500000 2.400000 0.000000 0 0 0 0 0 4.300000 3.400000 8.700000 2.900000 0 0 0 0 0.000000 0.000000 0.700000 0.100000 0 0 0 0 1194 0 115 0 18 0 38 0 134 1196 6 14 8 180 8 105 0 0 1215 14 133 3 29 0 1 255 253 128 3 4 2 1 0 155 0 0 577 0 6 5 24 0 0 101 216 833 43 34 87 29 0 0 0 1 1218 0 0 7 1 0 0 0 0
1585331114.247622 3 0 1551 2229 2153 1.013655 0.217348 0.031361 0.005727 0.009545 0.037361 0.000000 0.600000 0.500000 2.400000 0.000000 0 0 0 0 0 4.100000 2.800000 8.000000 3.000000 0 0 0 0 0.000000 0.000000 0.700000 0.100000 0 0 0 0 1194 0 115 0 21 0 35 0 137 1196 6 15 8 181 8 105 0 0 1215 14 133 3 29 0 2 255 253 128 3 4 2 1 0 155 0 0 577 0 6 5 24 0 0 101 216 833 41 28 80 30 0 0 0 1 1218 0 0 7 1 0 0 0 0
1585331114.257606 3 0 1551 2229 2153 1.013655 0.215984 0.031361 0.004091 0.010363 0.037361 0.000000 0.600000 0.500000 2.400000 0.000000 0 0 0 0 0 4.200000 3.200000 7.400000 2.900000 0 0 0 0 0.000000 0.000000 0.700000 0.100000 0 0 0 0 1194 0 115 0 15 0 38 0 137 1196 6 15 8 181 8 105 0 0 1215 14 133 3 24 0 1 255 253 128 3 4 2 1 0 155 0 0 577 0 6 5 24 0 0 101 216 833 42 32 74 29 0 0 0 1 1218 0 0 7 1 0 0 0 0
1585331114.267648 3 0 1551 2228 2153 1.013655 0.217348 0.031361 0.004909 0.009545 0.036543 0.000000 0.600000 0.500000 2.400000 0.000000 0 0 0 0 0 4.200000 3.200000 7.400000 2.900000 0 0 0 0 0.000000 0.000000 0.700000 0.100000 0 0 0 0 1194 0 115 0 18 0 35 0 134 1196 6 15 8 180 8 105 0 0 1215 14 133 3 29 0 2 255 253 128 3 4 2 1 0 155 0 1 577 0 6 5 24 0 0 101 216 833 42 32 74 29 0 0 0 1 1218 0 0 7 1 0 0 0 0
1585331114.277666 3 0 1551 2228 2153 1.013655 0.217348 0.031361 0.005727 0.010363 0.037361 0.000000 0.600000 0.500000 2.400000 0.000000 0 0 0 0 0 4.200000 3.200000 7.400000 2.900000 0 0 0 0 0.000000 0.000000 0.700000 0.100000 0 0 0 0 1194 0 115 0 21 0 38 0 137 1196 6 15 8 180 8 105 0 0 1215 14 133 3 29 0 2 255 253 128 3 4 2 1 0 156 0 0 577 0 6 5 24 0 0 101 216 833 42 32 74 29 0 0 0 1 1218 0 0 7 1 0 0 0 0
1585331114.287663 3 0 1550 2230 2153 1.013655 0.217348 0.031361 0.005727 0.009545 0.036543 0.000000 0.600000 0.500000 2.400000 0.000000 0 0 0 0 0 4.200000 3.200000 7.400000 2.900000 0 0 0 0 0.000000 0.000000 0.700000 0.100000 0 0 0 0 1194 0 115 0 21 0 35 0 134 1196 6 14 8 182 8 105 0 0 1215 14 133 3 29 0 1 255 253 128 3 4 2 1 0 156 0 0 577 0 6 5 24 0 0 101 228 833 42 32 74 29 0 0 0 1 1218 0 0 7 1 0 0 0 0
1585331114.297659 3 0 1550 2230 2153 1.015018 0.218712 0.031361 0.004909 0.009545 0.037361 0.000000 0.600000 0.500000 2.400000 0.000000 0 0 0 0 0 4.200000 3.200000 7.400000 2.900000 0 0 0 0 0.000000 0.000000 0.700000 0.100000 0 0 0 0 1194 0 115 0 18 0 35 0 137 1196 6 14 8 182 8 105 0 0 1215 14 138 3 34 0 2 255 253 128 3 4 2 1 0 156 0 0 577 0 6 5 24 0 0 101 228 833 42 32 74 29 0 0 0 1 1218 0 0 7 1 0 0 0 0
1585331114.307632 3 0 1550 2229 2153 1.013655 0.217348 0.031361 0.004909 0.009545 0.037361 0.000000 0.600000 0.500000 2.400000 0.000000 0 0 0 0 0 4.300000 3.200000 7.200000 3.200000 0 0 0 0 0.000000 0.000000 0.700000 0.100000 0 0 0 0 1194 0 115 0 18 0 35 0 137 1196 6 14 8 181 8 105 0 0 1215 14 133 3 29 0 2 255 253 128 3 4 2 1 0 155 0 0 577 0 6 5 24 0 0 101 228 833 43 32 72 32 0 0 0 1 1218 0 0 7 1 0 0 0 0
1585331114.317694 3 0 1550 2229 2153 1.013655 0.217348 0.031361 0.005727 0.009545 0.037361 0.000000 0.600000 0.500000 2.400000 0.000000 0 0 0 0 0 4.300000 2.800000 7.100000 2.900000 0 0 0 0 0.000000 0.000000 0.700000 0.100000 0 0 0 0 1194 0 115 0 21 0 35 0 137 1196 6 14 8 181 8 105 0 0 1215 14 133 3 29 0 2 255 253 128 3 4 2 1 0 155 0 0 577 0 6 5 24 0 0 101 228 833 43 28 71 29 0 0 0 1 1218 0 0 7 1 0 0 0 0
1585331114.327632 3 0 1551 2229 2153 1.013655 0.217348 0.031361 0.004909 0.009545 0.037361 0.000000 0.600000 0.500000 2.400000 0.000000 0 0 0 0 0 4.300000 2.900000 7.800000 3.400000 0 0 0 0 0.000000 0.000000 0.700000 0.100000 0 0 0 0 1194 0 115 0 18 0 35 0 137 1196 6 15 8 181 8 105 0 0 1215 14 133 3 29 0 2 255 253 128 3 4 2 1 0 155 0 0 577 0 6 5 24 0 0 101 228 833 43 29 78 34 0 0 0 1 1218 0 0 7 1 0 0 0 0
1585331114.337732 3 0 1551 2229 2153 1.013655 0.218712 0.031361 0.004909 0.009545 0.037361 0.000000 0.600000 0.500000 2.400000 0.000000 0 0 0 0 0 4.100000 3.200000 7.800000 2.900000 0 0 0 0 0.000000 0.000000 0.700000 0.100000 0 0 0 0 1194 0 115 0 18 0 35 0 137 1196 6 15 8 181 8 105 0 0 1215 14 133 3 34 0 2 255 253 128 3 4 2 1 0 155 0 0 577 0 6 5 24 0 0 101 228 833 41 32 78 29 0 0 0 1 1218 0 0 7 1 0 0 0 0
1585331114.347692 3 0 1549 2228 2153 1.013655 0.217348 0.031361 0.005727 0.010363 0.036543 0.000000 0.600000 0.500000 2.400000 0.000000 0 0 0 0 0 4.400000 3.800000 7.800000 2.400000 0 0 0 0 0.000000 0.000000 0.700000 0.100000 0 0 0 0 1194 0 115 0 21 0 38 0 134 1196 6 13 8 180 8 105 0 0 1215 14 133 3 29 0 2 255 253 128 3 4 2 1 0 155 0 0 577 0 6 5 24 0 0 101 228 833 44 38 78 24 0 0 0 1 1218 0 0 7 1 0 0 0 0
1585331114.357653 3 0 1549 2228 2153 1.013655 0.217348 0.031361 0.004909 0.009545 0.036543 0.000000 0.600000 0.500000 2.400000 0.000000 0 0 0 0 0 4.200000 3.100000 7.800000 3.100000 0 0 0 0 0.000000 0.000000 0.700000 0.100000 0 0 0 0 1194 0 115 0 18 0 35 0 134 1196 6 13 8 180 8 105 0 0 1215 14 133 3 29 0 1 255 253 128 3 4 2 1 0 155 0 0 577 0 6 5 24 0 0 101 228 833 42 31 78 31 0 0 0 1 1218 0 0 7 1 0 0 0 0
1585331114.367648 3 0 1550 2229 2153 1.013655 0.217348 0.031361 0.004909 0.010363 0.037361 0.000000 0.600000 0.500000 2.400000 0.000000 0 0 0 0 0 3.500000 3.300000 7.100000 3.200000 0 0 0 0 0.000000 0.000000 0.700000 0.100000 0 0 0 0 1194 0 115 0 18 0 38 0 137 1196 6 14 8 181 8 105 0 0 1215 14 133 3 29 0 2 255 253 128 3 4 2 1 0 155 0 1 577 0 6 5 24 0 0 101 228 833 35 33 71 32 0 0 0 1 1218 0 0 7 1 0 0 0 0
1585331114.377714 3 0 1550 2229 2153 1.013655 0.217348 0.031361 0.004909 0.010363 0.036543 0.000000 0.600000 0.500000 2.400000 0.000000 0 0 0 0 0 3.600000 3.700000 7.600000 2.700000 0 0 0 0 0.000000 0.000000 0.700000 0.100000 0 0 0 0 1194 0 115 0 18 0 38 0 134 1196 6 14 8 181 8 105 0 0 1215 14 133 3 29 0 2 255 253 128 3 4 2 1 0 155 0 0 577 0 6 5 24 0 0 101 228 833 36 37 76 27 0 0 0 1 1218 0 0 7 1 0 0 0 0
1585331114.387695 3 0 1550 2228 2153 1.013655 0.217348 0.031361 0.006545 0.010363 0.037361 0.000000 0.600000 0.500000 2.400000 0.000000 0 0 0 0 0 3.500000 3.400000 7.900000 2.600000 0 0 0 0 0.000000 0.000000 0.700000 0.100000 0 0 0 0 1194 0 115 0 24 0 38 0 137 1196 6 14 8 180 8 105 0 0 1215 14 133 3 29 0 1 255 253 128 3 4 2 1 0 156 0 0 577 0 6 5 24 0 0 101 228 833 35 34 79 26 0 0 0 1 1218 0 0 7 1 0 0 0 0
1585331114.397725 3 0 1550 2228 2153 1.013655 0.217348 0.031361 0.005727 0.009545 0.036543 0.000000 0.600000 0.500000 2.400000 0.000000 0 0 0 0 0 3.600000 3.000000 7.600000 2.800000 0 0 0 0 0.000000 0.000000 0.700000 0.100000 0 0 0 0 1194 0 115 0 21 0 35 0 134 1196 6 14 8 180 8 105 0 0 1215 14 133 3 29 0 2 255 253 128 3 4 2 1 0 155 0 0 577 0 6 5 24 0 0 101 228 833 36 30 76 28 0 0 0 1 1218 0 0 7 1 0 0 0 0
1585331114.407790 3 0 1550 2229 2153 1.013655 0.217348 0.031361 0.004909 0.010363 0.037361 0.000000 0.600000 0.500000 2.400000 0.000000 0 0 0 0 0 3.600000 3.400000 7.700000 2.400000 0 0 0 0 0.000000 0.000000 0.700000 0.100000 0 0 0 0 1194 0 115 0 18 0 38 0 137 1196 6 14 8 181 8 105 0 0 1215 14 133 3 29 0 1 255 253 128 3 4 2 1 0 156 0 0 577 0 6 5 24 0 0 101 228 833 36 34 77 24 0 0 0 1 1218 0 0 7 1 0 0 0 0
1585331114.417692 3 0 1550 2229 2153 1.013655 0.217348 0.031361 0.004909 0.010363 0.036543 0.000000 0.600000 0.500000 2.400000 0.000000 0 0 0 0 0 3.700000 3.300000 7.900000 2.500000 0 0 0 0 0.000000 0.000000 0.700000 0.100000 0 0 0 0 1194 0 115 0 18 0 38 0 134 1196 6 14 8 181 8 105 0 0 1215 14 133 3 29 0 1 255 253 128 3 4 2 1 0 155 0 0 577 0 6 5 24 0 0 101 228 833 37 33 79 25 0 0 0 1 1218 0 0 7 1 0 0 0 0
1585331114.427648 3 0 1550 2228 2153 1.015018 0.218712 0.031361 0.004909 0.010363 0.036543 0.000000 0.600000 0.500000 2.400000 0.000000 0 0 0 0 0 3.700000 2.400000 7.900000 3.200000 0 0 0 0 0.000000 0.000000 0.700000 0.100000 0 0 0 0 1194 0 115 0 18 0 38 0 134 1196 6 14 8 180 8 105 0 0 1215 14 138 3 34 0 1 255 253 128 3 4 2 1 0 155 0 0 577 0 6 5 24 0 0 101 228 833 37 24 79 32 0 0 0 1 1218 0 0 7 1 0 0 0 0
1585331114.437655 3 0 1550 2228 2153 1.013655 0.217348 0.031361 0.004909 0.010363 0.036543 0.000000 0.600000 0.500000 2.400000 0.000000 0 0 0 0 0 4.000000 3.400000 8.200000 2.300000 0 0 0 0 0.000000 0.000000 0.700000 0.100000 0 0 0 0 1194 0 115 0 18 0 38 0 134 1196 6 14 8 180 8 105 0 0 1215 14 133 3 29 0 2 255 253 128 3 4 2 1 0 155 0 0 577 0 6 5 24 0 0 101 228 833 40 34 82 23 0 0 0 1 1218 0 0 7 1 0 0 0 0
1585331114.447709 3 0 1551 2229 2153 1.013655 0.217348 0.031361 0.005727 0.010363 0.036543 0.000000 0.600000 0.500000 2.400000 0.000000 0 0 0 0 0 4.300000 3.300000 7.900000 1.900000 0 0 0 0 0.000000 0.000000 0.700000 0.100000 0 0 0 0 1194 0 115 0 21 0 38 0 134 1196 6 15 8 181 8 105 0 0 1215 14 133 3 29 0 2 255 253 128 3 4 2 1 0 156 0 0 577 0 6 5 24 0 0 101 228 833 43 33 79 19 0 0 0 1 1218 0 0 7 1 0 0 0 0
1585331114.457679 3 0 1551 2229 2153 1.013655 0.217348 0.031361 0.005727 0.010363 0.037361 0.000000 0.600000 0.500000 2.400000 0.000000 0 0 0 0 0 4.200000 3.400000 7.400000 2.700000 0 0 0 0 0.000000 0.000000 0.700000 0.100000 0 0 0 0 1194 0 115 0 21 0 38 0 137 1196 6 15 8 181 8 105 0 0 1215 14 133 3 29 0 2 255 253 128 3 4 2 1 0 155 0 0 577 0 6 5 24 0 0 101 228 833 42 34 74 27 0 0 0 1 1218 0 0 7 1 0 0 0 0
1585331114.467808 3 0 1550 2229 2153 1.013655 0.217348 0.031361 0.005727 0.009545 0.036543 0.000000 0.600000 0.500000 2.400000 0.000000 0 0 0 0 0 4.000000 3.900000 7.800000 2.600000 0 0 0 0 0.000000 0.000000 0.700000 0.100000 0 0 0 0 1194 0 115 0 21 0 35 0 134 1196 6 14 8 181 8 105 0 0 1215 14 133 3 29 0 1 255 253 128 3 4 2 1 0 155 0 1 577 0 6 5 24 0 0 101 228 833 40 39 78 26 0 0 0 1 1218 0 0 7 1 0 0 0 0
1585331114.477697 3 0 1550 2229 2153 1.013655 0.217348 0.031361 0.004909 0.009545 0.036543 0.000000 0.600000 0.500000 2.400000 0.000000 0 0 0 0 0 4.100000 3.400000 8.400000 2.400000 0 0 0 0 0.000000 0.000000 0.700000 0.100000 0 0 0 0 1194 0 115 0 18 0 35 0 134 1196 6 14 8 181 8 105 0 0 1215 14 133 3 29 0 2 255 253 128 3 4 2 1 0 155 0 0 577 0 6 5 24 0 0 101 228 833 41 34 84 24 0 0 0 1 1218 0 0 7 1 0 0 0 0
1585331114.487691 3 0 1550 2229 2153 1.013655 0.217348 0.031361 0.004909 0.009545 0.036543 0.000000 0.600000 0.500000 2.400000 0.000000 0 0 0 0 0 4.500000 3.500000 8.000000 2.300000 0 0 0 0 0.000000 0.000000 0.700000 0.100000 0 0 0 0 1194 0 115 0 18 0 35 0 134 1196 6 14 8 181 8 105 0 0 1215 14 133 3 29 0 2 255 253 128 3 4 2 1 0 156 0 0 577 0 6 5 24 0 0 101 228 833 45 35 80 23 0 0 0 1 1218 0 0 7 1 0 0 0 0
1585331114.497715 3 0 1550 2229 2153 1.013655 0.217348 0.031361 0.005727 0.009545 0.037361 0.000000 0.600000 0.500000 2.400000 0.000000 0 0 0 0 0 4.000000 3.300000 8.200000 2.300000 0 0 0 0 0.000000 0.000000 0.700000 0.100000 0 0 0 0 1194 0 115 0 21 0 35 0 137 1196 6 14 8 181 8 105 0 0 1215 14 133 3 29 0 2 255 253 128 3 4 2 1 0 155 0 0 577 0 6 5 24 0 0 101 228 833 40 33 82 23 0 0 0 1 1218 0 0 7 1 0 0 0 0
1585331114.507716 3 0 1550 2229 2153 1.013655 0.217348 0.031361 0.004909 0.010363 0.037361 0.000000 0.600000 0.500000 2.400000 0.000000 0 0 0 0 0 3.900000 3.500000 8.500000 3.100000 0 0 0 0 0.000000 0.000000 0.700000 0.100000 0 0 0 0 1194 0 115 0 18 0 38 0 137 1196 6 14 8 181 8 105 0 0 1215 14 133 3 29 0 2 255 253 128 3 4 2 1 0 156 0 0 577 0 6 5 24 0 0 101 228 833 39 35 85 31 0 0 0 1 1218 0 0 7 1 0 0 0 0
1585331114.517693 3 0 1550 2229 2153 1.013655 0.217348 0.031361 0.005727 0.009545 0.036543 0.000000 0.600000 0.500000 2.400000 0.000000 0 0 0 0 0 4.000000 3.300000 7.600000 2.800000 0 0 0 0 0.000000 0.000000 0.700000 0.100000 0 0 0 0 1194 0 115 0 21 0 35 0 134 1196 6 14 8 181 8 105 0 0 1215 14 133 3 29 0 2 255 253 128 3 4 2 1 0 156 0 0 577 0 6 5 24 0 0 101 228 833 40 33 76 28 0 0 0 1 1218 0 0 7 1 0 0 0 0
1585331114.527704 3 0 1550 2229 2153 1.013655 0.217348 0.031361 0.004909 0.010363 0.036543 0.000000 0.600000 0.500000 2.400000 0.000000 0 0 0 0 0 4.200000 3.200000 8.200000 2.600000 0 0 0 0 0.000000 0.000000 0.700000 0.100000 0 0 0 0 1194 0 115 0 18 0 38 0 134 1196 6 14 8 181 8 105 0 0 1215 14 133 3 29 0 1 255 253 128 3 4 2 1 0 155 0 0 577 0 6 5 24 0 0 101 228 833 42 32 82 26 0 0 0 1 1218 0 0 7 1 0 0 0 0
1585331114.537758 3 0 1550 2229 2153 1.013655 0.217348 0.031361 0.004909 0.010363 0.037361 0.000000 0.600000 0.500000 2.400000 0.000000 0 0 0 0 0 4.000000 3.300000 8.000000 2.900000 0 0 0 0 0.000000 0.000000 0.700000 0.100000 0 0 0 0 1194 0 115 0 18 0 38 0 137 1196 6 14 8 181 8 105 0 0 1215 14 133 3 29 0 1 255 253 128 3 4 2 1 0 155 0 0 577 0 6 5 24 0 0 101 228 833 40 33 80 29 0 0 0 1 1218 0 0 7 1 0 0 0 0
1585331114.547705 3 0 1550 2228 2152 1.013655 0.217348 0.031361 0.005727 0.009545 0.036543 0.000000 0.600000 0.500000 2.400000 0.000000 0 0 0 0 0 3.800000 3.300000 8.100000 2.800000 0 0 0 0 0.000000 0.000000 0.700000 0.100000 0 0 0 0 1194 0 115 0 21 0 35 0 134 1196 6 14 8 180 8 104 0 0 1215 14 133 3 29 0 2 255 253 128 3 4 2 1 0 155 0 0 577 0 6 5 24 0 0 101 228 833 38 33 81 28 0 0 0 1 1218 0 0 7 1 0 0 0 0
1585331114.557718 3 0 1550 2228 2152 1.013655 0.217348 0.031361 0.004091 0.010363 0.037361 0.000000 0.600000 0.500000 2.400000 0.000000 0 0 0 0 0 4.100000 3.400000 8.400000 2.300000 0 0 0 0 0.000000 0.000000 0.700000 0.100000 0 0 0 0 1194 0 115 0 15 0 38 0 137 1196 6 14 8 180 8 104 0 0 1215 14 133 3 29 0 1 255 253 128 3 4 2 1 0 155 0 0 577 0 6 5 24 0 0 101 228 833 41 34 84 23 0 0 0 1 1218 0 0 7 1 0 0 0 0
1585331114.567804 3 0 1550 2229 2153 1.015018 0.218712 0.031361 0.005727 0.009545 0.036543 0.000000 0.600000 0.500000 2.400000 0.000000 0 0 0 0 0 3.800000 3.400000 7.400000 2.100000 0 0 0 0 0.000000 0.000000 0.700000 0.100000 0 0 0 0 1194 0 115 0 21 0 35 0 134 1196 6 14 8 181 8 105 0 0 1215 14 138 3 34 0 2 255 253 128 3 4 2 1 0 156 0 1 577 0 6 5 24 0 0 101 228 833 38 34 74 21 0 0 0 1 1218 0 0 7 1 0 0 0 0
1585331114.577736 3 0 1550 2229 2153 1.013655 0.218712 0.031361 0.004909 0.009545 0.037361 0.000000 0.600000 0.500000 2.400000 0.000000 0 0 0 0 0 4.000000 3.600000 7.400000 2.000000 0 0 0 0 0.000000 0.000000 0.700000 0.100000 0 0 0 0 1194 0 115 0 18 0 35 0 137 1196 6 14 8 181 8 105 0 0 1215 14 133 3 34 0 2 255 253 128 3 4 2 1 0 155 0 0 577 0 6 5 24 0 0 101 228 833 40 36 74 20 0 0 0 1 1218 0 0 7 1 0 0 0 0
1585331114.587729 3 0 1550 2228 2153 1.013655 0.217348 0.031361 0.005727 0.010363 0.037361 0.000000 0.600000 0.500000 2.400000 0.000000 0 0 0 0 0 4.000000 3.700000 7.900000 2.500000 0 0 0 0 0.000000 0.000000 0.700000 0.100000 0 0 0 0 1194 0 115 0 21 0 38 0 137 1196 6 14 8 180 8 105 0 0 1215 14 133 3 29 0 1 255 253 128 3 4 2 1 0 155 0 0 577 0 6 5 24 0 0 101 228 833 40 37 79 25 0 0 0 1 1218 0 0 7 1 0 0 0 0
1585331114.597869 3 0 1550 2228 2153 1.013655 0.217348 0.031361 0.005727 0.010363 0.036543 0.000000 0.600000 0.500000 2.400000 0.000000 0 0 0 0 0 3.800000 3.600000 7.800000 2.500000 0 0 0 0 0.000000 0.000000 0.700000 0.100000 0 0 0 0 1194 0 115 0 21 0 38 0 134 1196 6 14 8 180 8 105 0 0 1215 14 133 3 29 0 2 255 253 128 3 4 2 1 0 155 0 0 577 0 6 5 24 0 0 101 228 833 38 36 78 25 0 0 0 1 1218 0 0 7 1 0 0 0 0
1585331114.607734 3 0 1550 2229 2153 1.013655 0.217348 0.031361 0.005727 0.009545 0.036543 0.000000 0.600000 0.500000 2.400000 0.000000 0 0 0 0 0 4.100000 2.900000 7.900000 2.900000 0 0 0 0 0.000000 0.000000 0.700000 0.100000 0 0 0 0 1194 0 115 0 21 0 35 0 134 1196 6 14 8 181 8 105 0 0 1215 14 133 3 29 0 2 255 253 128 3 4 2 1 0 155 0 0 577 0 6 5 24 0 0 101 228 833 41 29 79 29 0 0 0 1 1218 0 0 7 1 0 0 0 0
1585331114.617733 3 0 1550 2229 2153 1.013655 0.217348 0.031361 0.004909 0.009545 0.037361 0.000000 0.600000 0.500000 2.400000 0.000000 0 0 0 0 0 3.900000 3.200000 8.400000 3.200000 0 0 0 0 0.000000 0.000000 0.700000 0.100000 0 0 0 0 1194 0 115 0 18 0 35 0 137 1196 6 14 8 181 8 105 0 0 1215 14 133 3 29 0 2 255 253 128 3 4 2 1 0 156 0 0 577 0 6 5 24 0 0 101 228 833 39 32 84 32 0 0 0 1 1218 0 0 7 1 0 0 0 0
1585331114.627731 3 0 1550 2228 2153 1.013655 0.217348 0.031361 0.005727 0.010363 0.037361 0.000000 0.600000 0.500000 2.400000 0.000000 0 0 0 0 0 4.100000 3.100000 7.800000 2.800000 0 0 0 0 0.000000 0.000000 0.700000 0.100000 0 0 0 0 1194 0 115 0 21 0 38 0 137 1196 6 14 8 180 8 105 0 0 1215 14 133 3 29 0 1 255 253 128 3 4 2 1 0 155 0 0 577 0 6 5 24 0 0 101 228 833 41 31 78 28 0 0 0 1 1218 0 0 7 1 0 0 0 0
1585331114.637722 3 0 1550 2228 2153 1.013655 0.217348 0.031361 0.004909 0.010363 0.037361 0.000000 0.600000 0.500000 2.400000 0.000000 0 0 0 0 0 3.700000 2.900000 8.100000 2.700000 0 0 0 0 0.000000 0.000000 0.700000 0.100000 0 0 0 0 1194 0 115 0 18 0 38 0 137 1196 6 14 8 180 8 105 0 0 1215 14 133 3 29 0 1 255 253 128 3 4 2 1 0 155 0 0 577 0 6 5 24 0 0 101 228 833 37 29 81 27 0 0 0 1 1218 0 0 7 1 0 0 0 0
1585331114.647750 3 0 1550 2228 2153 1.013655 0.217348 0.031361 0.004909 0.010363 0.037361 0.000000 0.600000 0.500000 2.400000 0.000000 0 0 0 0 0 4.000000 3.300000 7.900000 2.800000 0 0 0 0 0.000000 0.000000 0.700000 0.100000 0 0 0 0 1194 0 115 0 18 0 38 0 137 1196 6 14 8 180 8 105 0 0 1215 14 133 3 29 0 2 255 253 128 3 4 2 1 0 155 0 0 577 0 6 5 24 0 0 101 228 833 40 33 79 28 0 0 0 1 1218 0 0 7 1 0 0 0 0
1585331114.657820 3 0 1550 2228 2153 1.013655 0.217348 0.031361 0.005727 0.010363 0.037361 0.000000 0.600000 0.500000 2.400000 0.000000 0 0 0 0 0 4.100000 3.700000 8.200000 2.700000 0 0 0 0 0.000000 0.000000 0.700000 0.100000 0 0 0 0 1194 0 115 0 21 0 38 0 137 1196 6 14 8 180 8 105 0 0 1215 14 133 3 29 0 2 255 253 128 3 4 2 1 0 156 0 0 577 0 6 5 24 0 0 101 228 833 41 37 82 27 0 0 0 1 1218 0 0 7 1 0 0 0 0
1585331114.667818 3 0 1550 2229 2153 1.015018 0.218712 0.031361 0.005727 0.011454 0.037361 0.000000 0.600000 0.500000 2.400000 0.000000 0 0 0 0 0 4.000000 3.500000 8.200000 2.000000 0 0 0 0 0.000000 0.000000 0.700000 0.100000 0 0 0 0 1194 0 115 0 21 0 42 0 137 1196 6 14 8 181 8 105 0 0 1215 14 138 3 34 0 2 255 253 128 3 4 2 1 0 155 0 1 577 0 6 5 24 0 0 101 228 833 40 35 82 20 0 0 0 1 1218 0 0 7 1 0 0 0 0
1585331114.677766 3 0 1550 2229 2153 1.013655 0.217348 0.031361 0.004909 0.010363 0.035997 0.000000 0.600000 0.500000 2.400000 0.000000 0 0 0 0 0 4.100000 2.900000 7.500000 2.700000 0 0 0 0 0.000000 0.000000 0.700000 0.100000 0 0 0 0 1194 0 115 0 18 0 38 0 132 1196 6 14 8 181 8 105 0 0 1215 14 133 3 29 0 2 255 253 128 3 4 2 1 0 155 0 0 577 0 6 5 24 0 0 101 228 833 41 29 75 27 0 0 0 1 1218 0 0 7 1 0 0 0 0
1585331114.687818 3 0 1550 2229 2153 1.013655 0.217348 0.031361 0.005727 0.010363 0.036543 0.000000 0.600000 0.500000 2.400000 0.000000 0 0 0 0 0 3.500000 2.900000 8.300000 3.000000 0 0 0 0 0.000000 0.000000 0.700000 0.100000 0 0 0 0 1194 0 115 0 21 0 38 0 134 1196 6 14 8 181 8 105 0 0 1215 14 133 3 29 0 1 255 253 128 3 4 2 1 0 155 0 0 577 0 6 5 24 0 0 101 228 833 35 29 83 30 0 0 0 1 1218 0 0 7 1 0 0 0 0
1585331114.697846 3 0 1550 2229 2153 1.013655 0.217348 0.031361 0.005727 0.010363 0.037361 0.000000 0.600000 0.500000 2.400000 0.000000 0 0 0 0 0 3.800000 3.300000 7.900000 3.000000 0 0 0 0 0.000000 0.000000 0.700000 0.100000 0 0 0 0 1194 0 115 0 21 0 38 0 137 1196 6 14 8 181 8 105 0 0 1215 14 133 3 29 0 2 255 253 128 3 4 2 1 0 155 0 0 577 0 6 5 24 0 0 101 228 833 38 33 79 30 0 0 0 1 1218 0 0 7 1 0 0 0 0
1585331114.707766 3 0 1550 2228 2153 1.013655 0.217348 0.031361 0.006545 0.010363 0.036543 0.000000 0.600000 0.500000 2.400000 0.000000 0 0 0 0 0 4.200000 3.300000 6.800000 3.100000 0 0 0 0 0.000000 0.000000 0.700000 0.100000 0 0 0 0 1194 0 115 0 24 0 38 0 134 1196 6 14 8 180 8 105 0 0 1215 14 133 3 29 0 1 255 253 128 3 4 2 1 0 155 0 0 577 0 6 5 24 0 0 101 228 833 42 33 68 31 0 0 0 1 1218 0 0 7 1 0 0 0 0
1585331114.717746 3 0 1550 2228 2153 1.013655 0.217348 0.031361 0.005727 0.009545 0.037361 0.000000 0.600000 0.500000 2.400000 0.000000 0 0 0 0 0 4.400000 3.000000 7.300000 3.200000 0 0 0 0 0.000000 0.000000 0.700000 0.100000 0 0 0 0 1194 0 115 0 21 0 35 0 137 1196 6 14 8 180 8 105 0 0 1215 14 133 3 29 0 2 255 253 128 3 4 2 1 0 155 0 0 577 0 6 5 24 0 0 101 228 833 44 30 73 32 0 0 0 1 1218 0 0 7 1 0 0 0 0
1585331114.727785 3 0 1550 2229 2153 1.013655 0.217348 0.031361 0.005727 0.010363 0.037361 0.000000 0.600000 0.500000 2.400000 0.000000 0 0 0 0 0 4.400000 3.400000 7.500000 3.400000 0 0 0 0 0.000000 0.000000 0.700000 0.100000 0 0 0 0 1194 0 115 0 21 0 38 0 137 1196 6 14 8 181 8 105 0 0 1215 14 133 3 29 0 2 255 253 128 3 4 2 1 0 155 0 0 577 0 6 5 24 0 0 101 228 833 44 34 75 34 0 0 0 1 1218 0 0 7 1 0 0 0 0
1585331114.737804 3 0 1550 2229 2153 1.013655 0.217348 0.031361 0.005727 0.010363 0.037361 0.000000 0.600000 0.500000 2.400000 0.000000 0 0 0 0 0 4.300000 3.100000 7.300000 3.000000 0 0 0 0 0.000000 0.000000 0.700000 0.100000 0 0 0 0 1194 0 115 0 21 0 38 0 137 1196 6 14 8 181 8 105 0 0 1215 14 133 3 29 0 2 255 253 128 3 4 2 1 0 156 0 0 577 0 6 5 24 0 0 101 228 833 43 31 73 30 0 0 0 1 1218 0 0 7 1 0 0 0 0
1585331114.746878 3 0 1550 2229 2153 1.013655 0.217348 0.031361 0.005727 0.010363 0.036543 0.000000 0.600000 0.500000 2.400000 0.000000 0 0 0 0 0 3.800000 3.400000 7.200000 2.400000 0 0 0 0 0.000000 0.000000 0.700000 0.100000 0 0 0 0 1194 0 115 0 21 0 38 0 134 1196 6 14 8 181 8 105 0 0 1215 14 133 3 29 0 1 255 253 128 3 4 2 1 0 156 0 0 577 0 6 5 24 0 0 101 228 833 38 34 72 24 0 0 0 1 1218 0 0 7 1 0 0 0 0
1585331114.757786 3 0 1550 2229 2153 1.013655 0.217348 0.031361 0.005727 0.010363 0.037361 0.000000 0.600000 0.500000 2.400000 0.000000 0 0 0 0 0 3.700000 3.400000 7.900000 2.700000 0 0 0 0 0.000000 0.000000 0.700000 0.100000 0 0 0 0 1194 0 115 0 21 0 38 0 137 1196 6 14 8 181 8 105 0 0 1215 14 133 3 29 0 1 255 253 128 3 4 2 1 0 156 0 0 577 0 6 5 24 0 0 101 228 833 37 34 79 27 0 0 0 1 1218 0 0 7 1 0 0 0 0
1585331114.767812 3 0 1550 2228 2153 1.013655 0.217348 0.031361 0.005727 0.010363 0.036543 0.000000 0.600000 0.500000 2.400000 0.000000 0 0 0 0 0 4.100000 3.200000 8.700000 2.800000 0 0 0 0 0.000000 0.000000 0.700000 0.100000 0 0 0 0 1194 0 115 0 21 0 38 0 134 1196 6 14 8 180 8 105 0 0 1215 14 133 3 29 0 2 255 253 128 3 4 2 1 0 155 0 1 577 0 6 5 24 0 0 101 228 833 41 32 87 28 0 0 0 1 1218 0 0 7 1 0 0 0 0
1585331114.777811 3 0 1550 2228 2153 1.015018 0.218712 0.031361 0.004909 0.010363 0.037361 0.000000 0.600000 0.500000 2.400000 0.000000 0 0 0 0 0 4.100000 3.200000 8.900000 3.000000 0 0 0 0 0.000000 0.000000 0.700000 0.100000 0 0 0 0 1194 0 115 0 18 0 38 0 137 1196 6 14 8 180 8 105 0 0 1215 14 138 3 34 0 1 255 253 128 3 4 2 1 0 155 0 0 577 0 6 5 24 0 0 101 228 833 41 32 89 30 0 0 0 1 1218 0 0 7 1 0 0 0 0
1585331114.787874 3 0 1550 2229 2153 1.013655 0.217348 0.031361 0.005727 0.010363 0.036543 0.000000 0.600000 0.500000 2.400000 0.000000 0 0 0 0 0 3.800000 2.800000 7.900000 3.200000 0 0 0 0 0.000000 0.000000 0.700000 0.100000 0 0 0 0 1194 0 115 0 21 0 38 0 134 1196 6 14 8 181 8 105 0 0 1215 14 133 3 29 0 1 255 253 128 3 4 2 1 0 155 0 0 577 0 6 5 24 0 0 101 228 833 38 28 79 32 0 0 0 1 1218 0 0 7 1 0 0 0 0
1585331114.797852 3 0 1550 2229 2153 1.013655 0.217348 0.031361 0.005727 0.010363 0.037361 0.000000 0.600000 0.500000 2.400000 0.000000 0 0 0 0 0 3.800000 3.100000 6.500000 3.000000 0 0 0 0 0.000000 0.000000 0.700000 0.100000 0 0 0 0 1194 0 115 0 21 0 38 0 137 1196 6 14 8 181 8 105 0 0 1215 14 133 3 29 0 1 255 253 128 3 4 2 1 0 155 0 0 577 0 6 5 24 0 0 101 228 833 38 31 65 30 0 0 0 1 1218 0 0 7 1 0 0 0 0
1585331114.808166 3 0 1549 2229 2153 1.015018 0.218712 0.031361 0.004909 0.010363 0.036543 0.000000 0.600000 0.500000 2.400000 0.000000 0 0 0 0 0 4.200000 2.800000 7.500000 3.100000 0 0 0 0 0.000000 0.000000 0.700000 0.100000 0 0 0 0 1194 0 115 0 18 0 38 0 134 1196 6 13 8 181 8 105 0 0 1215 14 138 3 34 0 1 255 253 128 3 4 2 1 0 155 0 0 577 0 6 5 24 0 0 101 228 833 42 28 75 31 0 0 0 1 1218 0 0 7 1 0 0 0 0
1585331114.817833 3 0 1549 2229 2153 1.013655 0.217348 0.031361 0.004909 0.009545 0.036543 0.000000 0.600000 0.500000 2.400000 0.000000 0 0 0 0 0 3.900000 3.000000 7.600000 2.800000 0 0 0 0 0.000000 0.000000 0.700000 0.100000 0 0 0 0 1194 0 115 0 18 0 35 0 134 1196 6 13 8 181 8 105 0 0 1215 14 133 3 29 0 1 255 253 128 3 4 2 1 0 155 0 0 577 0 6 5 24 0 0 101 228 833 39 30 76 28 0 0 0 1 1218 0 0 7 1 0 0 0 0
1585331114.827815 3 0 1550 2228 2153 1.013655 0.217348 0.031361 0.004909 0.009545 0.037361 0.000000 0.600000 0.500000 2.400000 0.000000 0 0 0 0 0 3.700000 3.600000 7.800000 3.000000 0 0 0 0 0.000000 0.000000 0.700000 0.100000 0 0 0 0 1194 0 115 0 18 0 35 0 137 1196 6 14 8 180 8 105 0 0 1215 14 133 3 29 0 1 255 253 128 3 4 2 1 0 155 0 0 577 0 6 5 24 0 0 101 228 833 37 36 78 30 0 0 0 1 1218 0 0 7 1 0 0 0 0
1585331114.837777 3 0 1550 2228 2153 1.013655 0.217348 0.031361 0.004909 0.010363 0.037361 0.000000 0.600000 0.500000 2.400000 0.000000 0 0 0 0 0 4.000000 3.200000 8.500000 3.000000 0 0 0 0 0.000000 0.000000 0.700000 0.100000 0 0 0 0 1194 0 115 0 18 0 38 0 137 1196 6 14 8 180 8 105 0 0 1215 14 133 3 29 0 1 255 253 128 3 4 2 1 0 156 0 0 577 0 6 5 24 0 0 101 228 833 40 32 85 30 0 0 0 1 1218 0 0 7 1 0 0 0 0
1585331114.847860 3 0 1551 2228 2153 1.012291 0.215984 0.031361 0.005727 0.008454 0.036543 0.000000 0.600000 0.500000 2.400000 0.000000 0 0 0 0 0 3.900000 3.200000 8.200000 2.800000 0 0 0 0 0.000000 0.000000 0.700000 0.100000 0 0 0 0 1194 0 115 0 21 0 31 0 134 1196 6 15 8 180 8 105 0 0 1215 14 128 3 24 0 2 255 253 128 3 4 2 1 0 155 0 0 577 0 6 5 24 0 0 101 228 833 39 32 82 28 0 0 0 1 1218 0 0 7 1 0 0 0 0
1585331114.857860 3 0 1551 2228 2153 1.013655 0.217348 0.031361 0.004909 0.010363 0.036543 0.000000 0.600000 0.500000 2.400000 0.000000 0 0 0 0 0 3.500000 3.500000 8.500000 3.100000 0 0 0 0 0.000000 0.000000 0.700000 0.100000 0 0 0 0 1194 0 115 0 18 0 38 0 134 1196 6 15 8 180 8 105 0 0 1215 14 133 3 29 0 2 255 253 128 3 4 2 1 0 156 0 0 577 0 6 5 24 0 0 101 228 833 35 35 85 31 0 0 0 1 1218 0 0 7 1 0 0 0 0
1585331114.867877 3 0 1551 2228 2153 1.013655 0.217348 0.031361 0.004909 0.010363 0.037361 0.000000 0.600000 0.500000 2.400000 0.000000 0 0 0 0 0 3.500000 3.100000 8.500000 2.600000 0 0 0 0 0.000000 0.000000 0.700000 0.100000 0 0 0 0 1194 0 115 0 18 0 38 0 137 1196 6 15 8 180 8 105 0 0 1215 14 133 3 29 0 1 255 253 128 3 4 2 1 0 155 0 1 577 0 6 5 24 0 0 101 228 833 35 31 85 26 0 0 0 1 1218 0 0 7 1 0 0 0 0
1585331114.877856 3 0 1551 2228 2153 1.015018 0.218712 0.031361 0.004909 0.010363 0.036543 0.000000 0.600000 0.500000 2.400000 0.000000 0 0 0 0 0 3.900000 3.300000 7.700000 2.500000 0 0 0 0 0.000000 0.000000 0.700000 0.100000 0 0 0 0 1194 0 115 0 18 0 38 0 134 1196 6 15 8 180 8 105 0 0 1215 14 138 3 34 0 1 255 253 128 3 4 2 1 0 156 0 0 577 0 6 5 24 0 0 101 228 833 39 33 77 25 0 0 0 1 1218 0 0 7 1 0 0 0 0
1585331114.887863 3 0 1550 2228 2153 1.015018 0.218712 0.031361 0.005727 0.010363 0.037361 0.000000 0.600000 0.500000 2.400000 0.000000 0 0 0 0 0 3.800000 3.600000 7.200000 2.500000 0 0 0 0 0.000000 0.000000 0.700000 0.100000 0 0 0 0 1194 0 115 0 21 0 38 0 137 1196 6 14 8 180 8 105 0 0 1215 14 138 3 34 0 1 255 253 128 3 4 2 1 0 156 0 0 577 0 6 5 24 0 0 101 228 833 38 36 72 25 0 0 0 1 1218 0 0 7 1 0 0 0 0
1585331114.897838 3 0 1550 2228 2153 1.013655 0.217348 0.031361 0.004091 0.010363 0.037361 0.000000 0.600000 0.500000 2.400000 0.000000 0 0 0 0 0 3.500000 3.000000 7.700000 2.400000 0 0 0 0 0.000000 0.000000 0.700000 0.100000 0 0 0 0 1194 0 115 0 15 0 38 0 137 1196 6 14 8 180 8 105 0 0 1215 14 133 3 29 0 1 255 253 128 3 4 2 1 0 156 0 0 577 0 6 5 24 0 0 101 228 833 35 30 77 24 0 0 0 1 1218 0 0 7 1 0 0 0 0
1585331114.907868 3 0 1550 2229 2153 1.013655 0.217348 0.031361 0.005727 0.009545 0.037361 0.000000 0.600000 0.500000 2.400000 0.000000 0 0 0 0 0 3.700000 3.100000 7.600000 2.800000 0 0 0 0 0.000000 0.000000 0.700000 0.100000 0 0 0 0 1194 0 115 0 21 0 35 0 137 1196 6 14 8 181 8 105 0 0 1215 14 133 3 29 0 1 255 253 128 3 4 2 1 0 155 0 0 577 0 6 5 24 0 0 101 228 833 37 31 76 28 0 0 0 1 1218 0 0 7 1 0 0 0 0
1585331114.917844 3 0 1550 2229 2153 1.012291 0.217348 0.031361 0.005727 0.010363 0.036543 0.000000 0.600000 0.500000 2.400000 0.000000 0 0 0 0 0 3.500000 3.500000 7.700000 2.900000 0 0 0 0 0.000000 0.000000 0.700000 0.100000 0 0 0 0 1194 0 115 0 21 0 38 0 134 1196 6 14 8 181 8 105 0 0 1215 14 128 3 29 0 1 255 253 128 3 4 2 1 0 155 0 0 577 0 6 5 24 0 0 101 228 833 35 35 77 29 0 0 0 1 1218 0 0 7 1 0 0 0 0
1585331114.927878 3 0 1550 2228 2153 1.012291 0.215984 0.031361 0.006545 0.009545 0.037361 0.000000 0.600000 0.500000 2.400000 0.000000 0 0 0 0 0 3.300000 3.700000 7.500000 2.900000 0 0 0 0 0.000000 0.000000 0.700000 0.100000 0 0 0 0 1194 0 115 0 24 0 35 0 137 1196 6 14 8 180 8 105 0 0 1215 14 128 3 24 0 2 255 253 128 3 4 2 1 0 156 0 0 577 0 6 5 24 0 0 101 228 833 33 37 75 29 0 0 0 1 1218 0 0 7 1 0 0 0 0
1585331114.937873 3 0 1550 2228 2153 1.013655 0.217348 0.031361 0.004909 0.010363 0.036543 0.000000 0.600000 0.500000 2.400000 0.000000 0 0 0 0 0 3.900000 3.500000 7.700000 3.100000 0 0 0 0 0.000000 0.000000 0.700000 0.100000 0 0 0 0 1194 0 115 0 18 0 38 0 134 1196 6 14 8 180 8 105 0 0 1215 14 133 3 29 0 1 255 253 128 3 4 2 1 0 155 0 0 577 0 6 5 24 0 0 101 228 833 39 35 77 31 0 0 0 1 1218 0 0 7 1 0 0 0 0
1585331114.947924 3 0 1550 2229 2153 1.013655 0.215984 0.031361 0.004909 0.009545 0.037361 0.000000 0.600000 0.500000 2.400000 0.000000 0 0 0 0 0 4.400000 3.000000 7.600000 3.100000 0 0 0 0 0.000000 0.000000 0.700000 0.100000 0 0 0 0 1194 0 115 0 18 0 35 0 137 1196 6 14 8 181 8 105 0 0 1215 14 133 3 24 0 2 255 253 128 3 4 2 1 0 155 0 0 577 0 6 5 24 0 0 101 228 833 44 30 76 31 0 0 0 1 1218 0 0 7 1 0 0 0 0
1585331114.957855 3 0 1550 2229 2153 1.012291 0.215984 0.031361 0.005727 0.010363 0.037361 0.000000 0.600000 0.500000 2.400000 0.000000 0 0 0 0 0 4.200000 3.000000 7.400000 2.900000 0 0 0 0 0.000000 0.000000 0.700000 0.100000 0 0 0 0 1194 0 115 0 21 0 38 0 137 1196 6 14 8 181 8 105 0 0 1215 14 128 3 24 0 1 255 253 128 3 4 2 1 0 155 0 0 577 0 6 5 24 0 0 101 228 833 42 30 74 29 0 0 0 1 1218 0 0 7 1 0 0 0 0
1585331114.967897 3 0 1550 2228 2153 1.013655 0.218712 0.031361 0.004909 0.009545 0.037361 0.000000 0.600000 0.500000 2.400000 0.000000 0 0 0 0 0 3.700000 2.800000 7.900000 2.700000 0 0 0 0 0.000000 0.000000 0.700000 0.100000 0 0 0 0 1194 0 115 0 18 0 35 0 137 1196 6 14 8 180 8 105 0 0 1215 14 133 3 34 0 1 255 253 128 3 4 2 1 0 156 0 1 577 0 6 5 24 0 0 101 228 833 37 28 79 27 0 0 0 1 1218 0 0 7 1 0 0 0 0
1585331114.977883 3 0 1550 2228 2153 1.013655 0.217348 0.031361 0.004909 0.010363 0.037361 0.000000 0.600000 0.500000 2.400000 0.000000 0 0 0 0 0 3.400000 3.700000 8.200000 2.800000 0 0 0 0 0.000000 0.000000 0.700000 0.100000 0 0 0 0 1194 0 115 0 18 0 38 0 137 1196 6 14 8 180 8 105 0 0 1215 14 133 3 29 0 1 255 253 128 3 4 2 1 0 155 0 0 577 0 6 5 24 0 0 101 228 833 34 37 82 28 0 0 0 1 1218 0 0 7 1 0 0 0 0
1585331114.987965 3 0 1550 2228 2153 1.015018 0.218712 0.031361 0.005727 0.010363 0.037906 0.000000 0.600000 0.500000 2.400000 0.000000 0 0 0 0 0 3.700000 4.100000 7.900000 2.900000 0 0 0 0 0.000000 0.000000 0.700000 0.100000 0 0 0 0 1194 0 115 0 21 0 38 0 139 1196 6 14 8 180 8 105 0 0 1215 14 138 3 34 0 2 255 253 128 3 4 2 1 0 156 0 0 577 0 6 5 24 0 0 101 228 833 37 41 79 29 0 0 0 1 1218 0 0 7 1 0 0 0 0
1585331114.997945 3 0 1550 2228 2153 1.013655 0.217348 0.031361 0.004909 0.010363 0.037361 0.000000 0.600000 0.500000 2.400000 0.000000 0 0 0 0 0 3.900000 3.600000 7.900000 2.800000 0 0 0 0 0.000000 0.000000 0.700000 0.100000 0 0 0 0 1194 0 115 0 18 0 38 0 137 1196 6 14 8 180 8 105 0 0 1215 14 133 3 29 0 2 255 253 128 3 4 2 1 0 155 0 0 577 0 6 5 24 0 0 101 228 833 39 36 79 28 0 0 0 1 1218 0 0 7 1 0 0 0 0
1585331115.007941 3 0 1550 2229 2153 1.013655 0.218712 0.031361 0.005727 0.010363 0.037361 0.000000 0.600000 0.500000 2.400000 0.000000 0 0 0 0 0 4.200000 3.400000 7.600000 2.900000 0 0 0 0 0.000000 0.000000 0.700000 0.100000 0 0 0 0 1194 0 115 0 21 0 38 0 137 1196 6 14 8 181 8 105 0 0 1215 14 133 3 34 0 1 255 253 128 3 4 2 1 0 155 0 0 577 0 6 5 24 0 0 101 228 833 42 34 76 29 0 0 0 1 1218 0 0 7 1 0 0 0 0
1585331115.017923 3 0 1550 2229 2153 1.013655 0.217348 0.031361 0.004909 0.010363 0.037361 0.000000 0.600000 0.500000 2.400000 0.000000 0 0 0 0 0 4.300000 3.700000 7.300000 2.800000 0 0 0 0 0.000000 0.000000 0.700000 0.100000 0 0 0 0 1194 0 115 0 18 0 38 0 137 1196 6 14 8 181 8 105 0 0 1215 14 133 3 29 0 1 255 253 128 3 4 2 1 0 156 0 0 577 0 6 5 24 0 0 101 228 833 43 37 73 28 0 0 0 1 1218 0 0 7 1 0 0 0 0
1585331115.027890 3 0 1550 2229 2153 1.012291 0.215984 0.031361 0.004909 0.009545 0.037361 0.000000 0.600000 0.500000 2.400000 0.000000 0 0 0 0 0 4.300000 3.800000 8.200000 3.200000 0 0 0 0 0.000000 0.000000 0.700000 0.100000 0 0 0 0 1194 0 115 0 18 0 35 0 137 1196 6 14 8 181 8 105 0 0 1215 14 128 3 24 0 1 255 253 128 3 4 2 1 0 155 0 0 577 0 6 5 24 0 0 101 228 833 43 38 82 32 0 0 0 1 1218 0 0 7 1 0 0 0 0
1585331115.037909 3 0 1550 2229 2153 1.013655 0.217348 0.031361 0.004091 0.009545 0.036543 0.000000 0.600000 0.500000 2.400000 0.000000 0 0 0 0 0 4.200000 3.300000 8.300000 2.700000 0 0 0 0 0.000000 0.000000 0.700000 0.100000 0 0 0 0 1194 0 115 0 15 0 35 0 134 1196 6 14 8 181 8 105 0 0 1215 14 133 3 29 0 1 255 253 128 3 4 2 1 0 156 0 0 577 0 6 5 24 0 0 101 228 833 42 33 83 27 0 0 0 1 1218 0 0 7 1 0 0 0 0
1585331115.047896 3 0 1549 2229 2153 1.015018 0.218712 0.031361 0.005727 0.009545 0.037361 0.000000 0.600000 0.500000 2.400000 0.000000 0 0 0 0 0 3.800000 3.000000 8.100000 2.200000 0 0 0 0 0.000000 0.000000 0.700000 0.100000 0 0 0 0 1194 0 115 0 21 0 35 0 137 1196 6 13 8 181 8 105 0 0 1215 14 138 3 34 0 2 255 253 128 3 4 2 1 0 155 0 0 577 0 6 5 24 0 0 101 228 833 38 30 81 22 0 0 0 1 1218 0 0 7 1 0 0 0 0
1585331115.057925 3 0 1549 2229 2153 1.012291 0.215984 0.031361 0.005727 0.010363 0.037361 0.000000 0.600000 0.500000 2.400000 0.000000 0 0 0 0 0 4.200000 3.400000 8.100000 3.200000 0 0 0 0 0.000000 0.000000 0.700000 0.100000 0 0 0 0 1194 0 115 0 21 0 38 0 137 1196 6 13 8 181 8 105 0 0 1215 14 128 3 24 0 2 255 253 128 3 4 2 1 0 156 0 0 577 0 6 5 24 0 0 101 228 833 42 34 81 32 0 0 0 1 1218 0 0 7 1 0 0 0 0
1585331115.067862 3 0 1550 2228 2154 1.013655 0.217348 0.031361 0.004909 0.002727 0.037361 0.000000 0.600000 0.500000 2.400000 0.000000 0 0 0 0 0 3.900000 3.500000 7.800000 2.600000 0 0 0 0 0.000000 0.000000 0.700000 0.100000 0 0 0 0 1194 0 115 0 18 0 10 0 137 1196 6 14 8 180 8 106 0 0 1215 14 133 3 29 0 2 255 253 128 3 4 2 1 0 156 0 1 577 0 6 5 24 0 0 101 228 833 39 35 78 26 0 0 0 1 1218 0 0 7 1 0 0 0 0
1585331115.077943 3 0 1550 2228 2154 1.013655 0.217348 0.031361 0.004909 0.010363 0.036543 0.000000 0.600000 0.500000 2.400000 0.000000 0 0 0 0 0 3.500000 3.100000 8.000000 2.000000 0 0 0 0 0.000000 0.000000 0.700000 0.100000 0 0 0 0 1194 0 115 0 18 0 38 0 134 1196 6 14 8 180 8 106 0 0 1215 14 133 3 29 0 1 255 253 128 3 4 2 1 0 155 0 0 577 0 6 5 24 0 0 101 228 833 35 31 80 20 0 0 0 1 1218 0 0 7 1 0 0 0 0
1585331115.087956 3 0 1550 2229 2153 1.013655 0.217348 0.031361 0.004909 0.009545 0.036543 0.000000 0.600000 0.500000 2.400000 0.000000 0 0 0 0 0 3.700000 3.000000 7.600000 2.900000 0 0 0 0 0.000000 0.000000 0.700000 0.100000 0 0 0 0 1194 0 115 0 18 0 35 0 134 1196 6 14 8 181 8 105 0 0 1215 14 133 3 29 0 1 255 253 128 3 4 2 1 0 155 0 0 577 0 6 5 24 0 0 101 228 833 37 30 76 29 0 0 0 1 1218 0 0 7 1 0 0 0 0
1585331115.097886 3 0 1550 2229 2153 1.013655 0.218712 0.031361 0.005727 0.010363 0.037906 0.000000 0.600000 0.500000 2.400000 0.000000 0 0 0 0 0 3.500000 2.900000 7.100000 3.500000 0 0 0 0 0.000000 0.000000 0.700000 0.100000 0 0 0 0 1194 0 115 0 21 0 38 0 139 1196 6 14 8 181 8 105 0 0 1215 14 133 3 34 0 2 255 253 128 3 4 2 1 0 156 0 0 577 0 6 5 24 0 0 101 228 833 35 29 71 35 0 0 0 1 1218 0 0 7 1 0 0 0 0
1585331115.107899 3 0 1551 2228 2153 1.013655 0.217348 0.031361 0.005727 0.009545 0.037361 0.000000 0.600000 0.500000 2.400000 0.000000 0 0 0 0 0 3.500000 2.700000 7.300000 3.100000 0 0 0 0 0.000000 0.000000 0.700000 0.100000 0 0 0 0 1194 0 115 0 21 0 35 0 137 1196 6 15 8 180 8 105 0 0 1215 14 133 3 29 0 2 255 253 128 3 4 2 1 0 155 0 0 577 0 6 5 24 0 0 101 228 833 35 27 73 31 0 0 0 1 1218 0 0 7 1 0 0 0 0
1585331115.117953 3 0 1551 2228 2153 1.013655 0.217348 0.031361 0.004909 0.010363 0.036543 0.000000 0.600000 0.500000 2.400000 0.000000 0 0 0 0 0 3.800000 3.000000 7.100000 2.800000 0 0 0 0 0.000000 0.000000 0.700000 0.100000 0 0 0 0 1194 0 115 0 18 0 38 0 134 1196 6 15 8 180 8 105 0 0 1215 14 133 3 29 0 2 255 253 128 3 4 2 1 0 156 0 0 577 0 6 5 24 0 0 101 228 833 38 30 71 28 0 0 0 1 1218 0 0 7 1 0 0 0 0
1585331115.127924 3 0 1550 2228 2153 1.013655 0.217348 0.031361 0.004909 0.010363 0.037361 0.000000 0.600000 0.500000 2.400000 0.000000 0 0 0 0 0 3.800000 3.100000 7.300000 2.200000 0 0 0 0 0.000000 0.000000 0.700000 0.100000 0 0 0 0 1194 0 115 0 18 0 38 0 137 1196 6 14 8 180 8 105 0 0 1215 14 133 3 29 0 1 255 253 128 3 4 2 1 0 155 0 0 577 0 6 5 24 0 0 101 228 833 38 31 73 22 0 0 0 1 1218 0 0 7 1 0 0 0 0
1585331115.137988 3 0 1550 2228 2153 1.013655 0.217348 0.031361 0.004909 0.010363 0.036543 0.000000 0.600000 0.500000 2.400000 0.000000 0 0 0 0 0 3.900000 3.700000 8.200000 2.000000 0 0 0 0 0.000000 0.000000 0.700000 0.100000 0 0 0 0 1194 0 115 0 18 0 38 0 134 1196 6 14 8 180 8 105 0 0 1215 14 133 3 29 0 2 255 253 128 3 4 2 1 0 155 0 0 577 0 6 5 24 0 0 101 228 833 39 37 82 20 0 0 0 1 1218 0 0 7 1 0 0 0 0
1585331115.147982 3 0 1551 2229 2153 1.013655 0.217348 0.031361 0.005727 0.010363 0.036543 0.000000 0.600000 0.500000 2.400000 0.000000 0 0 0 0 0 4.400000 4.000000 8.500000 3.000000 0 0 0 0 0.000000 0.000000 0.700000 0.100000 0 0 0 0 1194 0 115 0 21 0 38 0 134 1196 6 15 8 181 8 105 0 0 1215 14 133 3 29 0 2 255 253 128 3 4 2 1 0 156 0 0 577 0 6 5 24 0 0 101 228 833 44 40 85 30 0 0 0 1 1218 0 0 7 1 0 0 0 0
1585331115.157976 3 0 1551 2229 2153 1.015018 0.218712 0.031361 0.005727 0.010363 0.036543 0.000000 0.600000 0.500000 2.400000 0.000000 0 0 0 0 0 4.000000 3.200000 7.900000 3.000000 0 0 0 0 0.000000 0.000000 0.700000 0.100000 0 0 0 0 1194 0 115 0 21 0 38 0 134 1196 6 15 8 181 8 105 0 0 1215 14 138 3 34 0 2 255 253 128 3 4 2 1 0 155 0 0 577 0 6 5 24 0 0 101 228 833 40 32 79 30 0 0 0 1 1218 0 0 7 1 0 0 0 0
1585331115.167903 3 0 1550 2229 2153 1.013655 0.217348 0.031361 0.005727 0.010363 0.036543 0.000000 0.600000 0.500000 2.400000 0.000000 0 0 0 0 0 3.800000 2.900000 7.100000 3.100000 0 0 0 0 0.000000 0.000000 0.700000 0.100000 0 0 0 0 1194 0 115 0 21 0 38 0 134 1196 6 14 8 181 8 105 0 0 1215 14 133 3 29 0 1 255 253 128 3 4 2 1 0 155 0 1 577 0 6 5 24 0 0 101 228 833 38 29 71 31 0 0 0 1 1218 0 0 7 1 0 0 0 0
1585331115.177976 3 0 1550 2229 2153 1.013655 0.217348 0.031361 0.005727 0.009545 0.036543 0.000000 0.600000 0.500000 2.400000 0.000000 0 0 0 0 0 3.600000 3.400000 6.800000 3.600000 0 0 0 0 0.000000 0.000000 0.700000 0.100000 0 0 0 0 1194 0 115 0 21 0 35 0 134 1196 6 14 8 181 8 105 0 0 1215 14 133 3 29 0 1 255 253 128 3 4 2 1 0 155 0 0 577 0 6 5 24 0 0 101 228 833 36 34 68 36 0 0 0 1 1218 0 0 7 1 0 0 0 0
1585331115.187932 3 0 1550 2229 2153 1.013655 0.217348 0.031361 0.005727 0.009545 0.036543 0.000000 0.600000 0.500000 2.400000 0.000000 0 0 0 0 0 4.000000 3.600000 8.100000 3.300000 0 0 0 0 0.000000 0.000000 0.700000 0.100000 0 0 0 0 1194 0 115 0 21 0 35 0 134 1196 6 14 8 181 8 105 0 0 1215 14 133 3 29 0 2 255 253 128 3 4 2 1 0 155 0 0 577 0 6 5 24 0 0 101 228 833 40 36 81 33 0 0 0 1 1218 0 0 7 1 0 0 0 0
1585331115.197986 3 0 1550 2229 2153 1.013655 0.218712 0.031361 0.005727 0.009545 0.037361 0.000000 0.600000 0.500000 2.400000 0.000000 0 0 0 0 0 3.900000 3.700000 7.500000 2.800000 0 0 0 0 0.000000 0.000000 0.700000 0.100000 0 0 0 0 1194 0 115 0 21 0 35 0 137 1196 6 14 8 181 8 105 0 0 1215 14 133 3 34 0 2 255 253 128 3 4 2 1 0 156 0 0 577 0 6 5 24 0 0 101 228 833 39 37 75 28 0 0 0 1 1218 0 0 7 1 0 0 0 0
1585331115.207952 3 0 1550 2229 2153 1.016382 0.220075 0.031361 0.004909 0.009545 0.037361 0.000000 0.600000 0.500000 2.400000 0.000000 0 0 0 0 0 3.300000 3.800000 6.900000 3.100000 0 0 0 0 0.000000 0.000000 0.700000 0.100000 0 0 0 0 1194 0 115 0 18 0 35 0 137 1196 6 14 8 181 8 105 0 0 1215 14 143 3 39 0 1 255 253 128 3 4 2 1 0 155 0 0 577 0 6 5 24 0 0 101 228 833 33 38 69 31 0 0 0 1 1218 0 0 7 1 0 0 0 0
1585331115.217946 3 0 1550 2229 2153 1.013655 0.217348 0.031361 0.004909 0.010363 0.036543 0.000000 0.600000 0.500000 2.400000 0.000000 0 0 0 0 0 3.700000 3.600000 7.500000 3.200000 0 0 0 0 0.000000 0.000000 0.700000 0.100000 0 0 0 0 1194 0 115 0 18 0 38 0 134 1196 6 14 8 181 8 105 0 0 1215 14 133 3 29 0 1 255 253 128 3 4 2 1 0 155 0 0 577 0 6 5 24 0 0 101 228 833 37 36 75 32 0 0 0 1 1218 0 0 7 1 0 0 0 0
1585331115.228044 3 0 1550 2229 2153 1.015018 0.218712 0.031361 0.006545 0.010363 0.037361 0.000000 0.600000 0.500000 2.400000 0.000000 0 0 0 0 0 3.800000 3.600000 7.100000 3.000000 0 0 0 0 0.000000 0.000000 0.700000 0.100000 0 0 0 0 1194 0 115 0 24 0 38 0 137 1196 6 14 8 181 8 105 0 0 1215 14 138 3 34 0 2 255 253 128 3 4 2 1 0 156 0 0 577 0 6 5 24 0 0 101 228 833 38 36 71 30 0 0 0 1 1218 0 0 7 1 0 0 0 0
1585331115.238020 3 0 1550 2229 2153 1.015018 0.218712 0.031361 0.004909 0.009545 0.037361 0.000000 0.600000 0.500000 2.400000 0.000000 0 0 0 0 0 3.800000 3.000000 7.000000 2.500000 0 0 0 0 0.000000 0.000000 0.700000 0.100000 0 0 0 0 1194 0 115 0 18 0 35 0 137 1196 6 14 8 181 8 105 0 0 1215 14 138 3 34 0 1 255 253 128 3 4 2 1 0 155 0 0 577 0 6 5 24 0 0 101 228 833 38 30 70 25 0 0 0 1 1218 0 0 7 1 0 0 0 0
1585331115.247937 3 0 1550 2229 2153 1.013655 0.217348 0.031361 0.004909 0.010363 0.036543 0.000000 0.600000 0.500000 2.400000 0.000000 0 0 0 0 0 4.100000 3.100000 8.200000 1.700000 0 0 0 0 0.000000 0.000000 0.700000 0.100000 0 0 0 0 1194 0 115 0 18 0 38 0 134 1196 6 14 8 181 8 105 0 0 1215 14 133 3 29 0 1 255 253 128 3 4 2 1 0 156 0 0 577 0 6 5 24 0 0 101 228 833 41 31 82 17 0 0 0 1 1218 0 0 7 1 0 0 0 0
1585331115.257939 3 0 1550 2229 2153 1.013655 0.217348 0.031361 0.005727 0.010363 0.035997 0.000000 0.600000 0.500000 2.400000 0.000000 0 0 0 0 0 4.500000 3.300000 8.500000 2.300000 0 0 0 0 0.000000 0.000000 0.700000 0.100000 0 0 0 0 1194 0 115 0 21 0 38 0 132 1196 6 14 8 181 8 105 0 0 1215 14 133 3 29 0 1 255 253 128 3 4 2 1 0 156 0 0 577 0 6 5 24 0 0 101 228 833 45 33 85 23 0 0 0 1 1218 0 0 7 1 0 0 0 0
1585331115.267936 3 0 1550 2229 2153 1.013655 0.217348 0.031361 0.005727 0.009545 0.036543 0.000000 0.600000 0.500000 2.400000 0.000000 0 0 0 0 0 4.100000 3.100000 8.200000 3.100000 0 0 0 0 0.000000 0.000000 0.700000 0.100000 0 0 0 0 1194 0 115 0 21 0 35 0 134 1196 6 14 8 181 8 105 0 0 1215 14 133 3 29 0 1 255 253 128 3 4 2 1 0 155 0 1 577 0 6 5 24 0 0 101 228 833 41 31 82 31 0 0 0 1 1218 0 0 7 1 0 0 0 0
1585331115.278028 3 0 1550 2229 2153 1.013655 0.217348 0.031361 0.005727 0.010363 0.037361 0.000000 0.600000 0.500000 2.400000 0.000000 0 0 0 0 0 3.700000 3.400000 8.200000 2.700000 0 0 0 0 0.000000 0.000000 0.700000 0.100000 0 0 0 0 1194 0 115 0 21 0 38 0 137 1196 6 14 8 181 8 105 0 0 1215 14 133 3 29 0 1 255 253 128 3 4 2 1 0 156 0 0 577 0 6 5 24 0 0 101 228 833 37 34 82 27 0 0 0 1 1218 0 0 7 1 0 0 0 0
1585331115.288000 3 0 1550 2228 2153 1.015018 0.218712 0.031361 0.004909 0.009545 0.037906 0.000000 0.600000 0.500000 2.400000 0.000000 0 0 0 0 0 4.100000 3.400000 7.800000 3.000000 0 0 0 0 0.000000 0.000000 0.700000 0.100000 0 0 0 0 1194 0 115 0 18 0 35 0 139 1196 6 14 8 180 8 105 0 0 1215 14 138 3 34 0 2 255 253 128 3 4 2 1 0 156 0 0 577 0 6 5 24 0 0 101 228 833 41 34 78 30 0 0 0 1 1218 0 0 7 1 0 0 0 0
1585331115.297984 3 0 1550 2228 2153 1.013655 0.217348 0.031361 0.004909 0.009545 0.037361 0.000000 0.600000 0.500000 2.400000 0.000000 0 0 0 0 0 4.000000 3.400000 8.300000 3.100000 0 0 0 0 0.000000 0.000000 0.700000 0.100000 0 0 0 0 1194 0 115 0 18 0 35 0 137 1196 6 14 8 180 8 105 0 0 1215 14 133 3 29 0 2 255 253 128 3 4 2 1 0 156 0 0 577 0 6 5 24 0 0 101 228 833 40 34 83 31 0 0 0 1 1218 0 0 7 1 0 0 0 0
1585331115.308039 3 0 1550 2229 2153 1.013655 0.217348 0.031361 0.004909 0.010363 0.036543 0.000000 0.600000 0.500000 2.400000 0.000000 0 0 0 0 0 3.500000 3.200000 7.600000 2.700000 0 0 0 0 0.000000 0.000000 0.700000 0.100000 0 0 0 0 1194 0 115 0 18 0 38 0 134 1196 6 14 8 181 8 105 0 0 1215 14 133 3 29 0 2 255 253 128 3 4 2 1 0 155 0 0 577 0 6 5 24 0 0 101 228 833 35 32 76 27 0 0 0 1 1218 0 0 7 1 0 0 0 0
1585331115.317998 3 0 1550 2229 2153 1.013655 0.217348 0.031361 0.005727 0.010363 0.037361 0.000000 0.600000 0.500000 2.400000 0.000000 0 0 0 0 0 4.300000 3.200000 6.900000 2.800000 0 0 0 0 0.000000 0.000000 0.700000 0.100000 0 0 0 0 1194 0 115 0 21 0 38 0 137 1196 6 14 8 181 8 105 0 0 1215 14 133 3 29 0 2 255 253 128 3 4 2 1 0 156 0 0 577 0 6 5 24 0 0 101 228 833 43 32 69 28 0 0 0 1 1218 0 0 7 1 0 0 0 0
1585331115.328027 3 0 1550 2229 2153 1.013655 0.217348 0.031361 0.004909 0.010363 0.036543 0.000000 0.600000 0.500000 2.400000 0.000000 0 0 0 0 0 4.200000 3.300000 7.900000 2.500000 0 0 0 0 0.000000 0.000000 0.700000 0.100000 0 0 0 0 1194 0 115 0 18 0 38 0 134 1196 6 14 8 181 8 105 0 0 1215 14 133 3 29 0 1 255 253 128 3 4 2 1 0 155 0 0 577 0 6 5 24 0 0 101 228 833 42 33 79 25 0 0 0 1 1218 0 0 7 1 0 0 0 0
1585331115.338061 3 0 1550 2229 2153 1.013655 0.218712 0.031361 0.005727 0.009545 0.037361 0.000000 0.600000 0.500000 2.400000 0.000000 0 0 0 0 0 3.500000 3.400000 8.300000 2.300000 0 0 0 0 0.000000 0.000000 0.700000 0.100000 0 0 0 0 1194 0 115 0 21 0 35 0 137 1196 6 14 8 181 8 105 0 0 1215 14 133 3 34 0 2 255 253 128 3 4 2 1 0 155 0 0 577 0 6 5 24 0 0 101 228 833 35 34 83 23 0 0 0 1 1218 0 0 7 1 0 0 0 0
1585331115.348042 3 0 1551 2229 2153 1.013655 0.217348 0.031361 0.005727 0.010363 0.037906 0.000000 0.600000 0.500000 2.400000 0.000000 0 0 0 0 0 3.700000 3.100000 7.500000 2.200000 0 0 0 0 0.000000 0.000000 0.700000 0.100000 0 0 0 0 1194 0 115 0 21 0 38 0 139 1196 6 15 8 181 8 105 0 0 1215 14 133 3 29 0 1 255 253 128 3 4 2 1 0 155 0 0 577 0 6 5 24 0 0 101 228 833 37 31 75 22 0 0 0 1 1218 0 0 7 1 0 0 0 0
1585331115.358016 3 0 1551 2229 2153 1.013655 0.217348 0.031361 0.004909 0.009545 0.037361 0.000000 0.600000 0.500000 2.400000 0.000000 0 0 0 0 0 3.800000 3.100000 8.000000 2.400000 0 0 0 0 0.000000 0.000000 0.700000 0.100000 0 0 0 0 1194 0 115 0 18 0 35 0 137 1196 6 15 8 181 8 105 0 0 1215 14 133 3 29 0 2 255 253 128 3 4 2 1 0 156 0 0 577 0 6 5 24 0 0 101 228 833 38 31 80 24 0 0 0 1 1218 0 0 7 1 0 0 0 0
1585331115.368019 3 0 1551 2228 2154 1.013655 0.217348 0.031361 0.005727 0.010363 0.037361 0.000000 0.600000 0.500000 2.400000 0.000000 0 0 0 0 0 3.600000 3.000000 8.300000 3.000000 0 0 0 0 0.000000 0.000000 0.700000 0.100000 0 0 0 0 1194 0 115 0 21 0 38 0 137 1196 6 15 8 180 8 106 0 0 1215 14 133 3 29 0 1 255 253 128 3 4 2 1 0 156 0 1 577 0 6 5 24 0 0 101 228 833 36 30 83 30 0 0 0 1 1218 0 0 7 1 0 0 0 0
1585331115.377984 3 0 1551 2228 2154 1.016382 0.220075 0.031361 0.004909 0.009545 0.037361 0.000000 0.600000 0.500000 2.400000 0.000000 0 0 0 0 0 3.500000 3.000000 7.200000 2.500000 0 0 0 0 0.000000 0.000000 0.700000 0.100000 0 0 0 0 1194 0 115 0 18 0 35 0 137 1196 6 15 8 180 8 106 0 0 1215 14 143 3 39 0 2 255 253 128 3 4 2 1 0 155 0 0 577 0 6 5 24 0 0 101 228 833 35 30 72 25 0 0 0 1 1218 0 0 7 1 0 0 0 0
1585331115.387955 3 0 1550 2229 2153 1.013655 0.217348 0.031361 0.005727 0.010363 0.037361 0.000000 0.600000 0.500000 2.400000 0.000000 0 0 0 0 0 3.800000 3.400000 8.200000 2.700000 0 0 0 0 0.000000 0.000000 0.700000 0.100000 0 0 0 0 1194 0 115 0 21 0 38 0 137 1196 6 14 8 181 8 105 0 0 1215 14 133 3 29 0 2 255 253 128 3 4 2 1 0 155 0 0 577 0 6 5 24 0 0 101 228 833 38 34 82 27 0 0 0 1 1218 0 0 7 1 0 0 0 0
1585331115.397969 3 0 1550 2229 2153 1.013655 0.217348 0.031361 0.005727 0.010363 0.037361 0.000000 0.600000 0.500000 2.400000 0.000000 0 0 0 0 0 3.800000 3.100000 8.000000 3.400000 0 0 0 0 0.000000 0.000000 0.700000 0.100000 0 0 0 0 1194 0 115 0 21 0 38 0 137 1196 6 14 8 181 8 105 0 0 1215 14 133 3 29 0 1 255 253 128 3 4 2 1 0 155 0 0 577 0 6 5 24 0 0 101 228 833 38 31 80 34 0 0 0 1 1218 0 0 7 1 0 0 0 0
1585331115.408037 3 0 1550 2229 2153 1.013655 0.217348 0.031361 0.004909 0.010363 0.036543 0.000000 0.600000 0.500000 2.400000 0.000000 0 0 0 0 0 4.200000 3.100000 7.800000 2.300000 0 0 0 0 0.000000 0.000000 0.700000 0.100000 0 0 0 0 1194 0 115 0 18 0 38 0 134 1196 6 14 8 181 8 105 0 0 1215 14 133 3 29 0 1 255 253 128 3 4 2 1 0 156 0 0 577 0 6 5 24 0 0 101 228 833 42 31 78 23 0 0 0 1 1218 0 0 7 1 0 0 0 0
1585331115.418044 3 0 1550 2229 2153 1.013655 0.217348 0.031361 0.005727 0.010363 0.037361 0.000000 0.600000 0.500000 2.400000 0.000000 0 0 0 0 0 4.400000 3.300000 8.000000 2.500000 0 0 0 0 0.000000 0.000000 0.700000 0.100000 0 0 0 0 1194 0 115 0 21 0 38 0 137 1196 6 14 8 181 8 105 0 0 1215 14 133 3 29 0 2 255 253 128 3 4 2 1 0 155 0 0 577 0 6 5 24 0 0 101 228 833 44 33 80 25 0 0 0 1 1218 0 0 7 1 0 0 0 0
1585331115.428012 3 0 1550 2229 2153 1.013655 0.217348 0.031361 0.004909 0.010363 0.037361 0.000000 0.600000 0.500000 2.400000 0.000000 0 0 0 0 0 3.700000 3.100000 8.200000 2.900000 0 0 0 0 0.000000 0.000000 0.700000 0.100000 0 0 0 0 1194 0 115 0 18 0 38 0 137 1196 6 14 8 181 8 105 0 0 1215 14 133 3 29 0 2 255 253 128 3 4 2 1 0 155 0 0 577 0 6 5 24 0 0 101 228 833 37 31 82 29 0 0 0 1 1218 0 0 7 1 0 0 0 0
1585331115.438060 3 0 1550 2229 2153 1.013655 0.218712 0.031361 0.004909 0.010363 0.037361 0.000000 0.600000 0.500000 2.400000 0.000000 0 0 0 0 0 3.300000 3.400000 8.800000 2.100000 0 0 0 0 0.000000 0.000000 0.700000 0.100000 0 0 0 0 1194 0 115 0 18 0 38 0 137 1196 6 14 8 181 8 105 0 0 1215 14 133 3 34 0 2 255 253 128 3 4 2 1 0 155 0 0 577 0 6 5 24 0 0 101 228 833 33 34 88 21 0 0 0 1 1218 0 0 7 1 0 0 0 0
1585331115.448021 3 0 1551 2227 2153 1.013655 0.217348 0.031361 0.004909 0.010363 0.037361 0.000000 0.600000 0.500000 2.400000 0.000000 0 0 0 0 0 4.000000 3.700000 8.000000 2.300000 0 0 0 0 0.000000 0.000000 0.700000 0.100000 0 0 0 0 1194 0 115 0 18 0 38 0 137 1196 6 15 8 179 8 105 0 0 1215 14 133 3 29 0 2 255 253 128 3 4 2 1 0 156 0 0 577 0 6 5 24 0 0 101 228 833 40 37 80 23 0 0 0 1 1218 0 0 7 1 0 0 0 0
1585331115.458083 3 0 1551 2227 2153 1.015018 0.218712 0.031361 0.005727 0.010363 0.037361 0.000000 0.600000 0.500000 2.400000 0.000000 0 0 0 0 0 4.200000 3.500000 7.700000 2.500000 0 0 0 0 0.000000 0.000000 0.700000 0.100000 0 0 0 0 1194 0 115 0 21 0 38 0 137 1196 6 15 8 179 8 105 0 0 1215 14 138 3 34 0 1 255 253 128 3 4 2 1 0 155 0 0 577 0 6 5 24 0 0 101 228 833 42 35 77 25 0 0 0 1 1218 0 0 7 1 0 0 0 0
1585331115.468053 3 0 1550 2229 2153 1.013655 0.217348 0.031361 0.005727 0.009545 0.037361 0.000000 0.600000 0.500000 2.400000 0.000000 0 0 0 0 0 3.700000 3.200000 8.200000 2.100000 0 0 0 0 0.000000 0.000000 0.700000 0.100000 0 0 0 0 1194 0 115 0 21 0 35 0 137 1196 6 14 8 181 8 105 0 0 1215 14 133 3 29 0 1 255 253 128 3 4 2 1 0 156 0 1 577 0 6 5 24 0 0 101 228 833 37 32 82 21 0 0 0 1 1218 0 0 7 1 0 0 0 0
1585331115.478007 3 0 1550 2229 2153 1.015018 0.218712 0.031361 0.004909 0.009545 0.036543 0.000000 0.600000 0.500000 2.400000 0.000000 0 0 0 0 0 3.500000 3.200000 8.700000 2.700000 0 0 0 0 0.000000 0.000000 0.700000 0.100000 0 0 0 0 1194 0 115 0 18 0 35 0 134 1196 6 14 8 181 8 105 0 0 1215 14 138 3 34 0 2 255 253 128 3 4 2 1 0 155 0 0 577 0 6 5 24 0 0 101 228 833 35 32 87 27 0 0 0 1 1218 0 0 7 1 0 0 0 0
1585331115.488005 3 0 1550 2228 2154 1.013655 0.217348 0.031361 0.004909 0.009545 0.037361 0.000000 0.600000 0.500000 2.400000 0.000000 0 0 0 0 0 3.900000 3.400000 7.800000 3.100000 0 0 0 0 0.000000 0.000000 0.700000 0.100000 0 0 0 0 1194 0 115 0 18 0 35 0 137 1196 6 14 8 180 8 106 0 0 1215 14 133 3 29 0 1 255 253 128 3 4 2 1 0 155 0 0 577 0 6 5 24 0 0 101 228 833 39 34 78 31 0 0 0 1 1218 0 0 7 1 0 0 0 0
1585331115.498093 3 0 1550 2228 2154 1.013655 0.220075 0.031361 0.005727 0.009545 0.037361 0.000000 0.600000 0.500000 2.400000 0.000000 0 0 0 0 0 4.100000 3.700000 7.000000 2.100000 0 0 0 0 0.000000 0.000000 0.700000 0.100000 0 0 0 0 1194 0 115 0 21 0 35 0 137 1196 6 14 8 180 8 106 0 0 1215 14 133 3 39 0 2 255 253 128 3 4 2 1 0 155 0 0 577 0 6 5 24 0 0 101 228 833 41 37 70 21 0 0 0 1 1218 0 0 7 1 0 0 0 0
1585331115.508037 3 0 1551 2229 2153 1.013655 0.217348 0.031361 0.004909 0.010363 0.037361 0.000000 0.600000 0.500000 2.400000 0.000000 0 0 0 0 0 4.100000 3.300000 7.200000 2.400000 0 0 0 0 0.000000 0.000000 0.700000 0.100000 0 0 0 0 1194 0 115 0 18 0 38 0 137 1196 6 15 8 181 8 105 0 0 1215 14 133 3 29 0 2 255 253 128 3 4 2 1 0 156 0 0 577 0 6 5 24 0 0 101 228 833 41 33 72 24 0 0 0 1 1218 0 0 7 1 0 0 0 0
1585331115.518030 3 0 1551 2229 2153 1.012291 0.217348 0.031361 0.004909 0.010363 0.036543 0.000000 0.600000 0.500000 2.400000 0.000000 0 0 0 0 0 4.000000 2.900000 8.300000 2.800000 0 0 0 0 0.000000 0.000000 0.700000 0.100000 0 0 0 0 1194 0 115 0 18 0 38 0 134 1196 6 15 8 181 8 105 0 0 1215 14 128 3 29 0 2 255 253 128 3 4 2 1 0 155 0 0 577 0 6 5 24 0 0 101 228 833 40 29 83 28 0 0 0 1 1218 0 0 7 1 0 0 0 0
1585331115.528079 3 0 1550 2228 2153 1.013655 0.217348 0.031361 0.005727 0.009545 0.037361 0.000000 0.600000 0.500000 2.400000 0.000000 0 0 0 0 0 3.900000 3.400000 8.100000 2.700000 0 0 0 0 0.000000 0.000000 0.700000 0.100000 0 0 0 0 1194 0 115 0 21 0 35 0 137 1196 6 14 8 180 8 105 0 0 1215 14 133 3 29 0 2 255 253 128 3 4 2 1 0 155 0 0 577 0 6 5 24 0 0 101 228 833 39 34 81 27 0 0 0 1 1218 0 0 7 1 0 0 0 0
1585331115.538039 3 0 1550 2228 2153 1.013655 0.218712 0.031361 0.005727 0.010363 0.037361 0.000000 0.600000 0.500000 2.400000 0.000000 0 0 0 0 0 3.800000 3.500000 7.700000 2.700000 0 0 0 0 0.000000 0.000000 0.700000 0.100000 0 0 0 0 1194 0 115 0 21 0 38 0 137 1196 6 14 8 180 8 105 0 0 1215 14 133 3 34 0 2 255 253 128 3 4 2 1 0 156 0 0 577 0 6 5 24 0 0 101 228 833 38 35 77 27 0 0 0 1 1218 0 0 7 1 0 0 0 0
1585331115.548091 3 0 1549 2226 2153 1.012291 0.215984 0.031361 0.005727 0.009545 0.037361 0.000000 0.600000 0.500000 2.400000 0.000000 0 0 0 0 0 3.600000 3.500000 8.200000 2.700000 0 0 0 0 0.000000 0.000000 0.700000 0.100000 0 0 0 0 1194 0 115 0 21 0 35 0 137 1196 6 13 8 178 8 105 0 0 1215 14 128 3 24 0 2 255 253 128 3 4 2 1 0 156 0 0 577 0 6 5 24 0 0 101 228 833 36 35 82 27 0 0 0 1 1218 0 0 7 1 0 0 0 0
1585331115.558089 3 0 1549 2226 2153 1.013655 0.217348 0.031361 0.005727 0.010363 0.037361 0.000000 0.600000 0.500000 2.400000 0.000000 0 0 0 0 0 3.900000 3.300000 8.100000 2.700000 0 0 0 0 0.000000 0.000000 0.700000 0.100000 0 0 0 0 1194 0 115 0 21 0 38 0 137 1196 6 13 8 178 8 105 0 0 1215 14 133 3 29 0 1 255 253 128 3 4 2 1 0 156 0 0 577 0 6 5 24 0 0 101 228 833 39 33 81 27 0 0 0 1 1218 0 0 7 1 0 0 0 0
1585331115.568080 3 0 1549 2226 2152 1.013655 0.217348 0.031361 0.006545 0.010363 0.036543 0.000000 0.600000 0.500000 2.400000 0.000000 0 0 0 0 0 3.900000 3.100000 8.000000 2.600000 0 0 0 0 0.000000 0.000000 0.700000 0.100000 0 0 0 0 1194 0 115 0 24 0 38 0 134 1196 6 13 8 178 8 104 0 0 1215 14 133 3 29 0 1 255 253 128 3 4 2 1 0 156 0 1 577 0 6 5 24 0 0 101 228 833 39 31 80 26 0 0 0 1 1218 0 0 7 1 0 0 0 0
1585331115.578042 3 0 1549 2226 2152 1.013655 0.217348 0.031361 0.004909 0.010363 0.036543 0.000000 0.600000 0.500000 2.400000 0.000000 0 0 0 0 0 3.900000 3.100000 8.000000 2.600000 0 0 0 0 0.000000 0.000000 0.600000 0.200000 0 0 0 0 1194 0 115 0 18 0 38 0 134 1196 6 13 8 178 8 104 0 0 1215 14 133 3 29 0 1 255 254 128 3 4 2 1 0 156 0 0 577 0 6 5 24 0 0 101 228 833 39 31 80 26 0 0 0 1 1218 0 0 6 2 0 0 0 0
1585331115.588137 3 0 1549 2227 2153 1.013655 0.217348 0.031361 0.005727 0.010363 0.037361 0.000000 0.600000 0.500000 2.400000 0.000000 0 0 0 0 0 3.900000 3.400000 7.900000 2.500000 0 0 0 0 0.000000 0.000000 0.600000 0.200000 0 0 0 0 1194 0 115 0 21 0 38 0 137 1196 6 13 8 179 8 105 0 0 1215 14 133 3 29 0 1 255 253 128 3 4 2 1 0 156 0 0 577 0 6 5 24 0 0 101 228 833 39 34 79 25 0 0 0 1 1218 0 0 6 2 0 0 0 0
1585331115.598102 3 0 1549 2227 2153 1.013655 0.217348 0.031361 0.005727 0.009545 0.037906 0.000000 0.600000 0.500000 2.400000 0.000000 0 0 0 0 0 3.900000 3.700000 7.900000 2.700000 0 0 0 0 0.000000 0.000000 0.600000 0.200000 0 0 0 0 1194 0 115 0 21 0 35 0 139 1196 6 13 8 179 8 105 0 0 1215 14 133 3 29 0 1 255 253 128 3 4 2 1 0 156 0 0 577 0 6 5 24 0 0 101 228 833 39 37 79 27 0 0 0 1 1218 0 0 6 2 0 0 0 0
1585331115.608076 3 0 1550 2227 2153 1.013655 0.217348 0.031361 0.004909 0.010363 0.036543 0.000000 0.600000 0.500000 2.400000 0.000000 0 0 0 0 0 4.100000 3.400000 8.000000 2.700000 0 0 0 0 0.000000 0.000000 0.700000 0.100000 0 0 0 0 1194 0 115 0 18 0 38 0 134 1196 6 14 8 179 8 105 0 0 1215 14 133 3 29 0 1 255 253 128 3 4 2 1 0 156 0 0 577 0 6 5 24 0 0 101 228 833 41 34 80 27 0 0 0 1 1218 0 0 7 1 0 0 0 0
1585331115.618122 3 0 1550 2227 2153 1.015018 0.218712 0.031361 0.004909 0.010363 0.036543 0.000000 0.600000 0.500000 2.400000 0.000000 0 0 0 0 0 4.200000 3.400000 8.000000 2.700000 0 0 0 0 0.000000 0.000000 0.700000 0.100000 0 0 0 0 1194 0 115 0 18 0 38 0 134 1196 6 14 8 179 8 105 0 0 1215 14 138 3 34 0 1 255 253 128 3 4 2 1 0 156 0 0 577 0 6 5 24 0 0 101 228 833 42 34 80 27 0 0 0 1 1218 0 0 7 1 0 0 0 0
1585331115.628147 3 0 1549 2227 2153 1.013655 0.217348 0.031361 0.004909 0.010363 0.036543 0.000000 0.600000 0.500000 2.400000 0.000000 0 0 0 0 0 4.100000 3.600000 7.900000 2.800000 0 0 0 0 0.000000 0.000000 0.700000 0.100000 0 0 0 0 1194 0 115 0 18 0 38 0 134 1196 6 13 8 179 8 105 0 0 1215 14 133 3 29 0 1 255 253 128 3 4 2 1 0 156 0 0 577 0 6 5 24 0 0 101 228 833 41 36 79 28 0 0 0 1 1218 0 0 7 1 0 0 0 0
1585331115.638115 3 0 1549 2227 2153 1.013655 0.217348 0.031361 0.004909 0.010363 0.036543 0.000000 0.600000 0.500000 2.400000 0.000000 0 0 0 0 0 4.000000 3.500000 7.800000 2.700000 0 0 0 0 0.000000 0.000000 0.700000 0.100000 0 0 0 0 1194 0 115 0 18 0 38 0 134 1196 6 13 8 179 8 105 0 0 1215 14 133 3 29 0 1 255 253 128 3 4 2 1 0 156 0 0 577 0 6 5 24 0 0 101 228 833 40 35 78 27 0 0 0 1 1218 0 0 7 1 0 0 0 0
1585331115.648112 3 0 1550 2227 2154 1.013655 0.217348 0.031361 0.004909 0.010363 0.037361 0.000000 0.600000 0.500000 2.400000 0.000000 0 0 0 0 0 3.900000 3.400000 7.800000 2.700000 0 0 0 0 0.000000 0.000000 0.700000 0.100000 0 0 0 0 1194 0 115 0 18 0 38 0 137 1196 6 14 8 179 8 106 0 0 1215 14 133 3 29 0 1 255 253 128 3 4 2 1 0 155 0 0 577 0 6 5 24 0 0 101 228 833 39 34 78 27 0 0 0 1 1218 0 0 7 1 0 0 0 0
1585331115.658100 3 0 1550 2227 2154 1.013655 0.217348 0.031361 0.004909 0.009545 0.037361 0.000000 0.600000 0.500000 2.400000 0.000000 0 0 0 0 0 4.000000 3.400000 7.800000 2.900000 0 0 0 0 0.000000 0.000000 0.700000 0.100000 0 0 0 0 1194 0 115 0 18 0 35 0 137 1196 6 14 8 179 8 106 0 0 1215 14 133 3 29 0 1 255 253 128 3 4 2 1 0 155 0 0 577 0 6 5 24 0 0 101 228 833 40 34 78 29 0 0 0 1 1218 0 0 7 1 0 0 0 0
1585331115.668101 3 0 1548 2227 2153 1.013655 0.217348 0.031361 0.005727 0.009545 0.037361 0.000000 0.600000 0.500000 2.400000 0.000000 0 0 0 0 0 4.000000 3.300000 7.800000 2.600000 0 0 0 0 0.000000 0.000000 0.700000 0.100000 0 0 0 0 1194 0 115 0 21 0 35 0 137 1196 6 12 8 179 8 105 0 0 1215 14 133 3 29 0 1 255 253 128 3 4 2 1 0 155 0 1 577 0 6 5 24 0 0 101 228 833 40 33 78 26 0 0 0 1 1218 0 0 7 1 0 0 0 0
1585331115.678105 3 0 1548 2227 2153 1.013655 0.217348 0.031361 0.005727 0.009545 0.037361 0.000000 0.600000 0.500000 2.400000 0.000000 0 0 0 0 0 3.800000 3.400000 7.700000 2.800000 0 0 0 0 0.000000 0.000000 0.700000 0.100000 0 0 0 0 1194 0 115 0 21 0 35 0 137 1196 6 12 8 179 8 105 0 0 1215 14 133 3 29 0 1 255 253 128 3 4 2 1 0 155 0 0 577 0 6 5 24 0 0 101 228 833 38 34 77 28 0 0 0 1 1218 0 0 7 1 0 0 0 0
1585331115.688170 3 0 1550 2228 2153 1.013655 0.217348 0.031361 0.004909 0.009545 0.036543 0.000000 0.600000 0.500000 2.400000 0.000000 0 0 0 0 0 3.800000 3.400000 8.300000 2.500000 0 0 0 0 0.000000 0.000000 0.700000 0.100000 0 0 0 0 1194 0 115 0 18 0 35 0 134 1196 6 14 8 180 8 105 0 0 1215 14 133 3 29 0 1 255 253 128 3 4 2 1 0 155 0 0 577 0 6 5 24 0 0 101 228 833 38 34 83 25 0 0 0 1 1218 0 0 7 1 0 0 0 0
1585331115.698075 3 0 1550 2228 2153 1.013655 0.217348 0.031361 0.005727 0.010363 0.042815 0.000000 0.600000 0.500000 2.400000 0.000000 0 0 0 0 0 3.900000 3.500000 8.500000 3.000000 0 0 0 0 0.000000 0.000000 0.700000 0.100000 0 0 0 0 1194 0 115 0 21 0 38 0 157 1196 6 14 8 180 8 105 0 0 1215 14 133 3 29 0 1 255 253 128 3 4 2 1 0 154 0 0 577 0 6 5 24 0 0 101 228 833 39 35 85 30 0 0 0 1 1218 0 0 7 1 0 0 0 0
1585331115.708110 3 0 1550 2231 2153 1.013655 0.217348 0.031361 0.004909 0.010363 0.059723 0.000000 0.600000 0.500000 2.400000 0.000000 0 0 0 0 0 3.700000 3.300000 8.300000 2.800000 0 0 0 0 0.000000 0.000000 0.700000 0.100000 0 0 0 0 1194 0 115 0 18 0 38 0 219 1196 6 14 8 183 8 105 0 0 1215 14 133 3 29 0 1 255 253 128 3 4 2 1 0 154 0 0 577 0 6 5 24 0 0 101 228 833 37 33 83 28 0 0 0 1 1218 0 0 7 1 0 0 0 0
1585331115.718122 3 0 1550 2231 2153 1.017745 0.221439 0.031361 0.005727 0.009545 0.082085 0.000000 0.600000 0.500000 2.400000 0.000000 0 0 0 0 0 3.100000 3.600000 8.500000 1.900000 0 0 0 0 0.000000 0.000000 0.700000 0.100000 0 0 0 0 1194 0 115 0 21 0 35 1 45 1196 6 14 8 183 8 105 0 0 1215 14 148 3 44 0 2 255 253 128 3 4 2 1 0 154 0 0 577 0 6 5 24 0 0 101 228 833 31 36 85 19 0 0 0 1 1218 0 0 7 1 0 0 0 0
1585331115.728172 3 0 1547 2229 2153 1.020472 0.224166 0.031361 0.005727 0.009545 0.105811 0.000000 0.600000 0.500000 2.400000 0.000000 0 0 0 0 0 3.100000 3.300000 8.500000 3.100000 0 0 0 0 0.000000 0.000000 0.700000 0.100000 0 0 0 0 1194 0 115 0 21 0 35 1 132 1196 6 11 8 181 8 105 0 0 1215 14 158 3 54 0 1 255 253 128 3 4 2 1 0 155 0 0 577 0 6 5 24 0 0 101 228 833 31 33 85 31 0 0 0 1 1218 0 0 7 1 0 0 0 0
1585331115.738117 3 0 1547 2229 2153 1.025926 0.229620 0.031361 0.004909 0.010363 0.129536 0.000000 0.600000 0.500000 2.400000 0.000000 0 0 0 0 0 3.600000 3.000000 7.500000 2.800000 0 0 0 0 0.000000 0.000000 0.800000 0.000000 0 0 0 0 1194 0 115 0 18 0 38 1 219 1196 6 11 8 181 8 105 0 0 1215 14 178 3 74 0 1 255 253 128 3 4 2 1 0 155 0 0 577 0 6 5 24 0 0 101 228 833 36 30 75 28 0 0 0 1 1218 0 0 8 0 0 0 0 0
1585331115.747262 3 0 1547 2227 2153 1.034108 0.237801 0.031361 0.004909 0.009545 0.153262 0.000000 0.600000 0.500000 2.400000 0.000000 0 0 0 0 0 3.200000 3.300000 7.300000 1.800000 0 0 0 0 0.000000 0.000000 0.700000 0.100000 0 0 0 0 1194 0 115 0 18 0 35 2 50 1196 6 11 8 179 8 105 0 0 1215 14 208 3 104 0 1 255 254 128 3 4 2 1 0 155 0 0 577 0 6 5 24 0 0 101 228 833 32 33 73 18 0 0 0 1 1218 0 0 7 1 0 0 0 0
1585331115.758121 3 0 1547 2227 2153 1.040925 0.244619 0.031361 0.005727 0.009545 0.176987 0.000000 0.600000 0.500000 2.400000 0.000000 0 0 0 0 0 3.000000 3.200000 7.400000 3.000000 0 0 0 0 0.000000 0.000000 0.700000 0.100000 0 0 0 0 1194 0 115 0 21 0 35 2 137 1196 6 11 8 179 8 105 0 0 1215 14 233 3 129 0 1 255 254 128 3 4 2 1 0 155 0 0 577 0 6 5 24 0 0 101 228 833 30 32 74 30 0 0 0 1 1218 0 0 7 1 0 0 0 0
1585331115.768118 3 0 1546 2227 2153 1.045016 0.248709 0.031361 0.004909 0.010363 0.199349 0.000000 0.600000 0.500000 2.400000 0.000000 0 0 0 0 0 3.200000 3.500000 6.900000 3.100000 0 0 0 0 0.000000 0.000000 0.700000 0.100000 0 0 0 0 1194 0 115 0 18 0 38 2 219 1196 6 10 8 179 8 105 0 0 1215 14 248 3 144 0 1 255 254 128 3 4 2 1 0 155 0 1 577 0 6 5 24 0 0 101 228 833 32 35 69 31 0 0 0 1 1218 0 0 7 1 0 0 0 0
1585331115.778133 3 0 1546 2227 2153 1.051834 0.255527 0.031361 0.006545 0.010363 0.212985 0.000000 0.600000 0.700000 2.700000 0.000000 0 0 0 0 0 3.200000 3.100000 7.800000 2.300000 0 0 0 0 0.000000 0.000000 0.700000 0.100000 0 0 0 0 1194 0 115 0 24 0 38 3 13 1196 6 10 8 179 8 105 0 0 1215 15 17 3 169 0 1 255 254 128 3 4 2 1 0 155 0 0 577 0 6 7 27 0 0 101 228 833 32 31 78 23 0 0 0 1 1218 0 0 7 1 0 0 0 0
1585331115.788156 3 0 1545 2228 2152 1.055924 0.259618 0.031361 0.004091 0.010363 0.223075 0.000000 0.600000 0.900000 2.900000 0.000000 0 0 0 0 0 3.300000 3.600000 8.300000 2.700000 0 0 0 0 0.000000 0.000000 0.700000 0.100000 0 0 0 0 1194 0 115 0 15 0 38 3 50 1196 6 9 8 180 8 104 0 0 1215 15 32 3 184 0 1 255 254 128 3 4 2 1 0 155 0 0 577 0 6 9 29 0 0 101 228 833 33 36 83 27 0 0 0 1 1218 0 0 7 1 0 0 0 0
1585331115.798111 3 0 1545 2228 2152 1.058651 0.262345 0.031361 0.004909 0.009545 0.231256 0.000000 0.600000 0.800000 2.800000 0.000000 0 0 0 0 0 2.900000 3.900000 8.400000 2.700000 0 0 0 0 0.000000 0.000000 0.700000 0.100000 0 0 0 0 1194 0 115 0 18 0 35 3 80 1196 6 9 8 180 8 104 0 0 1215 15 42 3 194 0 1 255 254 128 3 4 2 1 0 155 0 0 577 0 6 8 28 0 0 101 228 833 29 39 84 27 0 0 0 1 1218 0 0 7 1 0 0 0 0
1585331115.808109 3 0 1545 2228 2153 1.064105 0.267799 0.031361 0.004909 0.010363 0.237256 0.000000 0.600000 0.900000 2.800000 0.000000 0 0 0 0 0 2.800000 3.500000 7.900000 2.200000 0 0 0 0 0.000000 0.000000 0.700000 0.100000 0 0 0 0 1194 0 115 0 18 0 38 3 102 1196 6 9 8 180 8 105 0 0 1215 15 62 3 214 0 1 255 254 128 3 4 2 1 0 154 0 0 577 0 6 9 28 0 0 101 228 833 28 35 79 22 0 0 0 1 1218 0 0 7 1 0 0 0 0
1585331115.818183 3 0 1545 2228 2153 1.069560 0.273253 0.031361 0.005727 0.008454 0.249528 0.000000 0.600000 0.800000 2.800000 0.000000 0 0 0 0 0 3.200000 3.100000 7.500000 2.500000 0 0 0 0 0.000000 0.000000 0.700000 0.100000 0 0 0 0 1194 0 115 0 21 0 31 3 147 1196 6 9 8 180 8 105 0 0 1215 15 82 3 234 0 1 255 255 128 3 4 2 1 0 154 0 0 577 0 6 8 28 0 0 101 228 833 32 31 75 25 0 0 0 1 1218 0 0 7 1 0 0 0 0
1585331115.828166 3 0 1538 2222 2153 1.073650 0.275980 0.031361 0.004909 0.009545 0.269981 0.000000 0.600000 0.900000 2.800000 0.000000 0 0 0 0 0 3.100000 2.800000 7.600000 2.100000 0 0 0 0 0.000000 0.000000 0.700000 0.100000 0 0 0 0 1194 0 115 0 18 0 35 3 222 1196 6 2 8 174 8 105 0 0 1215 15 97 3 244 0 1 255 255 128 3 4 2 1 0 155 0 0 577 0 6 9 28 0 0 101 228 833 31 28 76 21 0 0 0 1 1218 0 0 7 1 0 0 0 0
1585331115.838117 3 0 1538 2222 2153 1.079104 0.274617 0.031361 0.005727 0.010363 0.296433 0.000000 0.600000 1.100000 3.000000 0.000000 0 0 0 0 0 2.700000 3.100000 7.600000 1.500000 0 0 0 0 0.000000 0.000000 0.700000 0.100000 0 0 0 0 1194 0 115 0 21 0 38 4 63 1196 6 2 8 174 8 105 0 0 1215 15 117 3 239 0 0 0 0 128 3 4 2 1 0 154 0 0 577 0 6 11 30 0 0 101 228 833 27 31 76 15 0 0 0 1 1218 0 0 7 1 0 0 0 0
1585331115.848160 3 0 1541 2225 2153 1.090013 0.276253 0.031361 0.004909 0.009545 0.322886 0.000000 0.600000 1.200000 3.100000 0.000000 0 0 0 0 0 2.900000 3.500000 7.700000 1.300000 0 0 0 0 0.000000 0.000000 0.700000 0.100000 0 0 0 0 1194 0 115 0 18 0 35 4 160 1196 6 5 8 177 8 105 0 0 1215 15 157 3 245 0 0 0 0 128 3 4 2 1 0 155 0 0 577 0 6 12 31 0 0 101 228 833 29 35 77 13 0 0 0 1 1218 0 0 7 1 0 0 0 0
1585331115.858134 3 0 1541 2225 2153 1.100648 0.273253 0.031361 0.005727 0.008454 0.348520 0.000000 0.600000 1.200000 3.000000 0.000000 0 0 0 0 0 3.000000 3.800000 7.100000 1.400000 0 0 0 0 0.000000 0.100000 0.600000 0.300000 0 0 0 0 1194 0 115 0 21 0 31 4 254 1196 6 5 8 177 8 105 0 0 1215 15 196 3 234 0 0 0 0 128 3 4 2 1 0 155 0 0 577 0 6 12 30 0 0 101 228 833 30 38 71 14 0 0 0 1 1218 0 1 6 3 0 0 0 0
1585331115.868161 3 0 1540 2224 2153 1.106102 0.263708 0.031361 0.005727 0.009545 0.360792 0.000000 0.600000 1.200000 3.100000 0.000000 0 0 0 0 0 2.700000 3.200000 6.800000 1.600000 0 0 0 0 0.000000 0.100000 0.600000 0.200000 0 0 0 0 1194 0 115 0 21 0 35 5 43 1196 6 4 8 176 8 105 0 0 1215 15 216 3 199 0 0 0 0 128 3 4 2 1 0 155 0 1 577 0 6 12 31 0 0 101 228 833 27 32 68 16 0 0 0 1 1218 0 1 6 2 0 0 0 0
1585331115.878233 3 0 1540 2224 2153 1.112920 0.262345 0.031361 0.004909 0.010363 0.385336 0.000000 0.600000 1.200000 3.100000 0.000000 0 0 0 0 0 2.900000 2.800000 6.800000 1.600000 0 0 0 0 0.000000 0.100000 0.600000 0.200000 0 0 0 0 1194 0 115 0 18 0 38 5 133 1196 6 4 8 176 8 105 0 0 1215 15 241 3 194 0 0 0 0 128 3 4 2 1 0 155 0 0 577 0 6 12 31 0 0 101 228 833 29 28 68 16 0 0 0 1 1218 0 1 6 2 0 0 0 0
1585331115.888198 3 0 1540 2224 2152 1.122465 0.262345 0.031361 0.004909 0.010363 0.411789 0.000000 0.600000 1.200000 3.100000 0.000000 0 0 0 0 0 2.900000 3.200000 6.600000 2.300000 0 0 0 0 0.000000 0.100000 0.600000 0.200000 0 0 0 0 1194 0 115 0 18 0 38 5 230 1196 6 4 8 176 8 104 0 0 1215 16 20 3 194 0 0 0 0 128 3 4 2 1 0 155 0 0 577 0 6 12 31 0 0 101 228 833 29 32 66 23 0 0 0 1 1218 0 1 6 2 0 0 0 0
1585331115.898225 3 0 1540 2224 2152 1.132010 0.260981 0.031361 0.004909 0.010363 0.427878 0.000000 0.600000 1.300000 3.200000 0.000000 0 0 0 0 0 3.000000 3.300000 7.700000 2.000000 0 0 0 0 0.000000 0.100000 0.600000 0.200000 0 0 0 0 1194 0 115 0 18 0 38 6 33 1196 6 4 8 176 8 104 0 0 1215 16 55 3 189 0 0 0 0 128 3 4 2 1 0 155 0 0 577 0 6 13 32 0 0 101 228 833 30 33 77 20 0 0 0 1 1218 0 1 6 2 0 0 0 0
1585331115.908202 3 0 1540 2224 2153 1.140191 0.258254 0.031361 0.005727 0.009545 0.450240 0.000000 0.600000 1.400000 3.200000 0.000000 0 0 0 0 0 2.600000 3.700000 8.200000 1.700000 0 0 0 0 0.000000 0.100000 0.600000 0.200000 0 0 0 0 1194 0 115 0 21 0 35 6 115 1196 6 4 8 176 8 105 0 0 1215 16 85 3 179 0 0 0 0 128 3 4 2 1 0 155 0 0 577 0 6 14 32 0 0 101 228 833 26 37 82 17 0 0 0 1 1218 0 1 6 2 0 0 0 0
1585331115.918199 3 0 1540 2224 2153 1.142918 0.254164 0.031361 0.005727 0.009545 0.463876 0.000000 0.600000 1.400000 3.300000 0.000000 0 0 0 0 0 2.600000 4.100000 8.300000 2.500000 0 0 0 0 0.000000 0.100000 0.600000 0.200000 0 0 0 0 1194 0 115 0 21 0 35 6 165 1196 6 4 8 176 8 105 0 0 1215 16 95 3 164 0 0 0 0 128 3 4 2 1 0 155 0 0 577 0 6 14 33 0 0 101 228 833 26 41 83 25 0 0 0 1 1218 0 1 6 2 0 0 0 0
1585331115.928201 3 0 1540 2223 2153 1.149736 0.250346 0.031361 0.004909 0.010363 0.483511 0.000000 0.600000 1.500000 3.300000 0.100000 0 0 0 0 0 2.600000 3.400000 8.000000 2.300000 0 0 0 0 0.000000 0.100000 0.600000 0.200000 0 0 0 0 1194 0 115 0 18 0 38 6 237 1196 6 4 8 175 8 105 0 0 1215 16 120 3 150 0 0 0 0 128 3 4 2 1 0 155 0 0 577 0 6 15 33 1 0 101 228 833 26 34 80 23 0 0 0 1 1218 0 1 6 2 0 0 0 0
1585331115.938192 3 0 1540 2223 2153 1.157917 0.251709 0.031361 0.004909 0.010363 0.497146 0.000000 0.600000 1.400000 3.300000 0.100000 0 0 0 0 0 2.700000 3.500000 7.200000 1.900000 0 0 0 0 0.000000 0.100000 0.600000 0.200000 0 0 0 0 1194 0 115 0 18 0 38 7 31 1196 6 4 8 175 8 105 0 0 1215 16 150 3 155 0 0 0 0 128 3 4 2 1 0 155 0 0 577 0 6 14 33 1 0 101 228 833 27 35 72 19 0 0 0 1 1218 0 1 6 2 0 0 0 0
1585331115.948266 3 0 1539 2224 2154 1.163371 0.250346 0.031361 0.004909 0.010363 0.511327 0.000000 0.600000 1.400000 3.300000 0.100000 0 0 0 0 0 3.000000 3.700000 6.900000 2.000000 0 0 0 0 0.000000 0.100000 0.600000 0.300000 0 0 0 0 1194 0 115 0 18 0 38 7 83 1196 6 3 8 176 8 106 0 0 1215 16 170 3 150 0 0 0 0 128 3 4 2 1 0 155 0 0 577 0 6 14 33 1 0 101 228 833 30 37 69 20 0 0 0 1 1218 0 1 6 3 0 0 0 0
1585331115.958225 3 0 1539 2224 2154 1.168825 0.250346 0.031361 0.004909 0.010363 0.525508 0.000000 0.600000 1.400000 3.300000 0.100000 0 0 0 0 0 2.600000 3.000000 6.800000 2.000000 0 0 0 0 0.000000 0.100000 0.600000 0.300000 0 0 0 0 1194 0 115 0 18 0 38 7 135 1196 6 3 8 176 8 106 0 0 1215 16 190 3 150 0 0 0 0 128 3 4 2 1 0 155 0 0 577 0 6 14 33 1 0 101 228 833 26 30 68 20 0 0 0 1 1218 0 1 6 3 0 0 0 0
1585331115.968180 3 0 1539 2223 2153 1.176734 0.254164 0.031361 0.004909 0.010363 0.538598 0.000000 0.600000 1.400000 3.300000 0.100000 0 0 0 0 0 2.700000 3.200000 7.100000 2.100000 0 0 0 0 0.000000 0.100000 0.600000 0.200000 0 0 0 0 1194 0 115 0 18 0 38 7 183 1196 6 3 8 175 8 105 0 0 1215 16 219 3 164 0 0 0 0 128 3 4 2 1 0 155 0 1 577 0 6 14 33 1 0 101 228 833 27 32 71 21 0 0 0 1 1218 0 1 6 2 0 0 0 0
1585331115.978194 3 0 1539 2223 2153 1.183551 0.254164 0.031361 0.005727 0.009545 0.550870 0.000000 0.600000 1.400000 3.300000 0.100000 0 0 0 0 0 2.900000 3.500000 7.600000 2.200000 0 0 0 0 0.000000 0.100000 0.600000 0.200000 0 0 0 0 1194 0 115 0 21 0 35 7 228 1196 6 3 8 175 8 105 0 0 1215 16 244 3 164 0 0 0 0 128 3 4 2 1 0 155 0 0 577 0 6 14 33 1 0 101 228 833 29 35 76 22 0 0 0 1 1218 0 1 6 2 0 0 0 0
1585331115.988212 3 0 1538 2223 2153 1.186278 0.252800 0.031361 0.005727 0.010363 0.566414 0.000000 0.600000 1.400000 3.300000 0.100000 0 0 0 0 0 2.400000 3.100000 7.900000 3.000000 0 0 0 0 0.000000 0.100000 0.600000 0.300000 0 0 0 0 1194 0 115 0 21 0 38 8 29 1196 6 2 8 175 8 105 0 0 1215 16 254 3 159 0 0 0 0 128 3 4 2 1 0 155 0 0 577 0 6 14 33 1 0 101 228 833 24 31 79 30 0 0 0 1 1218 0 1 6 3 0 0 0 0
1585331115.998261 3 0 1538 2223 2153 1.190369 0.251436 0.031361 0.004909 0.010363 0.579231 0.000000 0.600000 1.400000 3.300000 0.100000 0 0 0 0 0 2.200000 3.400000 8.000000 3.100000 0 0 0 0 0.000000 0.100000 0.600000 0.300000 0 0 0 0 1194 0 115 0 18 0 38 8 76 1196 6 2 8 175 8 105 0 0 1215 17 13 3 154 0 0 0 0 128 3 4 2 1 0 154 0 0 577 0 6 14 33 1 0 101 228 833 22 34 80 31 0 0 0 1 1218 0 1 6 3 0 0 0 0
1585331116.008273 3 0 1538 2223 2153 1.194460 0.251436 0.031361 0.004909 0.010363 0.593412 0.000000 0.600000 1.400000 3.300000 0.100000 0 0 0 0 0 2.400000 3.300000 7.500000 1.900000 0 0 0 0 0.000000 0.100000 0.600000 0.300000 0 0 0 0 1194 0 115 0 18 0 38 8 128 1196 6 2 8 175 8 105 0 0 1215 17 28 3 154 0 0 0 0 128 3 4 2 1 0 154 0 0 577 0 6 14 33 1 0 101 228 833 24 33 75 19 0 0 0 1 1218 0 1 6 3 0 0 0 0
1585331116.018228 3 0 1538 2223 2153 1.199914 0.252800 0.031361 0.004909 0.010363 0.607593 0.000000 0.600000 1.400000 3.300000 0.100000 0 0 0 0 0 2.800000 3.500000 7.100000 2.600000 0 0 0 0 0.000000 0.100000 0.600000 0.300000 0 0 0 0 1194 0 115 0 18 0 38 8 180 1196 6 2 8 175 8 105 0 0 1215 17 48 3 159 0 0 0 0 128 3 4 2 1 0 154 0 0 577 0 6 14 33 1 0 101 228 833 28 35 71 26 0 0 0 1 1218 0 1 6 3 0 0 0 0
1585331116.028196 3 0 1538 2223 2153 1.205368 0.250073 0.031361 0.004909 0.010363 0.622592 0.000000 0.600000 1.400000 3.300000 0.100000 0 0 0 0 0 2.600000 3.200000 8.000000 3.000000 0 0 0 0 0.000000 0.100000 0.600000 0.300000 0 0 0 0 1194 0 115 0 18 0 38 8 235 1196 6 2 8 175 8 105 0 0 1215 17 68 3 149 0 0 0 0 128 3 4 2 1 0 154 0 0 577 0 6 14 33 1 0 101 228 833 26 32 80 30 0 0 0 1 1218 0 1 6 3 0 0 0 0
1585331116.038270 3 0 1538 2223 2153 1.214913 0.255527 0.031361 0.005727 0.009545 0.638954 0.000000 0.600000 1.400000 3.300000 0.100000 0 0 0 0 0 2.500000 3.100000 8.600000 2.100000 0 0 0 0 0.000000 0.100000 0.600000 0.300000 0 0 0 0 1194 0 115 0 21 0 35 9 39 1196 6 2 8 175 8 105 0 0 1215 17 103 3 169 0 0 0 0 128 3 4 2 1 0 154 0 0 577 0 6 14 33 1 0 101 228 833 25 31 86 21 0 0 0 1 1218 0 1 6 3 0 0 0 0
1585331116.048208 3 0 1538 2223 2153 1.223094 0.259618 0.031361 0.005727 0.010363 0.653953 0.000000 0.600000 1.400000 3.300000 0.100000 0 0 0 0 0 2.600000 4.000000 7.900000 2.300000 0 0 0 0 0.000000 0.100000 0.600000 0.300000 0 0 0 0 1194 0 115 0 21 0 38 9 94 1196 6 2 8 175 8 105 0 0 1215 17 133 3 184 0 0 0 0 128 3 4 2 1 0 154 0 0 577 0 6 14 33 1 0 101 228 833 26 40 79 23 0 0 0 1 1218 0 1 6 3 0 0 0 0
1585331116.058203 3 0 1538 2223 2153 1.227185 0.259618 0.031361 0.005727 0.010363 0.668679 0.000000 0.600000 2.500000 3.700000 0.400000 0 0 0 0 0 2.400000 3.900000 7.200000 2.900000 0 0 0 0 0.000000 0.100000 0.600000 0.300000 0 0 0 0 1194 0 115 0 21 0 38 9 148 1196 6 2 8 175 8 105 0 0 1215 17 148 3 184 0 0 0 0 128 3 4 2 1 0 154 0 0 577 0 6 25 37 4 0 101 228 833 24 39 72 29 0 0 0 1 1218 0 1 6 3 0 0 0 0
1585331116.068211 3 0 1537 2222 2153 1.234002 0.259890 0.031361 0.004909 0.010363 0.683133 0.000000 0.600000 3.200000 3.900000 0.700000 0 0 0 0 0 2.500000 3.600000 7.300000 2.600000 0 0 0 0 0.000000 0.200000 0.600000 0.300000 0 0 0 0 1194 0 115 0 18 0 38 9 201 1196 6 1 8 174 8 105 0 0 1215 17 173 3 185 0 0 0 0 128 3 4 2 1 0 154 0 1 577 0 6 32 39 7 0 101 228 833 25 36 73 26 0 0 0 1 1218 0 2 6 3 0 0 0 0
1585331116.078254 3 0 1537 2222 2153 1.238093 0.261254 0.031361 0.004909 0.010363 0.699223 0.000000 0.600000 3.100000 3.900000 0.600000 0 0 0 0 0 3.000000 3.400000 7.400000 3.300000 0 0 0 0 0.000000 0.100000 0.600000 0.300000 0 0 0 0 1194 0 115 0 18 0 38 10 4 1196 6 1 8 174 8 105 0 0 1215 17 188 3 190 0 0 0 0 128 3 4 2 1 0 154 0 0 577 0 6 31 39 6 0 101 228 833 30 34 74 33 0 0 0 1 1218 0 1 6 3 0 0 0 0
1585331116.088309 3 0 1536 2222 2153 1.242184 0.258527 0.031361 0.004909 0.010363 0.714221 0.000000 0.600000 3.200000 3.900000 0.700000 0 0 0 0 0 2.900000 4.000000 7.700000 3.300000 0 0 0 0 0.000000 0.200000 0.600000 0.300000 0 0 0 0 1194 0 115 0 18 0 38 10 59 1196 6 0 8 174 8 105 0 0 1215 17 203 3 180 0 0 0 0 128 3 4 2 1 0 154 0 0 577 0 6 32 39 7 0 101 228 833 29 40 77 33 0 0 0 1 1218 0 2 6 3 0 0 0 0
1585331116.098248 3 0 1536 2222 2153 1.250365 0.262618 0.031361 0.005727 0.010363 0.729766 0.000000 0.600000 3.200000 4.000000 0.700000 0 0 0 0 0 2.300000 4.100000 7.800000 2.400000 0 0 0 0 0.000000 0.200000 0.600000 0.300000 0 0 0 0 1194 0 115 0 21 0 38 10 116 1196 6 0 8 174 8 105 0 0 1215 17 233 3 195 0 0 0 0 128 3 4 2 1 0 154 0 0 577 0 6 32 40 7 0 101 228 833 23 41 78 24 0 0 0 1 1218 0 2 6 3 0 0 0 0
1585331116.108276 3 0 1536 2222 2153 1.258273 0.263708 0.031361 0.004909 0.010363 0.743947 0.000000 0.600000 3.300000 4.000000 0.800000 0 0 0 0 0 2.300000 3.400000 7.900000 3.300000 0 0 0 0 0.000000 0.200000 0.600000 0.300000 0 0 0 0 1194 0 115 0 18 0 38 10 168 1196 6 0 8 174 8 105 0 0 1215 18 6 3 199 0 0 0 0 128 3 4 2 1 0 154 0 0 577 0 6 33 40 8 0 101 228 833 23 34 79 33 0 0 0 1 1218 0 2 6 3 0 0 0 0
1585331116.118334 3 0 1536 2222 2153 1.262364 0.262345 0.031361 0.005727 0.010363 0.759764 0.000000 0.600000 3.300000 4.100000 0.800000 0 0 0 0 0 2.900000 3.200000 7.900000 4.000000 0 0 0 0 0.000000 0.200000 0.600000 0.300000 0 0 0 0 1194 0 115 0 21 0 38 10 226 1196 6 0 8 174 8 105 0 0 1215 18 21 3 194 0 0 0 0 128 3 4 2 1 0 154 0 0 577 0 6 33 41 8 0 101 228 833 29 32 79 40 0 0 0 1 1218 0 2 6 3 0 0 0 0
1585331116.128248 3 0 1533 2228 2153 1.269182 0.265072 0.031361 0.005727 0.010363 0.773944 0.000000 0.600000 3.500000 4.100000 0.900000 0 0 0 0 0 3.200000 3.200000 7.700000 3.600000 0 0 0 0 0.000000 0.200000 0.600000 0.300000 0 0 0 0 1194 0 115 0 21 0 38 11 22 1196 5 253 8 180 8 105 0 0 1215 18 46 3 204 0 0 0 0 128 3 4 2 1 0 154 0 0 577 0 6 35 41 9 0 101 228 833 32 32 77 36 0 0 0 1 1218 0 2 6 3 0 0 0 0
1585331116.138329 3 0 1533 2228 2153 1.271909 0.259618 0.031361 0.004909 0.010363 0.790307 0.000000 0.600000 3.700000 4.200000 0.900000 0 0 0 0 0 2.600000 3.000000 7.800000 3.200000 0 0 0 0 0.000000 0.200000 0.600000 0.300000 0 0 0 0 1194 0 115 0 18 0 38 11 82 1196 5 253 8 180 8 105 0 0 1215 18 56 3 184 0 1 0 0 128 3 4 2 1 0 154 0 0 577 0 6 37 42 9 0 101 228 833 26 30 78 32 0 0 0 1 1218 0 2 6 3 0 0 0 0
1585331116.148227 3 0 1522 2236 2153 1.271909 0.252800 0.031361 0.004909 0.010363 0.803670 0.000000 0.600000 3.800000 4.200000 0.900000 0 0 0 0 0 2.400000 3.000000 7.500000 3.500000 0 0 0 0 0.000000 0.200000 0.600000 0.300000 0 0 0 0 1194 0 115 0 18 0 38 11 131 1196 5 242 8 188 8 105 0 0 1215 18 56 3 159 0 2 0 0 128 3 4 2 1 0 153 0 0 577 0 6 38 42 9 0 101 228 833 24 30 75 35 0 0 0 1 1218 0 2 6 3 0 0 0 0
1585331116.158288 3 0 1522 2236 2153 1.270545 0.244619 0.031361 0.004091 0.008454 0.818123 0.000000 0.600000 4.100000 4.200000 1.000000 0 0 0 0 0 2.800000 3.800000 7.400000 3.600000 0 0 0 0 0.000000 0.200000 0.700000 0.100000 0 0 0 0 1194 0 115 0 15 0 31 11 184 1196 5 242 8 188 8 105 0 0 1215 18 51 3 129 0 4 0 0 128 3 4 2 1 0 153 0 0 577 0 6 41 42 10 0 101 228 833 28 38 74 36 0 0 0 1 1218 0 2 7 1 0 0 0 0
1585331116.168341 3 0 1500 2257 2154 1.271909 0.240528 0.031361 0.004909 0.010363 0.833667 0.000000 0.600000 4.500000 4.300000 1.100000 0 0 0 0 0 2.500000 3.700000 7.600000 4.300000 0 0 0 0 0.000000 0.400000 0.900000 0.000000 0 0 0 0 1194 0 115 0 18 0 38 11 241 1196 5 220 8 209 8 106 0 0 1215 18 56 3 114 0 6 0 0 128 3 4 2 1 0 153 0 1 577 0 6 45 43 11 0 101 228 833 25 37 76 43 0 0 0 1 1218 0 4 9 0 0 0 0 0
1585331116.178282 3 0 1500 2257 2154 1.277363 0.240528 0.031361 0.004909 0.009545 0.848394 0.000000 0.600000 4.600000 4.300000 1.000000 0 0 0 0 0 2.300000 3.300000 7.200000 3.700000 0 0 0 0 0.000000 0.500000 0.900000 0.000000 0 0 0 0 1194 0 115 0 18 0 35 12 39 1196 5 220 8 209 8 106 0 0 1215 18 76 3 114 0 9 0 3 128 3 4 2 1 0 153 0 0 577 0 6 46 43 10 0 101 228 833 23 33 72 37 0 0 0 1 1218 0 5 9 0 0 0 0 0
1585331116.188332 3 0 1466 2291 2153 1.282817 0.240528 0.031361 0.004909 0.010363 0.865574 0.000000 0.600000 4.600000 4.300000 1.100000 0 0 0 0 0 2.700000 3.600000 7.200000 3.000000 0 0 0 0 0.000000 0.600000 1.200000 0.000000 0 0 0 0 1194 0 115 0 18 0 38 12 102 1196 5 186 8 243 8 105 0 0 1215 18 96 3 114 0 13 0 7 128 3 4 2 1 0 152 0 0 577 0 6 46 43 11 0 101 228 833 27 36 72 30 0 0 0 1 1218 0 6 12 0 0 0 0 0
1585331116.198387 3 0 1466 2291 2153 1.289635 0.241892 0.031361 0.004909 0.010363 0.878391 0.000000 0.600000 5.500000 4.400000 1.100000 0 0 0 0 0 2.900000 3.200000 7.200000 4.300000 0 0 0 0 0.000000 0.900000 1.400000 0.000000 0 0 0 0 1194 0 115 0 18 0 38 12 149 1196 5 186 8 243 8 105 0 0 1215 18 121 3 119 0 19 0 13 128 3 4 2 1 0 153 0 0 577 0 6 55 44 11 0 101 228 833 29 32 72 43 0 0 0 1 1218 0 9 14 0 0 0 0 0
1585331116.208313 3 0 1422 2345 2153 1.296452 0.243255 0.031361 0.004909 0.009545 0.890663 0.000000 0.600000 6.100000 4.400000 1.200000 0 0 0 0 0 3.200000 3.300000 7.600000 4.100000 0 0 0 0 0.000000 1.300000 1.700000 0.000000 0 0 0 0 1194 0 115 0 18 0 35 12 194 1196 5 142 9 41 8 105 0 0 1215 18 146 3 124 0 28 0 19 128 3 4 2 1 0 152 0 0 577 0 6 61 44 12 0 101 228 833 32 33 76 41 0 0 0 1 1218 0 13 17 0 0 0 0 0
1585331116.218315 3 0 1422 2345 2153 1.303270 0.243528 0.031361 0.005727 0.009545 0.902662 0.000000 0.600000 5.900000 4.400000 1.100000 0 0 0 0 0 3.200000 3.100000 7.500000 4.200000 0 0 0 0 0.000000 1.600000 2.200000 0.000000 0 0 0 0 1194 0 115 0 21 0 35 12 238 1196 5 142 9 41 8 105 0 0 1215 18 171 3 125 0 35 0 25 128 3 4 2 1 0 152 0 0 577 0 6 59 44 11 0 101 228 833 32 31 75 42 0 0 0 1 1218 0 16 22 0 0 0 0 0
1585331116.228308 3 0 1412 2369 2153 1.312815 0.247619 0.031361 0.004909 0.010363 0.918480 0.000000 0.600000 5.900000 4.400000 1.200000 0 0 0 0 0 3.100000 3.000000 7.100000 5.200000 0 0 0 0 0.000000 2.000000 2.900000 0.000000 0 0 0 0 1194 0 115 0 18 0 38 13 40 1196 5 132 9 65 8 105 0 0 1215 18 206 3 140 0 40 0 28 128 3 4 2 1 0 152 0 0 577 0 6 59 44 12 0 101 228 833 31 30 71 52 0 0 0 1 1218 0 20 29 0 0 0 0 0
1585331116.238309 3 0 1412 2369 2153 1.319633 0.247619 0.031361 0.005727 0.009545 0.932660 0.000000 0.600000 5.900000 4.400000 1.100000 0 0 0 0 0 2.700000 3.200000 7.400000 4.600000 0 0 0 0 0.000000 2.500000 3.400000 0.000000 0 0 0 0 1194 0 115 0 21 0 35 13 92 1196 5 132 9 65 8 105 0 0 1215 18 231 3 140 0 46 0 31 128 3 4 2 1 0 152 0 0 577 0 6 59 44 11 0 101 228 833 27 32 74 46 0 0 0 1 1218 0 25 34 0 0 0 0 0
1585331116.248275 3 0 1408 2400 2153 1.326450 0.247619 0.031361 0.005727 0.010363 0.947659 0.000000 0.600000 5.900000 4.400000 1.200000 0 0 0 0 0 2.500000 3.700000 7.300000 4.400000 0 0 0 0 0.000000 2.400000 3.500000 0.000000 0 0 0 0 1194 0 115 0 21 0 38 13 147 1196 5 128 9 96 8 105 0 0 1215 19 0 3 140 0 53 0 33 128 3 4 2 1 0 152 0 0 577 0 6 59 44 12 0 101 228 833 25 37 73 44 0 0 0 1 1218 0 24 35 0 0 0 0 0
1585331116.258310 3 0 1408 2400 2153 1.331904 0.246255 0.031361 0.004909 0.010363 0.959113 0.000000 0.600000 5.900000 4.400000 1.100000 0 0 0 0 0 3.000000 4.000000 7.000000 4.300000 0 0 0 0 0.000000 2.700000 4.000000 0.000000 0 0 0 0 1194 0 115 0 18 0 38 13 189 1196 5 128 9 96 8 105 0 0 1215 19 20 3 135 0 58 0 35 128 3 4 2 1 0 152 0 0 577 0 6 59 44 11 0 101 228 833 30 40 70 43 0 0 0 1 1218 0 27 40 0 0 0 0 0
1585331116.268312 3 0 1399 2426 2154 1.338449 0.247346 0.031361 0.004091 0.010363 0.972748 0.000000 0.600000 5.900000 4.400000 1.200000 0 0 0 0 0 2.800000 3.200000 7.300000 3.700000 0 0 0 0 0.000000 2.700000 4.500000 0.000000 0 0 0 0 1194 0 115 0 15 0 38 13 239 1196 5 119 9 122 8 106 0 0 1215 19 44 3 139 0 63 0 36 128 3 4 2 1 0 152 0 1 577 0 6 59 44 12 0 101 228 833 28 32 73 37 0 0 0 1 1218 0 27 45 0 0 0 0 0
1585331116.278298 3 0 1399 2426 2154 1.345267 0.247346 0.031361 0.004909 0.010363 0.984202 0.000000 0.600000 5.900000 4.400000 1.100000 0 0 0 0 0 2.800000 2.900000 7.300000 4.300000 0 0 0 0 0.000000 2.800000 4.700000 0.000000 0 0 0 0 1194 0 115 0 18 0 38 14 25 1196 5 119 9 122 8 106 0 0 1215 19 69 3 139 0 68 0 38 128 3 4 2 1 0 152 0 0 577 0 6 59 44 11 0 101 228 833 28 29 73 43 0 0 0 1 1218 0 28 47 0 0 0 0 0
1585331116.288344 3 0 1384 2443 2154 1.352085 0.247346 0.031361 0.004909 0.010363 0.995110 0.000000 0.600000 5.900000 4.400000 1.200000 0 0 0 0 0 2.700000 3.000000 7.200000 5.300000 0 0 0 0 0.000000 2.800000 5.100000 0.000000 0 0 0 0 1194 0 115 0 18 0 38 14 65 1196 5 104 9 139 8 106 0 0 1215 19 94 3 139 0 72 0 40 128 3 4 2 1 0 152 0 0 577 0 6 59 44 12 0 101 228 833 27 30 72 53 0 0 0 1 1218 0 28 51 0 0 0 0 0
1585331116.298437 3 0 1384 2443 2154 1.357539 0.244619 0.031361 0.004909 0.010363 1.003292 0.000000 0.600000 5.900000 4.400000 1.100000 0 0 0 0 0 2.700000 3.100000 7.500000 4.900000 0 0 0 0 0.000000 3.000000 5.300000 0.000000 0 0 0 0 1194 0 115 0 18 0 38 14 95 1196 5 104 9 139 8 106 0 0 1215 19 114 3 129 0 75 0 42 128 3 4 2 1 0 152 0 0 577 0 6 59 44 11 0 101 228 833 27 31 75 49 0 0 0 1 1218 0 30 53 0 0 0 0 0
1585331116.308324 3 0 1373 2457 2153 1.361630 0.240528 0.031361 0.004909 0.009545 1.007110 0.000000 0.600000 5.900000 4.400000 1.200000 0 0 0 0 0 3.000000 3.000000 7.300000 4.300000 0 0 0 0 0.000000 3.200000 5.600000 0.000000 0 0 0 0 1194 0 115 0 18 0 35 14 109 1196 5 93 9 153 8 105 0 0 1215 19 129 3 114 0 78 0 44 128 3 4 2 1 0 153 0 0 577 0 6 59 44 12 0 101 228 833 30 30 73 43 0 0 0 1 1218 0 32 56 0 0 0 0 0
1585331116.318325 3 0 1373 2457 2153 1.364357 0.237801 0.031361 0.004091 0.010363 1.010655 0.000000 0.600000 5.900000 4.400000 1.100000 0 0 0 0 0 2.700000 3.400000 7.700000 4.600000 0 0 0 0 0.000000 3.300000 5.700000 0.000000 0 0 0 0 1194 0 115 0 15 0 38 14 122 1196 5 93 9 153 8 105 0 0 1215 19 139 3 104 0 80 0 46 128 3 4 2 1 0 153 0 0 577 0 6 59 44 11 0 101 228 833 27 34 77 46 0 0 0 1 1218 0 33 57 0 0 0 0 0
1585331116.328297 3 0 1359 2465 2153 1.367084 0.232347 0.031361 0.005727 0.010363 1.012018 0.000000 0.600000 5.900000 4.400000 1.200000 0 0 0 0 0 2.900000 3.800000 8.200000 5.000000 0 0 0 0 0.000000 3.300000 5.900000 0.000000 0 0 0 0 1194 0 115 0 21 0 38 14 127 1196 5 79 9 161 8 105 0 0 1215 19 149 3 84 0 82 0 48 128 3 4 2 1 0 153 0 0 577 0 6 59 44 12 0 101 228 833 29 38 82 50 0 0 0 1 1218 0 33 59 0 0 0 0 0
1585331116.338325 3 0 1359 2465 2153 1.373901 0.232620 0.031361 0.004909 0.010363 1.011200 0.000000 0.600000 5.900000 4.400000 1.100000 0 0 0 0 0 2.700000 2.900000 8.100000 4.600000 0 0 0 0 0.000000 3.500000 6.100000 0.000000 0 0 0 0 1194 0 115 0 18 0 38 14 124 1196 5 79 9 161 8 105 0 0 1215 19 174 3 85 0 84 0 50 128 3 4 2 1 0 153 0 0 577 0 6 59 44 11 0 101 228 833 27 29 81 46 0 0 0 1 1218 0 35 61 0 0 0 0 0
1585331116.348329 3 0 1347 2474 2153 1.380719 0.233983 0.031361 0.005727 0.010363 1.012018 0.000000 0.600000 5.900000 4.400000 1.200000 0 0 0 0 0 3.100000 2.900000 7.500000 3.900000 0 0 0 0 0.000000 3.600000 6.100000 0.000000 0 0 0 0 1194 0 115 0 21 0 38 14 127 1196 5 67 9 170 8 105 0 0 1215 19 199 3 90 0 86 0 53 128 3 4 2 1 0 153 0 0 577 0 6 59 44 12 0 101 228 833 31 29 75 39 0 0 0 1 1218 0 36 61 0 0 0 0 0
1585331116.358318 3 0 1347 2474 2153 1.387537 0.232620 0.031361 0.005727 0.009545 1.012564 0.000000 0.600000 5.900000 4.400000 1.100000 0 0 0 0 0 2.800000 3.800000 7.300000 4.600000 0 0 0 0 0.000000 3.800000 6.200000 0.000000 0 0 0 0 1194 0 115 0 21 0 35 14 129 1196 5 67 9 170 8 105 0 0 1215 19 224 3 85 0 87 0 55 128 3 4 2 1 0 153 0 0 577 0 6 59 44 11 0 101 228 833 28 38 73 46 0 0 0 1 1218 0 38 62 0 0 0 0 0
1585331116.368325 3 0 1333 2487 2153 1.388900 0.227166 0.031361 0.004909 0.009545 1.012564 0.000000 0.600000 5.900000 4.400000 1.200000 0 0 0 0 0 2.500000 3.600000 7.700000 4.300000 0 0 0 0 0.000000 3.900000 6.400000 0.000000 0 0 0 0 1194 0 115 0 18 0 35 14 129 1196 5 53 9 183 8 105 0 0 1215 19 229 3 65 0 90 0 57 128 3 4 2 1 0 153 0 1 577 0 6 59 44 12 0 101 228 833 25 36 77 43 0 0 0 1 1218 0 39 64 0 0 0 0 0
1585331116.378349 3 0 1333 2487 2153 1.394354 0.227166 0.031361 0.004091 0.010363 1.013382 0.000000 0.600000 5.900000 4.400000 1.100000 0 0 0 0 0 2.500000 3.600000 7.400000 3.500000 0 0 0 0 0.000000 4.000000 6.500000 0.000000 0 0 0 0 1194 0 115 0 15 0 38 14 132 1196 5 53 9 183 8 105 0 0 1215 19 249 3 65 0 91 0 59 128 3 4 2 1 0 153 0 0 577 0 6 59 44 11 0 101 228 833 25 36 74 35 0 0 0 1 1218 0 40 65 0 0 0 0 0
1585331116.388390 3 0 1320 2500 2154 1.402536 0.229893 0.031361 0.004091 0.010363 1.012564 0.000000 0.600000 5.900000 4.400000 1.200000 0 0 0 0 0 2.500000 3.700000 7.700000 3.600000 0 0 0 0 0.000000 4.200000 6.600000 0.000000 0 0 0 0 1194 0 115 0 15 0 38 14 129 1196 5 40 9 196 8 106 0 0 1215 20 23 3 75 0 94 0 61 128 3 4 2 1 0 153 0 0 577 0 6 59 44 12 0 101 228 833 25 37 77 36 0 0 0 1 1218 0 42 66 0 0 0 0 0
1585331116.398298 3 0 1320 2500 2154 1.407990 0.228529 0.031361 0.004909 0.009545 1.012564 0.000000 0.600000 5.900000 4.400000 1.100000 0 0 0 0 0 3.200000 3.000000 7.800000 3.500000 0 0 0 0 0.000000 4.300000 6.800000 0.000000 0 0 0 0 1194 0 115 0 18 0 35 14 129 1196 5 40 9 196 8 106 0 0 1215 20 43 3 70 0 96 0 63 128 3 4 2 1 0 153 0 0 577 0 6 59 44 11 0 101 228 833 32 30 78 35 0 0 0 1 1218 0 43 68 0 0 0 0 0
1585331116.408357 3 0 1309 2513 2154 1.413444 0.227166 0.031361 0.005727 0.010363 1.012564 0.000000 0.600000 5.900000 4.400000 1.200000 0 0 0 0 0 2.900000 3.300000 6.800000 4.900000 0 0 0 0 0.000000 4.400000 6.900000 0.000000 0 0 0 0 1194 0 115 0 21 0 38 14 129 1196 5 29 9 209 8 106 0 0 1215 20 63 3 65 0 98 0 65 128 3 4 2 1 0 153 0 0 577 0 6 59 44 12 0 101 228 833 29 33 68 49 0 0 0 1 1218 0 44 69 0 0 0 0 0
1585331116.418458 3 0 1309 2513 2154 1.419989 0.226893 0.031361 0.004909 0.009545 1.012564 0.000000 0.600000 5.900000 4.400000 1.100000 0 0 0 0 0 2.500000 3.700000 6.400000 5.000000 0 0 0 0 0.000000 4.600000 7.100000 0.000000 0 0 0 0 1194 0 115 0 18 0 35 14 129 1196 5 29 9 209 8 106 0 0 1215 20 87 3 64 0 101 0 67 128 3 4 2 1 0 153 0 0 577 0 6 59 44 11 0 101 228 833 25 37 64 50 0 0 0 1 1218 0 46 71 0 0 0 0 0
1585331116.428443 3 0 1305 2519 2153 1.422716 0.224166 0.031361 0.005727 0.009545 1.012564 0.000000 0.600000 5.900000 4.400000 1.200000 0 0 0 0 0 2.600000 3.000000 6.700000 4.400000 0 0 0 0 0.000000 4.700000 7.300000 0.000000 0 0 0 0 1194 0 115 0 21 0 35 14 129 1196 5 25 9 215 8 105 0 0 1215 20 97 3 54 0 102 0 68 128 3 4 2 1 0 153 0 0 577 0 6 59 44 12 0 101 228 833 26 30 67 44 0 0 0 1 1218 0 47 73 0 0 0 0 0
1585331116.438352 3 0 1305 2519 2153 1.428170 0.222802 0.031361 0.005727 0.010363 1.012564 0.000000 0.600000 5.900000 4.400000 1.100000 0 0 0 0 0 2.900000 2.800000 6.800000 4.200000 0 0 0 0 0.000000 4.800000 7.400000 0.000000 0 0 0 0 1194 0 115 0 21 0 38 14 129 1196 5 25 9 215 8 105 0 0 1215 20 117 3 49 0 103 0 69 128 3 4 2 1 0 152 0 0 577 0 6 59 44 11 0 101 228 833 29 28 68 42 0 0 0 1 1218 0 48 74 0 0 0 0 0
1585331116.448356 3 0 1302 2526 2153 1.429534 0.220075 0.031361 0.004909 0.010363 1.012564 0.000000 0.600000 5.900000 4.400000 1.200000 0 0 0 0 0 2.700000 3.100000 7.600000 4.000000 0 0 0 0 0.000000 4.800000 7.400000 0.000000 0 0 0 0 1194 0 115 0 18 0 38 14 129 1196 5 22 9 222 8 105 0 0 1215 20 122 3 39 0 104 0 70 128 3 4 2 1 0 153 0 0 577 0 6 59 44 12 0 101 228 833 27 31 76 40 0 0 0 1 1218 0 48 74 0 0 0 0 0
1585331116.458369 3 0 1302 2526 2153 1.441806 0.226893 0.031361 0.004909 0.010363 1.012564 0.000000 0.600000 5.900000 4.400000 1.100000 0 0 0 0 0 2.700000 2.800000 7.500000 4.300000 0 0 0 0 0.000000 4.900000 7.500000 0.000000 0 0 0 0 1194 0 115 0 18 0 38 14 129 1196 5 22 9 222 8 105 0 0 1215 20 167 3 64 0 106 0 70 128 3 4 2 1 0 152 0 0 577 0 6 59 44 11 0 101 228 833 27 28 75 43 0 0 0 1 1218 0 49 75 0 0 0 0 0
1585331116.468375 3 0 1299 2532 2154 1.445896 0.223075 0.031361 0.004091 0.010363 1.012564 0.000000 0.600000 7.800000 4.700000 1.300000 0 0 0 0 0 2.600000 2.800000 6.800000 4.500000 0 0 0 0 0.000000 4.900000 7.600000 0.000000 0 0 0 0 1194 0 115 0 15 0 38 14 129 1196 5 19 9 228 8 106 0 0 1215 20 182 3 50 0 107 0 71 128 3 4 2 1 0 152 0 1 577 0 6 78 47 13 0 101 228 833 26 28 68 45 0 0 0 1 1218 0 49 76 0 0 0 0 0
1585331116.478320 3 0 1299 2532 2154 1.451350 0.223075 0.031361 0.005727 0.009545 1.012564 0.000000 0.600000 8.900000 4.800000 1.300000 0 0 0 0 0 2.500000 3.500000 7.600000 4.900000 0 0 0 0 0.000000 4.900000 7.700000 0.000000 0 0 0 0 1194 0 115 0 21 0 35 14 129 1196 5 19 9 228 8 106 0 0 1215 20 202 3 50 0 108 0 72 128 3 4 2 1 0 153 0 0 577 0 6 89 48 13 0 101 228 833 25 35 76 49 0 0 0 1 1218 0 49 77 0 0 0 0 0
1585331116.488358 3 0 1297 2539 2153 1.458168 0.221711 0.031361 0.005727 0.010363 1.012564 0.000000 0.600000 8.500000 4.800000 1.300000 0 0 0 0 0 2.400000 3.400000 7.200000 4.600000 0 0 0 0 0.000000 5.000000 7.700000 0.000000 0 0 0 0 1194 0 115 0 21 0 38 14 129 1196 5 17 9 235 8 105 0 0 1215 20 227 3 45 0 109 0 72 128 3 4 2 1 0 153 0 0 577 0 6 85 48 13 0 101 228 833 24 34 72 46 0 0 0 1 1218 0 50 77 0 0 0 0 0
1585331116.498398 3 0 1297 2539 2153 1.464986 0.221711 0.031361 0.004909 0.010363 1.012564 0.000000 0.600000 8.700000 4.800000 1.300000 0 0 0 0 0 2.600000 3.100000 7.300000 4.800000 0 0 0 0 0.000000 5.000000 7.800000 0.000000 0 0 0 0 1194 0 115 0 18 0 38 14 129 1196 5 17 9 235 8 105 0 0 1215 20 252 3 45 0 111 0 72 128 3 4 2 1 0 153 0 0 577 0 6 87 48 13 0 101 228 833 26 31 73 48 0 0 0 1 1218 0 50 78 0 0 0 0 0
1585331116.508341 3 0 1295 2545 2154 1.471803 0.223075 0.031361 0.004909 0.009545 1.012564 0.000000 0.600000 8.700000 4.800000 1.300000 0 0 0 0 0 3.100000 2.600000 7.300000 4.100000 0 0 0 0 0.000000 5.000000 7.900000 0.000000 0 0 0 0 1194 0 115 0 18 0 35 14 129 1196 5 15 9 241 8 106 0 0 1215 21 21 3 50 0 111 0 73 128 3 4 2 1 0 153 0 0 577 0 6 87 48 13 0 101 228 833 31 26 73 41 0 0 0 1 1218 0 50 79 0 0 0 0 0
1585331116.518395 3 0 1295 2545 2154 1.478621 0.224438 0.031361 0.004909 0.009545 1.012564 0.000000 0.600000 8.700000 4.800000 1.300000 0 0 0 0 0 3.200000 2.800000 7.000000 3.800000 0 0 0 0 0.000000 5.000000 8.000000 0.000000 0 0 0 0 1194 0 115 0 18 0 35 14 129 1196 5 15 9 241 8 106 0 0 1215 21 46 3 55 0 113 0 73 128 3 4 2 1 0 153 0 0 577 0 6 87 48 13 0 101 228 833 32 28 70 38 0 0 0 1 1218 0 50 80 0 0 0 0 0
1585331116.528382 3 0 1295 2550 2153 1.482712 0.220348 0.031361 0.005727 0.010363 1.012564 0.000000 0.600000 8.800000 4.800000 1.300000 0 0 0 0 0 3.100000 3.300000 7.400000 4.300000 0 0 0 0 0.000000 5.100000 8.100000 0.000000 0 0 0 0 1194 0 115 0 21 0 38 14 129 1196 5 15 9 246 8 105 0 0 1215 21 61 3 40 0 113 0 73 128 3 4 2 1 0 153 0 0 577 0 6 88 48 13 0 101 228 833 31 33 74 43 0 0 0 1 1218 0 51 81 0 0 0 0 0
1585331116.538373 3 0 1295 2550 2153 1.486802 0.218984 0.031361 0.004909 0.009545 1.012564 0.000000 0.600000 8.800000 4.800000 1.300000 0 0 0 0 0 2.200000 3.100000 7.300000 4.300000 0 0 0 0 0.000000 5.100000 8.100000 0.000000 0 0 0 0 1194 0 115 0 18 0 35 14 129 1196 5 15 9 246 8 105 0 0 1215 21 76 3 35 0 114 0 73 128 3 4 2 1 0 153 0 0 577 0 6 88 48 13 0 101 228 833 22 31 73 43 0 0 0 1 1218 0 51 81 0 0 0 0 0
1585331116.548470 3 0 1295 2554 2153 1.492257 0.218984 0.031361 0.004909 0.009545 1.012564 0.000000 0.600000 8.800000 4.800000 1.300000 0 0 0 0 0 2.700000 3.600000 7.300000 4.700000 0 0 0 0 0.000000 5.100000 8.200000 0.000000 0 0 0 0 1194 0 115 0 18 0 35 14 129 1196 5 15 9 250 8 105 0 0 1215 21 96 3 35 0 115 0 73 128 3 4 2 1 0 153 0 0 577 0 6 88 48 13 0 101 228 833 27 36 73 47 0 0 0 1 1218 0 51 82 0 0 0 0 0
1585331116.558380 3 0 1295 2554 2153 1.497711 0.220348 0.031361 0.006545 0.010363 1.012564 0.000000 0.600000 8.800000 4.800000 1.300000 0 0 0 0 0 3.300000 3.800000 7.700000 4.300000 0 0 0 0 0.000000 5.100000 8.200000 0.000000 0 0 0 0 1194 0 115 0 24 0 38 14 129 1196 5 15 9 250 8 105 0 0 1215 21 116 3 40 0 116 0 73 128 3 4 2 1 0 153 0 0 577 0 6 88 48 13 0 101 228 833 33 38 77 43 0 0 0 1 1218 0 51 82 0 0 0 0 0
1585331116.568663 3 0 1296 2556 2153 1.501529 0.220075 0.031361 0.004909 0.009545 1.012564 0.000000 0.600000 8.800000 4.800000 1.300000 0 0 0 0 0 2.800000 3.300000 7.300000 3.900000 0 0 0 0 0.000000 5.100000 8.300000 0.000000 0 0 0 0 1194 0 115 0 18 0 35 14 129 1196 5 16 9 252 8 105 0 0 1215 21 130 3 39 0 117 0 73 128 3 4 2 1 0 153 0 1 577 0 6 88 48 13 0 101 228 833 28 33 73 39 0 0 0 1 1218 0 51 83 0 0 0 0 0
1585331116.578426 3 0 1296 2556 2153 1.504256 0.220075 0.031361 0.005727 0.009545 1.012564 0.000000 0.600000 8.900000 4.800000 1.300000 0 0 0 0 0 2.500000 2.900000 6.900000 3.900000 0 0 0 0 0.000000 5.100000 8.300000 0.000000 0 0 0 0 1194 0 115 0 21 0 35 14 129 1196 5 16 9 252 8 105 0 0 1215 21 140 3 39 0 117 0 73 128 3 4 2 1 0 153 0 0 577 0 6 89 48 13 0 101 228 833 25 29 69 39 0 0 0 1 1218 0 51 83 0 0 0 0 0
1585331116.588462 3 0 1298 2557 2153 1.508346 0.220075 0.031361 0.004909 0.010363 1.012018 0.000000 0.600000 8.900000 4.800000 1.300000 0 0 0 0 0 2.300000 2.800000 7.600000 4.000000 0 0 0 0 0.000000 5.100000 8.400000 0.000000 0 0 0 0 1194 0 115 0 18 0 38 14 127 1196 5 18 9 253 8 105 0 0 1215 21 155 3 39 0 118 0 73 128 3 4 2 1 0 153 0 0 577 0 6 89 48 13 0 101 228 833 23 28 76 40 0 0 0 1 1218 0 51 84 0 0 0 0 0
1585331116.598403 3 0 1298 2557 2153 1.509710 0.218712 0.031361 0.005727 0.009545 1.012564 0.000000 0.600000 8.900000 4.800000 1.300000 0 0 0 0 0 2.400000 2.900000 8.000000 4.100000 0 0 0 0 0.000000 5.100000 8.400000 0.000000 0 0 0 0 1194 0 115 0 21 0 35 14 129 1196 5 18 9 253 8 105 0 0 1215 21 160 3 34 0 118 0 72 128 3 4 2 1 0 153 0 0 577 0 6 89 48 13 0 101 228 833 24 29 80 41 0 0 0 1 1218 0 51 84 0 0 0 0 0
1585331116.608425 3 0 1300 2556 2153 1.511073 0.218712 0.031361 0.004909 0.010363 1.012564 0.000000 0.600000 8.900000 4.800000 1.300000 0 0 0 0 0 2.400000 2.500000 7.500000 4.400000 0 0 0 0 0.000000 5.000000 8.400000 0.000000 0 0 0 0 1194 0 115 0 18 0 38 14 129 1196 5 20 9 252 8 105 0 0 1215 21 165 3 34 0 118 0 72 128 3 4 2 1 0 153 0 0 577 0 6 89 48 13 0 101 228 833 24 25 75 44 0 0 0 1 1218 0 50 84 0 0 0 0 0
1585331116.618395 3 0 1300 2556 2153 1.511073 0.217348 0.031361 0.005727 0.010363 1.012564 0.000000 0.600000 8.900000 4.800000 1.300000 0 0 0 0 0 2.400000 2.400000 7.000000 4.600000 0 0 0 0 0.000000 5.000000 8.400000 0.000000 0 0 0 0 1194 0 115 0 21 0 38 14 129 1196 5 20 9 252 8 105 0 0 1215 21 165 3 29 0 118 0 72 128 3 4 2 1 0 153 0 0 577 0 6 89 48 13 0 101 228 833 24 24 70 46 0 0 0 1 1218 0 50 84 0 0 0 0 0
1585331116.628433 3 0 1301 2554 2154 1.511073 0.218712 0.031361 0.005727 0.010363 1.012564 0.000000 0.600000 8.900000 4.800000 1.300000 0 0 0 0 0 2.400000 2.800000 6.700000 4.900000 0 0 0 0 0.000000 5.000000 8.400000 0.000000 0 0 0 0 1194 0 115 0 21 0 38 14 129 1196 5 21 9 250 8 106 0 0 1215 21 165 3 34 0 118 0 72 128 3 4 2 1 0 153 0 0 577 0 6 89 48 13 0 101 228 833 24 28 67 49 0 0 0 1 1218 0 50 84 0 0 0 0 0
1585331116.638449 3 0 1301 2554 2154 1.511073 0.218712 0.031361 0.004909 0.010363 1.012564 0.000000 0.600000 8.900000 4.800000 1.300000 0 0 0 0 0 2.800000 3.000000 6.800000 4.900000 0 0 0 0 0.000000 5.000000 8.400000 0.000000 0 0 0 0 1194 0 115 0 18 0 38 14 129 1196 5 21 9 250 8 106 0 0 1215 21 165 3 34 0 117 0 71 128 3 4 2 1 0 153 0 0 577 0 6 89 48 13 0 101 228 833 28 30 68 49 0 0 0 1 1218 0 50 84 0 0 0 0 0
1585331116.648501 3 0 1303 2554 2153 1.511073 0.218712 0.031361 0.005727 0.009545 1.012564 0.000000 0.600000 8.900000 4.800000 1.300000 0 0 0 0 0 2.800000 2.900000 7.300000 4.300000 0 0 0 0 0.000000 4.900000 8.400000 0.000000 0 0 0 0 1194 0 115 0 21 0 35 14 129 1196 5 23 9 250 8 105 0 0 1215 21 165 3 34 0 117 0 71 128 3 4 2 1 0 153 0 0 577 0 6 89 48 13 0 101 228 833 28 29 73 43 0 0 0 1 1218 0 49 84 0 0 0 0 0
1585331116.658451 3 0 1303 2554 2153 1.511073 0.218712 0.031361 0.004909 0.009545 1.013382 0.000000 0.600000 8.800000 4.800000 1.300000 0 0 0 0 0 2.600000 2.900000 7.400000 3.800000 0 0 0 0 0.000000 4.900000 8.300000 0.000000 0 0 0 0 1194 0 115 0 18 0 35 14 132 1196 5 23 9 250 8 105 0 0 1215 21 165 3 34 0 117 0 71 128 3 4 2 1 0 153 0 0 577 0 6 88 48 13 0 101 228 833 26 29 74 38 0 0 0 1 1218 0 49 83 0 0 0 0 0
1585331116.668418 3 0 1305 2552 2153 1.512437 0.220075 0.031361 0.005727 0.009545 1.012564 0.000000 0.600000 8.800000 4.800000 1.300000 0 0 0 0 0 2.900000 3.100000 7.300000 3.500000 0 0 0 0 0.000000 4.900000 8.300000 0.000000 0 0 0 0 1194 0 115 0 21 0 35 14 129 1196 5 25 9 248 8 105 0 0 1215 21 170 3 39 0 117 0 71 128 3 4 2 1 0 153 0 1 577 0 6 88 48 13 0 101 228 833 29 31 73 35 0 0 0 1 1218 0 49 83 0 0 0 0 0
1585331116.678438 3 0 1305 2552 2153 1.512437 0.220075 0.031361 0.005727 0.010363 1.012018 0.000000 0.600000 8.800000 4.800000 1.300000 0 0 0 0 0 3.000000 3.200000 6.700000 4.400000 0 0 0 0 0.000000 4.900000 8.300000 0.000000 0 0 0 0 1194 0 115 0 21 0 38 14 127 1196 5 25 9 248 8 105 0 0 1215 21 170 3 39 0 117 0 70 128 3 4 2 1 0 153 0 0 577 0 6 88 48 13 0 101 228 833 30 32 67 44 0 0 0 1 1218 0 49 83 0 0 0 0 0
1585331116.688464 3 0 1306 2551 2153 1.511073 0.218712 0.031361 0.005727 0.010363 1.012564 0.000000 0.600000 8.800000 4.800000 1.300000 0 0 0 0 0 3.100000 2.900000 6.700000 4.500000 0 0 0 0 0.000000 4.900000 8.400000 0.000000 0 0 0 0 1194 0 115 0 21 0 38 14 129 1196 5 26 9 247 8 105 0 0 1215 21 165 3 34 0 116 0 70 128 3 4 2 1 0 153 0 0 577 0 6 88 48 13 0 101 228 833 31 29 67 45 0 0 0 1 1218 0 49 84 0 0 0 0 0
1585331116.698461 3 0 1306 2551 2153 1.511073 0.218712 0.031361 0.004909 0.009545 1.012564 0.000000 0.600000 8.800000 4.800000 1.300000 0 0 0 0 0 3.300000 2.700000 7.300000 4.700000 0 0 0 0 0.000000 4.900000 8.300000 0.000000 0 0 0 0 1194 0 115 0 18 0 35 14 129 1196 5 26 9 247 8 105 0 0 1215 21 165 3 34 0 116 0 70 128 3 4 2 1 0 153 0 0 577 0 6 88 48 13 0 101 228 833 33 27 73 47 0 0 0 1 1218 0 49 83 0 0 0 0 0
1585331116.708476 3 0 1307 2550 2153 1.511073 0.218712 0.031361 0.005727 0.010363 1.012564 0.000000 0.600000 8.800000 4.800000 1.300000 0 0 0 0 0 3.200000 3.000000 6.800000 4.800000 0 0 0 0 0.000000 4.800000 8.300000 0.000000 0 0 0 0 1194 0 115 0 21 0 38 14 129 1196 5 27 9 246 8 105 0 0 1215 21 165 3 34 0 116 0 70 128 3 4 2 1 0 153 0 0 577 0 6 88 48 13 0 101 228 833 32 30 68 48 0 0 0 1 1218 0 48 83 0 0 0 0 0
1585331116.718470 3 0 1307 2550 2153 1.512437 0.220075 0.031361 0.004909 0.009545 1.012564 0.000000 0.600000 8.800000 4.800000 1.300000 0 0 0 0 0 3.200000 3.200000 6.700000 4.400000 0 0 0 0 0.000000 4.800000 8.300000 0.000000 0 0 0 0 1194 0 115 0 18 0 35 14 129 1196 5 27 9 246 8 105 0 0 1215 21 170 3 39 0 115 0 70 128 3 4 2 1 0 153 0 0 577 0 6 88 48 13 0 101 228 833 32 32 67 44 0 0 0 1 1218 0 48 83 0 0 0 0 0
1585331116.728420 3 0 1308 2550 2153 1.512437 0.220075 0.031361 0.006545 0.010363 1.012564 0.000000 0.600000 8.800000 4.800000 1.300000 0 0 0 0 0 3.100000 3.200000 7.200000 4.300000 0 0 0 0 0.000000 4.800000 8.300000 0.000000 0 0 0 0 1194 0 115 0 24 0 38 14 129 1196 5 28 9 246 8 105 0 0 1215 21 170 3 39 0 115 0 70 128 3 4 2 1 0 153 0 0 577 0 6 88 48 13 0 101 228 833 31 32 72 43 0 0 0 1 1218 0 48 83 0 0 0 0 0
1585331116.738512 3 0 1308 2550 2153 1.511073 0.218712 0.031361 0.005727 0.010363 1.012564 0.000000 0.600000 8.800000 4.800000 1.300000 0 0 0 0 0 2.700000 2.600000 7.300000 4.500000 0 0 0 0 0.000000 4.800000 8.200000 0.000000 0 0 0 0 1194 0 115 0 21 0 38 14 129 1196 5 28 9 246 8 105 0 0 1215 21 165 3 34 0 115 0 69 128 3 4 2 1 0 153 0 0 577 0 6 88 48 13 0 101 228 833 27 26 73 45 0 0 0 1 1218 0 48 82 0 0 0 0 0
1585331116.747577 3 0 1309 2549 2153 1.512437 0.218712 0.031361 0.004909 0.009545 1.012564 0.000000 0.600000 8.800000 4.800000 1.300000 0 0 0 0 0 2.400000 3.200000 7.800000 4.400000 0 0 0 0 0.000000 4.800000 8.200000 0.000000 0 0 0 0 1194 0 115 0 18 0 35 14 129 1196 5 29 9 245 8 105 0 0 1215 21 170 3 34 0 115 0 69 128 3 4 2 1 0 153 0 0 577 0 6 88 48 13 0 101 228 833 24 32 78 44 0 0 0 1 1218 0 48 82 0 0 0 0 0
1585331116.758445 3 0 1309 2549 2153 1.512437 0.220075 0.031361 0.004909 0.010363 1.012564 0.000000 0.600000 8.800000 4.800000 1.300000 0 0 0 0 0 2.700000 3.700000 8.000000 4.100000 0 0 0 0 0.000000 4.800000 8.200000 0.000000 0 0 0 0 1194 0 115 0 18 0 38 14 129 1196 5 29 9 245 8 105 0 0 1215 21 170 3 39 0 115 0 69 128 3 4 2 1 0 153 0 0 577 0 6 88 48 13 0 101 228 833 27 37 80 41 0 0 0 1 1218 0 48 82 0 0 0 0 0
1585331116.768446 3 0 1309 2548 2153 1.511073 0.218712 0.031361 0.004909 0.010363 1.012564 0.000000 0.600000 8.800000 4.800000 1.300000 0 0 0 0 0 2.500000 2.900000 8.000000 4.000000 0 0 0 0 0.000000 4.800000 8.200000 0.000000 0 0 0 0 1194 0 115 0 18 0 38 14 129 1196 5 29 9 244 8 105 0 0 1215 21 165 3 34 0 115 0 69 128 3 4 2 1 0 153 0 1 577 0 6 88 48 13 0 101 228 833 25 29 80 40 0 0 0 1 1218 0 48 82 0 0 0 0 0
1585331116.778495 3 0 1309 2548 2153 1.512437 0.218712 0.031361 0.005727 0.010363 1.012564 0.000000 0.600000 8.800000 4.800000 1.300000 0 0 0 0 0 2.200000 2.800000 7.700000 4.100000 0 0 0 0 0.000000 4.800000 8.200000 0.000000 0 0 0 0 1194 0 115 0 21 0 38 14 129 1196 5 29 9 244 8 105 0 0 1215 21 170 3 34 0 115 0 69 128 3 4 2 1 0 153 0 0 577 0 6 88 48 13 0 101 228 833 22 28 77 41 0 0 0 1 1218 0 48 82 0 0 0 0 0
1585331116.788448 3 0 1310 2548 2155 1.511073 0.217348 0.031361 0.004909 0.010363 1.012564 0.000000 0.600000 8.800000 4.800000 1.300000 0 0 0 0 0 2.800000 3.200000 7.100000 4.300000 0 0 0 0 0.000000 4.800000 8.200000 0.000000 0 0 0 0 1194 0 115 0 18 0 38 14 129 1196 5 30 9 244 8 107 0 0 1215 21 165 3 29 0 115 0 69 128 3 4 2 1 0 153 0 0 577 0 6 88 48 13 0 101 228 833 28 32 71 43 0 0 0 1 1218 0 48 82 0 0 0 0 0
1585331116.798502 3 0 1310 2548 2155 1.512437 0.220075 0.031361 0.004909 0.009545 1.012564 0.000000 0.600000 8.800000 4.800000 1.300000 0 0 0 0 0 2.500000 2.900000 6.800000 4.600000 0 0 0 0 0.000000 4.800000 8.200000 0.000000 0 0 0 0 1194 0 115 0 18 0 35 14 129 1196 5 30 9 244 8 107 0 0 1215 21 170 3 39 0 114 0 68 128 3 4 2 1 0 153 0 0 577 0 6 88 48 13 0 101 228 833 25 29 68 46 0 0 0 1 1218 0 48 82 0 0 0 0 0
1585331116.808517 3 0 1311 2547 2153 1.512437 0.220075 0.031361 0.004909 0.010363 1.012564 0.000000 0.600000 8.800000 4.800000 1.300000 0 0 0 0 0 2.300000 2.900000 7.300000 5.300000 0 0 0 0 0.000000 4.800000 8.200000 0.000000 0 0 0 0 1194 0 115 0 18 0 38 14 129 1196 5 31 9 243 8 105 0 0 1215 21 170 3 39 0 114 0 68 128 3 4 2 1 0 153 0 0 577 0 6 88 48 13 0 101 228 833 23 29 73 53 0 0 0 1 1218 0 48 82 0 0 0 0 0
1585331116.818482 3 0 1311 2547 2153 1.511073 0.217348 0.031361 0.004909 0.009545 1.012018 0.000000 0.600000 8.800000 4.800000 1.300000 0 0 0 0 0 2.800000 3.500000 7.600000 3.800000 0 0 0 0 0.000000 4.800000 8.200000 0.000000 0 0 0 0 1194 0 115 0 18 0 35 14 127 1196 5 31 9 243 8 105 0 0 1215 21 165 3 29 0 114 0 68 128 3 4 2 1 0 153 0 0 577 0 6 88 48 13 0 101 228 833 28 35 76 38 0 0 0 1 1218 0 48 82 0 0 0 0 0
1585331116.828519 3 0 1311 2545 2153 1.512437 0.220075 0.031361 0.004909 0.010363 1.013382 0.000000 0.600000 8.800000 4.800000 1.300000 0 0 0 0 0 2.800000 2.600000 7.600000 4.100000 0 0 0 0 0.000000 4.800000 8.200000 0.000000 0 0 0 0 1194 0 115 0 18 0 38 14 132 1196 5 31 9 241 8 105 0 0 1215 21 170 3 39 0 114 0 68 128 3 4 2 1 0 153 0 0 577 0 6 88 48 13 0 101 228 833 28 26 76 41 0 0 0 1 1218 0 48 82 0 0 0 0 0
1585331116.838487 3 0 1311 2545 2153 1.512437 0.217348 0.031361 0.004909 0.009545 1.012564 0.000000 0.600000 8.800000 4.800000 1.300000 0 0 0 0 0 2.500000 2.400000 7.500000 4.700000 0 0 0 0 0.000000 4.700000 8.200000 0.000000 0 0 0 0 1194 0 115 0 18 0 35 14 129 1196 5 31 9 241 8 105 0 0 1215 21 170 3 29 0 114 0 68 128 3 4 2 1 0 153 0 0 577 0 6 88 48 13 0 101 228 833 25 24 75 47 0 0 0 1 1218 0 47 82 0 0 0 0 0
1585331116.848521 3 0 1312 2546 2153 1.513800 0.220075 0.031361 0.005727 0.010363 1.012564 0.000000 0.600000 8.800000 4.800000 1.300000 0 0 0 0 0 2.900000 3.200000 7.100000 3.900000 0 0 0 0 0.000000 4.700000 8.200000 0.000000 0 0 0 0 1194 0 115 0 21 0 38 14 129 1196 5 32 9 242 8 105 0 0 1215 21 175 3 39 0 114 0 68 128 3 4 2 1 0 153 0 0 577 0 6 88 48 13 0 101 228 833 29 32 71 39 0 0 0 1 1218 0 47 82 0 0 0 0 0
1585331116.858514 3 0 1312 2546 2153 1.512437 0.218712 0.031361 0.005727 0.009545 1.013382 0.000000 0.600000 8.800000 4.800000 1.300000 0 0 0 0 0 2.600000 3.400000 7.100000 3.500000 0 0 0 0 0.000000 4.700000 8.100000 0.000000 0 0 0 0 1194 0 115 0 21 0 35 14 132 1196 5 32 9 242 8 105 0 0 1215 21 170 3 34 0 114 0 68 128 3 4 2 1 0 153 0 0 577 0 6 88 48 13 0 101 228 833 26 34 71 35 0 0 0 1 1218 0 47 81 0 0 0 0 0
1585331116.868486 3 0 1312 2545 2153 1.512437 0.220075 0.031361 0.004909 0.010363 1.012564 0.000000 0.600000 8.800000 4.800000 1.300000 0 0 0 0 0 2.100000 2.700000 7.700000 4.400000 0 0 0 0 0.000000 4.700000 8.200000 0.000000 0 0 0 0 1194 0 115 0 18 0 38 14 129 1196 5 32 9 241 8 105 0 0 1215 21 170 3 39 0 114 0 68 128 3 4 2 1 0 153 0 1 577 0 6 88 48 13 0 101 228 833 21 27 77 44 0 0 0 1 1218 0 47 82 0 0 0 0 0
1585331116.878503 3 0 1312 2545 2153 1.511073 0.218712 0.031361 0.004909 0.010363 1.012564 0.000000 0.600000 8.700000 4.800000 1.300000 0 0 0 0 0 2.300000 2.500000 7.400000 4.400000 0 0 0 0 0.000000 4.700000 8.100000 0.000000 0 0 0 0 1194 0 115 0 18 0 38 14 129 1196 5 32 9 241 8 105 0 0 1215 21 165 3 34 0 114 0 68 128 3 4 2 1 0 153 0 0 577 0 6 87 48 13 0 101 228 833 23 25 74 44 0 0 0 1 1218 0 47 81 0 0 0 0 0
1585331116.888497 3 0 1313 2546 2153 1.511073 0.217348 0.031361 0.005727 0.010363 1.012564 0.000000 0.600000 8.700000 4.800000 1.300000 0 0 0 0 0 2.300000 2.600000 7.100000 3.800000 0 0 0 0 0.000000 4.700000 8.100000 0.000000 0 0 0 0 1194 0 115 0 21 0 38 14 129 1196 5 33 9 242 8 105 0 0 1215 21 165 3 29 0 114 0 68 128 3 4 2 1 0 153 0 0 577 0 6 87 48 13 0 101 228 833 23 26 71 38 0 0 0 1 1218 0 47 81 0 0 0 0 0
1585331116.898499 3 0 1313 2546 2153 1.512437 0.218712 0.031361 0.004909 0.010363 1.012564 0.000000 0.600000 8.700000 4.800000 1.300000 0 0 0 0 0 2.700000 3.200000 7.800000 4.600000 0 0 0 0 0.000000 4.700000 8.100000 0.000000 0 0 0 0 1194 0 115 0 18 0 38 14 129 1196 5 33 9 242 8 105 0 0 1215 21 170 3 34 0 114 0 67 128 3 4 2 1 0 153 0 0 577 0 6 87 48 13 0 101 228 833 27 32 78 46 0 0 0 1 1218 0 47 81 0 0 0 0 0
1585331116.908556 3 0 1313 2545 2153 1.511073 0.218712 0.031361 0.004909 0.010363 1.012564 0.000000 0.600000 8.700000 4.800000 1.300000 0 0 0 0 0 2.700000 3.500000 7.800000 4.300000 0 0 0 0 0.000000 4.700000 8.100000 0.000000 0 0 0 0 1194 0 115 0 18 0 38 14 129 1196 5 33 9 241 8 105 0 0 1215 21 165 3 34 0 114 0 68 128 3 4 2 1 0 153 0 0 577 0 6 87 48 13 0 101 228 833 27 35 78 43 0 0 0 1 1218 0 47 81 0 0 0 0 0
1585331116.918483 3 0 1313 2545 2153 1.511073 0.218712 0.031361 0.004909 0.010363 1.012018 0.000000 0.600000 8.700000 4.800000 1.300000 0 0 0 0 0 3.100000 3.200000 7.300000 3.900000 0 0 0 0 0.000000 4.700000 8.100000 0.000000 0 0 0 0 1194 0 115 0 18 0 38 14 127 1196 5 33 9 241 8 105 0 0 1215 21 165 3 34 0 114 0 67 128 3 4 2 1 0 153 0 0 577 0 6 87 48 13 0 101 228 833 31 32 73 39 0 0 0 1 1218 0 47 81 0 0 0 0 0
1585331116.928547 3 0 1314 2544 2153 1.511073 0.218712 0.031361 0.004909 0.009545 1.013382 0.000000 0.600000 8.700000 4.800000 1.300000 0 0 0 0 0 3.100000 3.200000 6.600000 4.400000 0 0 0 0 0.000000 4.700000 8.100000 0.000000 0 0 0 0 1194 0 115 0 18 0 35 14 132 1196 5 34 9 240 8 105 0 0 1215 21 165 3 34 0 114 0 67 128 3 4 2 1 0 153 0 0 577 0 6 87 48 13 0 101 228 833 31 32 66 44 0 0 0 1 1218 0 47 81 0 0 0 0 0
1585331116.938507 3 0 1314 2544 2153 1.512437 0.220075 0.031361 0.004909 0.009545 1.012564 0.000000 0.600000 8.700000 4.800000 1.300000 0 0 0 0 0 2.900000 2.900000 7.400000 4.000000 0 0 0 0 0.000000 4.700000 8.100000 0.000000 0 0 0 0 1194 0 115 0 18 0 35 14 129 1196 5 34 9 240 8 105 0 0 1215 21 170 3 39 0 114 0 67 128 3 4 2 1 0 153 0 0 577 0 6 87 48 13 0 101 228 833 29 29 74 40 0 0 0 1 1218 0 47 81 0 0 0 0 0
1585331116.948529 3 0 1313 2545 2153 1.512437 0.218712 0.031361 0.006545 0.009545 1.012564 0.000000 0.600000 8.700000 4.800000 1.300000 0 0 0 0 0 2.400000 3.200000 8.200000 4.300000 0 0 0 0 0.000000 4.700000 8.100000 0.000000 0 0 0 0 1194 0 115 0 24 0 35 14 129 1196 5 33 9 241 8 105 0 0 1215 21 170 3 34 0 114 0 67 128 3 4 2 1 0 153 0 0 577 0 6 87 48 13 0 101 228 833 24 32 82 43 0 0 0 1 1218 0 47 81 0 0 0 0 0
1585331116.958520 3 0 1313 2545 2153 1.512437 0.218712 0.031361 0.004909 0.010363 1.012564 0.000000 0.600000 8.700000 4.800000 1.300000 0 0 0 0 0 2.800000 3.000000 7.500000 4.000000 0 0 0 0 0.000000 4.700000 8.100000 0.000000 0 0 0 0 1194 0 115 0 18 0 38 14 129 1196 5 33 9 241 8 105 0 0 1215 21 170 3 34 0 113 0 67 128 3 4 2 1 0 153 0 0 577 0 6 87 48 13 0 101 228 833 28 30 75 40 0 0 0 1 1218 0 47 81 0 0 0 0 0
1585331116.968528 3 0 1314 2545 2152 1.512437 0.220075 0.031361 0.004909 0.009545 1.012564 0.000000 0.600000 8.700000 4.800000 1.300000 0 0 0 0 0 3.300000 3.100000 7.000000 3.700000 0 0 0 0 0.000000 4.700000 8.100000 0.000000 0 0 0 0 1194 0 115 0 18 0 35 14 129 1196 5 34 9 241 8 104 0 0 1215 21 170 3 39 0 113 0 67 128 3 4 2 1 0 153 0 1 577 0 6 87 48 13 0 101 228 833 33 31 70 37 0 0 0 1 1218 0 47 81 0 0 0 0 0
1585331116.978527 3 0 1314 2545 2152 1.511073 0.217348 0.031361 0.004909 0.010363 1.013927 0.000000 0.600000 8.700000 4.800000 1.300000 0 0 0 0 0 2.600000 3.400000 7.300000 4.400000 0 0 0 0 0.000000 4.700000 8.100000 0.000000 0 0 0 0 1194 0 115 0 18 0 38 14 134 1196 5 34 9 241 8 104 0 0 1215 21 165 3 29 0 113 0 67 128 3 4 2 1 0 153 0 0 577 0 6 87 48 13 0 101 228 833 26 34 73 44 0 0 0 1 1218 0 47 81 0 0 0 0 0
1585331116.988548 3 0 1315 2544 2153 1.512437 0.218712 0.031361 0.005727 0.010363 1.013382 0.000000 0.600000 8.700000 4.800000 1.300000 0 0 0 0 0 2.600000 2.900000 6.800000 4.100000 0 0 0 0 0.000000 4.700000 8.100000 0.000000 0 0 0 0 1194 0 115 0 21 0 38 14 132 1196 5 35 9 240 8 105 0 0 1215 21 170 3 34 0 113 0 67 128 3 4 2 1 0 153 0 0 577 0 6 87 48 13 0 101 228 833 26 29 68 41 0 0 0 1 1218 0 47 81 0 0 0 0 0
1585331116.998564 3 0 1315 2544 2153 1.512437 0.218712 0.031361 0.004909 0.010363 1.012564 0.000000 0.600000 8.700000 4.800000 1.300000 0 0 0 0 0 2.900000 2.900000 6.400000 4.900000 0 0 0 0 0.000000 4.700000 8.100000 0.000000 0 0 0 0 1194 0 115 0 18 0 38 14 129 1196 5 35 9 240 8 105 0 0 1215 21 170 3 34 0 113 0 67 128 3 4 2 1 0 153 0 0 577 0 6 87 48 13 0 101 228 833 29 29 64 49 0 0 0 1 1218 0 47 81 0 0 0 0 0
1585331117.008555 3 0 1314 2544 2154 1.512437 0.220075 0.031361 0.005727 0.009545 1.012564 0.000000 0.600000 8.700000 4.800000 1.300000 0 0 0 0 0 3.000000 3.400000 7.000000 4.200000 0 0 0 0 0.000000 4.700000 8.100000 0.000000 0 0 0 0 1194 0 115 0 21 0 35 14 129 1196 5 34 9 240 8 106 0 0 1215 21 170 3 39 0 113 0 67 128 3 4 2 1 0 153 0 0 577 0 6 87 48 13 0 101 228 833 30 34 70 42 0 0 0 1 1218 0 47 81 0 0 0 0 0
1585331117.018516 3 0 1314 2544 2154 1.511073 0.217348 0.031361 0.005727 0.010363 1.012564 0.000000 0.600000 8.700000 4.800000 1.300000 0 0 0 0 0 2.600000 3.000000 7.900000 4.200000 0 0 0 0 0.000000 4.700000 8.100000 0.000000 0 0 0 0 1194 0 115 0 21 0 38 14 129 1196 5 34 9 240 8 106 0 0 1215 21 165 3 29 0 113 0 67 128 3 4 2 1 0 153 0 0 577 0 6 87 48 13 0 101 228 833 26 30 79 42 0 0 0 1 1218 0 47 81 0 0 0 0 0
1585331117.028549 3 0 1315 2544 2154 1.512437 0.218712 0.031361 0.005727 0.010363 1.012564 0.000000 0.600000 8.700000 4.800000 1.200000 0 0 0 0 0 2.300000 2.800000 7.900000 4.300000 0 0 0 0 0.000000 4.700000 8.100000 0.000000 0 0 0 0 1194 0 115 0 21 0 38 14 129 1196 5 35 9 240 8 106 0 0 1215 21 170 3 34 0 113 0 67 128 3 4 2 1 0 153 0 0 577 0 6 87 48 12 0 101 228 833 23 28 79 43 0 0 0 1 1218 0 47 81 0 0 0 0 0
1585331117.038554 3 0 1315 2544 2154 1.511073 0.217348 0.031361 0.005727 0.009545 1.012564 0.000000 0.600000 8.700000 4.800000 1.300000 0 0 0 0 0 2.800000 2.900000 7.500000 3.300000 0 0 0 0 0.000000 4.700000 8.100000 0.000000 0 0 0 0 1194 0 115 0 21 0 35 14 129 1196 5 35 9 240 8 106 0 0 1215 21 165 3 29 0 113 0 67 128 3 4 2 1 0 153 0 0 577 0 6 87 48 13 0 101 228 833 28 29 75 33 0 0 0 1 1218 0 47 81 0 0 0 0 0
1585331117.048544 3 0 1316 2544 2153 1.512437 0.218712 0.031361 0.004909 0.010363 1.012564 0.000000 0.600000 8.700000 4.800000 1.200000 0 0 0 0 0 3.000000 2.700000 7.000000 4.700000 0 0 0 0 0.000000 4.600000 8.100000 0.000000 0 0 0 0 1194 0 115 0 18 0 38 14 129 1196 5 36 9 240 8 105 0 0 1215 21 170 3 34 0 113 0 67 128 3 4 2 1 0 153 0 0 577 0 6 87 48 12 0 101 228 833 30 27 70 47 0 0 0 1 1218 0 46 81 0 0 0 0 0
1585331117.058605 3 0 1316 2544 2153 1.512437 0.220075 0.031361 0.004091 0.009545 1.012564 0.000000 0.600000 8.700000 4.800000 1.300000 0 0 0 0 0 3.200000 3.300000 7.300000 4.800000 0 0 0 0 0.000000 4.700000 8.100000 0.000000 0 0 0 0 1194 0 115 0 15 0 35 14 129 1196 5 36 9 240 8 105 0 0 1215 21 170 3 39 0 113 0 66 128 3 4 2 1 0 153 0 0 577 0 6 87 48 13 0 101 228 833 32 33 73 48 0 0 0 1 1218 0 47 81 0 0 0 0 0
1585331117.068565 3 0 1316 2544 2153 1.511073 0.217348 0.031361 0.004909 0.010363 1.012564 0.000000 0.600000 8.700000 4.800000 1.200000 0 0 0 0 0 3.300000 3.300000 7.000000 4.300000 0 0 0 0 0.000000 4.700000 8.100000 0.000000 0 0 0 0 1194 0 115 0 18 0 38 14 129 1196 5 36 9 240 8 105 0 0 1215 21 165 3 29 0 113 0 66 128 3 4 2 1 0 153 0 1 577 0 6 87 48 12 0 101 228 833 33 33 70 43 0 0 0 1 1218 0 47 81 0 0 0 0 0
1585331117.078615 3 0 1316 2544 2153 1.511073 0.217348 0.031361 0.004909 0.010363 1.012564 0.000000 0.600000 8.700000 4.800000 1.300000 0 0 0 0 0 2.500000 3.000000 6.600000 4.200000 0 0 0 0 0.000000 4.600000 8.100000 0.000000 0 0 0 0 1194 0 115 0 18 0 38 14 129 1196 5 36 9 240 8 105 0 0 1215 21 165 3 29 0 113 0 66 128 3 4 2 1 0 153 0 0 577 0 6 87 48 13 0 101 228 833 25 30 66 42 0 0 0 1 1218 0 46 81 0 0 0 0 0
1585331117.088574 3 0 1316 2544 2153 1.512437 0.220075 0.031361 0.005727 0.009545 1.012564 0.000000 0.600000 8.700000 4.800000 1.200000 0 0 0 0 0 2.100000 3.700000 7.400000 3.900000 0 0 0 0 0.000000 4.600000 8.100000 0.000000 0 0 0 0 1194 0 115 0 21 0 35 14 129 1196 5 36 9 240 8 105 0 0 1215 21 170 3 39 0 113 0 66 128 3 4 2 1 0 153 0 0 577 0 6 87 48 12 0 101 228 833 21 37 74 39 0 0 0 1 1218 0 46 81 0 0 0 0 0
1585331117.098608 3 0 1316 2544 2153 1.512437 0.220075 0.031361 0.005727 0.010363 1.012564 0.000000 0.600000 8.600000 4.800000 1.300000 0 0 0 0 0 2.400000 3.300000 6.800000 4.100000 0 0 0 0 0.000000 4.600000 8.100000 0.000000 0 0 0 0 1194 0 115 0 21 0 38 14 129 1196 5 36 9 240 8 105 0 0 1215 21 170 3 39 0 113 0 66 128 3 4 2 1 0 153 0 0 577 0 6 86 48 13 0 101 228 833 24 33 68 41 0 0 0 1 1218 0 46 81 0 0 0 0 0
1585331117.108608 3 0 1317 2543 2154 1.509710 0.217348 0.031361 0.004909 0.010363 1.012564 0.000000 0.600000 8.600000 4.800000 1.200000 0 0 0 0 0 2.400000 3.100000 7.600000 3.800000 0 0 0 0 0.000000 4.600000 8.100000 0.000000 0 0 0 0 1194 0 115 0 18 0 38 14 129 1196 5 37 9 239 8 106 0 0 1215 21 160 3 29 0 113 0 66 128 3 4 2 1 0 153 0 0 577 0 6 86 48 12 0 101 228 833 24 31 76 38 0 0 0 1 1218 0 46 81 0 0 0 0 0
1585331117.118596 3 0 1317 2543 2154 1.515164 0.222802 0.031361 0.005727 0.010363 1.012564 0.000000 0.600000 8.600000 4.800000 1.300000 0 0 0 0 0 2.600000 3.100000 7.200000 4.300000 0 0 0 0 0.000000 4.600000 8.100000 0.000000 0 0 0 0 1194 0 115 0 21 0 38 14 129 1196 5 37 9 239 8 106 0 0 1215 21 180 3 49 0 113 0 66 128 3 4 2 1 0 153 0 0 577 0 6 86 48 13 0 101 228 833 26 31 72 43 0 0 0 1 1218 0 46 81 0 0 0 0 0
1585331117.128623 3 0 1316 2544 2153 1.511073 0.217348 0.031361 0.004909 0.009545 1.012564 0.000000 0.600000 8.600000 4.800000 1.200000 0 0 0 0 0 2.700000 3.000000 6.400000 4.200000 0 0 0 0 0.000000 4.600000 8.100000 0.000000 0 0 0 0 1194 0 115 0 18 0 35 14 129 1196 5 36 9 240 8 105 0 0 1215 21 165 3 29 0 113 0 66 128 3 4 2 1 0 153 0 0 577 0 6 86 48 12 0 101 228 833 27 30 64 42 0 0 0 1 1218 0 46 81 0 0 0 0 0
1585331117.138613 3 0 1316 2544 2153 1.512437 0.220075 0.031361 0.005727 0.010363 1.012564 0.000000 0.600000 8.600000 4.800000 1.200000 0 0 0 0 0 2.400000 3.300000 7.100000 4.200000 0 0 0 0 0.000000 4.600000 8.100000 0.000000 0 0 0 0 1194 0 115 0 21 0 38 14 129 1196 5 36 9 240 8 105 0 0 1215 21 170 3 39 0 113 0 66 128 3 4 2 1 0 153 0 0 577 0 6 86 48 12 0 101 228 833 24 33 71 42 0 0 0 1 1218 0 46 81 0 0 0 0 0
1585331117.148607 3 0 1317 2543 2154 1.511073 0.217348 0.031361 0.005727 0.010363 1.012564 0.000000 0.600000 8.600000 4.800000 1.300000 0 0 0 0 0 2.300000 3.100000 7.900000 4.500000 0 0 0 0 0.000000 4.600000 8.100000 0.000000 0 0 0 0 1194 0 115 0 21 0 38 14 129 1196 5 37 9 239 8 106 0 0 1215 21 165 3 29 0 113 0 66 128 3 4 2 1 0 151 0 0 577 0 6 86 48 13 0 101 228 833 23 31 79 45 0 0 0 1 1218 0 46 81 0 0 0 0 0
1585331117.158612 3 0 1317 2543 2154 1.511073 0.217348 0.031361 0.004909 0.009545 1.013382 0.000000 0.600000 8.600000 4.800000 1.200000 0 0 0 0 0 3.000000 3.400000 7.900000 4.900000 0 0 0 0 0.000000 4.600000 8.100000 0.000000 0 0 0 0 1194 0 115 0 18 0 35 14 132 1196 5 37 9 239 8 106 0 0 1215 21 165 3 29 0 113 0 66 128 3 4 2 1 0 153 0 0 577 0 6 86 48 12 0 101 228 833 30 34 79 49 0 0 0 1 1218 0 46 81 0 0 0 0 0
1585331117.168607 3 0 1318 2543 2153 1.512437 0.218712 0.031361 0.004909 0.010363 1.012564 0.000000 0.600000 8.600000 4.800000 1.300000 0 0 0 0 0 3.000000 3.200000 7.700000 4.900000 0 0 0 0 0.000000 4.600000 8.100000 0.000000 0 0 0 0 1194 0 115 0 18 0 38 14 129 1196 5 38 9 239 8 105 0 0 1215 21 170 3 34 0 113 0 66 128 3 4 2 1 0 153 0 1 577 0 6 86 48 13 0 101 228 833 30 32 77 49 0 0 0 1 1218 0 46 81 0 0 0 0 0
1585331117.178596 3 0 1318 2543 2153 1.512437 0.218712 0.031361 0.004909 0.009545 1.012564 0.000000 0.600000 8.600000 4.800000 1.200000 0 0 0 0 0 2.400000 2.900000 7.700000 3.900000 0 0 0 0 0.000000 4.600000 8.100000 0.000000 0 0 0 0 1194 0 115 0 18 0 35 14 129 1196 5 38 9 239 8 105 0 0 1215 21 170 3 34 0 113 0 66 128 3 4 2 1 0 153 0 0 577 0 6 86 48 12 0 101 228 833 24 29 77 39 0 0 0 1 1218 0 46 81 0 0 0 0 0
1585331117.188594 3 0 1318 2543 2153 1.512437 0.218712 0.031361 0.004909 0.010363 1.012564 0.000000 0.600000 8.600000 4.800000 1.300000 0 0 0 0 0 2.600000 3.300000 7.800000 3.900000 0 0 0 0 0.000000 4.600000 8.100000 0.000000 0 0 0 0 1194 0 115 0 18 0 38 14 129 1196 5 38 9 239 8 105 0 0 1215 21 170 3 34 0 113 0 66 128 3 4 2 1 0 153 0 0 577 0 6 86 48 13 0 101 228 833 26 33 78 39 0 0 0 1 1218 0 46 81 0 0 0 0 0
1585331117.198613 3 0 1318 2543 2153 1.512437 0.218712 0.031361 0.004909 0.010363 1.012564 0.000000 0.600000 8.600000 4.800000 1.200000 0 0 0 0 0 2.900000 3.100000 7.200000 4.500000 0 0 0 0 0.000000 4.600000 8.100000 0.000000 0 0 0 0 1194 0 115 0 18 0 38 14 129 1196 5 38 9 239 8 105 0 0 1215 21 170 3 34 0 113 0 66 128 3 4 2 1 0 153 0 0 577 0 6 86 48 12 0 101 228 833 29 31 72 45 0 0 0 1 1218 0 46 81 0 0 0 0 0
1585331117.208589 3 0 1318 2543 2153 1.512437 0.220075 0.031361 0.005727 0.010363 1.012564 0.000000 0.600000 8.600000 4.800000 1.300000 0 0 0 0 0 2.700000 2.800000 7.100000 4.200000 0 0 0 0 0.000000 4.600000 8.100000 0.000000 0 0 0 0 1194 0 115 0 21 0 38 14 129 1196 5 38 9 239 8 105 0 0 1215 21 170 3 39 0 113 0 66 128 3 4 2 1 0 153 0 0 577 0 6 86 48 13 0 101 228 833 27 28 71 42 0 0 0 1 1218 0 46 81 0 0 0 0 0
1585331117.218696 3 0 1318 2543 2153 1.512437 0.218712 0.031361 0.004909 0.010363 1.013382 0.000000 0.600000 8.600000 4.800000 1.200000 0 0 0 0 0 2.800000 3.000000 8.000000 3.600000 0 0 0 0 0.000000 4.600000 8.100000 0.000000 0 0 0 0 1194 0 115 0 18 0 38 14 132 1196 5 38 9 239 8 105 0 0 1215 21 170 3 34 0 113 0 66 128 3 4 2 1 0 153 0 0 577 0 6 86 48 12 0 101 228 833 28 30 80 36 0 0 0 1 1218 0 46 81 0 0 0 0 0
1585331117.228773 3 0 1319 2543 2153 1.512437 0.218712 0.031361 0.005727 0.010363 1.012564 0.000000 0.600000 8.600000 4.800000 1.300000 0 0 0 0 0 3.000000 3.300000 6.900000 4.100000 0 0 0 0 0.000000 4.600000 8.100000 0.000000 0 0 0 0 1194 0 115 0 21 0 38 14 129 1196 5 39 9 239 8 105 0 0 1215 21 170 3 34 0 113 0 66 128 3 4 2 1 0 153 0 0 577 0 6 86 48 13 0 101 228 833 30 33 69 41 0 0 0 1 1218 0 46 81 0 0 0 0 0
1585331117.238684 3 0 1319 2543 2153 1.512437 0.220075 0.031361 0.004909 0.010363 1.012564 0.000000 0.600000 8.600000 4.800000 1.200000 0 0 0 0 0 2.900000 3.100000 6.700000 4.500000 0 0 0 0 0.000000 4.600000 8.100000 0.000000 0 0 0 0 1194 0 115 0 18 0 38 14 129 1196 5 39 9 239 8 105 0 0 1215 21 170 3 39 0 113 0 66 128 3 4 2 1 0 153 0 0 577 0 6 86 48 12 0 101 228 833 29 31 67 45 0 0 0 1 1218 0 46 81 0 0 0 0 0
1585331117.248660 3 0 1319 2543 2153 1.512437 0.218712 0.031361 0.004909 0.009545 1.012564 0.000000 0.600000 8.600000 4.800000 1.300000 0 0 0 0 0 2.600000 3.000000 6.600000 4.900000 0 0 0 0 0.000000 4.600000 8.100000 0.000000 0 0 0 0 1194 0 115 0 18 0 35 14 129 1196 5 39 9 239 8 105 0 0 1215 21 170 3 34 0 113 0 65 128 3 4 2 1 0 153 0 0 577 0 6 86 48 13 0 101 228 833 26 30 66 49 0 0 0 1 1218 0 46 81 0 0 0 0 0
1585331117.258690 3 0 1319 2543 2153 1.512437 0.218712 0.031361 0.004909 0.009545 1.012564 0.000000 0.600000 8.600000 4.800000 1.200000 0 0 0 0 0 2.700000 3.200000 7.600000 4.400000 0 0 0 0 0.000000 4.600000 8.100000 0.000000 0 0 0 0 1194 0 115 0 18 0 35 14 129 1196 5 39 9 239 8 105 0 0 1215 21 170 3 34 0 113 0 65 128 3 4 2 1 0 153 0 0 577 0 6 86 48 12 0 101 228 833 27 32 76 44 0 0 0 1 1218 0 46 81 0 0 0 0 0
1585331117.268644 3 0 1319 2542 2153 1.511073 0.217348 0.031361 0.004909 0.009545 1.012564 0.000000 0.600000 8.600000 4.800000 1.300000 0 0 0 0 0 2.600000 3.400000 7.200000 4.600000 0 0 0 0 0.000000 4.600000 8.100000 0.000000 0 0 0 0 1194 0 115 0 18 0 35 14 129 1196 5 39 9 238 8 105 0 0 1215 21 165 3 29 0 113 0 65 128 3 4 2 1 0 153 0 1 577 0 6 86 48 13 0 101 228 833 26 34 72 46 0 0 0 1 1218 0 46 81 0 0 0 0 0
1585331117.278633 3 0 1319 2542 2153 1.511073 0.218712 0.031361 0.004909 0.010363 1.012564 0.000000 0.600000 8.600000 4.800000 1.200000 0 0 0 0 0 2.700000 3.400000 7.200000 5.300000 0 0 0 0 0.000000 4.600000 8.100000 0.000000 0 0 0 0 1194 0 115 0 18 0 38 14 129 1196 5 39 9 238 8 105 0 0 1215 21 165 3 34 0 113 0 65 128 3 4 2 1 0 153 0 0 577 0 6 86 48 12 0 101 228 833 27 34 72 53 0 0 0 1 1218 0 46 81 0 0 0 0 0
1585331117.288631 3 0 1319 2542 2153 1.512437 0.218712 0.031361 0.005727 0.010363 1.013382 0.000000 0.600000 8.600000 4.800000 1.300000 0 0 0 0 0 3.000000 3.300000 7.300000 4.700000 0 0 0 0 0.000000 4.600000 8.100000 0.000000 0 0 0 0 1194 0 115 0 21 0 38 14 132 1196 5 39 9 238 8 105 0 0 1215 21 170 3 34 0 113 0 65 128 3 4 2 1 0 153 0 0 577 0 6 86 48 13 0 101 228 833 30 33 73 47 0 0 0 1 1218 0 46 81 0 0 0 0 0
1585331117.298629 3 0 1319 2542 2153 1.512437 0.218712 0.031361 0.004909 0.010363 1.012564 0.000000 0.600000 8.600000 4.800000 1.200000 0 0 0 0 0 2.500000 2.900000 7.300000 4.100000 0 0 0 0 0.000000 4.600000 8.100000 0.000000 0 0 0 0 1194 0 115 0 18 0 38 14 129 1196 5 39 9 238 8 105 0 0 1215 21 170 3 34 0 113 0 65 128 3 4 2 1 0 153 0 0 577 0 6 86 48 12 0 101 228 833 25 29 73 41 0 0 0 1 1218 0 46 81 0 0 0 0 0
1585331117.308646 3 0 1319 2542 2153 1.512437 0.218712 0.031361 0.004909 0.010363 1.013382 0.000000 0.600000 8.600000 4.800000 1.200000 0 0 0 0 0 2.900000 3.000000 7.600000 3.900000 0 0 0 0 0.000000 4.600000 8.100000 0.000000 0 0 0 0 1194 0 115 0 18 0 38 14 132 1196 5 39 9 238 8 105 0 0 1215 21 170 3 34 0 113 0 65 128 3 4 2 1 0 153 0 0 577 0 6 86 48 12 0 101 228 833 29 30 76 39 0 0 0 1 1218 0 46 81 0 0 0 0 0
1585331117.318748 3 0 1319 2542 2153 1.511073 0.217348 0.031361 0.004909 0.009545 1.012564 0.000000 0.600000 8.600000 4.800000 1.200000 0 0 0 0 0 2.800000 2.900000 7.400000 4.100000 0 0 0 0 0.000000 4.600000 8.100000 0.000000 0 0 0 0 1194 0 115 0 18 0 35 14 129 1196 5 39 9 238 8 105 0 0 1215 21 165 3 29 0 113 0 65 128 3 4 2 1 0 154 0 0 577 0 6 86 48 12 0 101 228 833 28 29 74 41 0 0 0 1 1218 0 46 81 0 0 0 0 0
1585331117.331471 3 0 1320 2542 2153 1.511073 0.217348 0.031361 0.005727 0.010363 1.012564 0.000000 0.600000 8.600000 4.800000 1.200000 0 0 0 0 0 2.800000 2.400000 6.800000 4.700000 0 0 0 0 0.000000 4.600000 8.100000 0.000000 0 0 0 0 1194 0 115 0 21 0 38 14 129 1196 5 40 9 238 8 105 0 0 1215 21 165 3 29 0 113 0 65 128 3 4 2 1 0 153 0 0 577 0 6 86 48 12 0 101 228 833 28 24 68 47 0 0 0 1 1218 0 46 81 0 0 0 0 0
1585331117.338635 3 0 1320 2542 2153 1.512437 0.218712 0.031361 0.005727 0.010363 1.012564 0.000000 0.600000 8.600000 4.800000 1.200000 0 0 0 0 0 2.800000 2.700000 6.400000 4.500000 0 0 0 0 0.000000 4.600000 8.100000 0.000000 0 0 0 0 1194 0 115 0 21 0 38 14 129 1196 5 40 9 238 8 105 0 0 1215 21 170 3 34 0 113 0 65 128 3 4 2 1 0 153 0 0 577 0 6 86 48 12 0 101 228 833 28 27 64 45 0 0 0 1 1218 0 46 81 0 0 0 0 0
1585331117.348742 3 0 1320 2540 2153 1.512437 0.218712 0.031361 0.004909 0.009545 1.012564 0.000000 0.600000 8.600000 4.800000 1.200000 0 0 0 0 0 2.400000 3.100000 7.300000 4.200000 0 0 0 0 0.000000 4.600000 8.100000 0.000000 0 0 0 0 1194 0 115 0 18 0 35 14 129 1196 5 40 9 236 8 105 0 0 1215 21 170 3 34 0 113 0 65 128 3 4 2 1 0 153 0 0 577 0 6 86 48 12 0 101 228 833 24 31 73 42 0 0 0 1 1218 0 46 81 0 0 0 0 0
1585331117.358683 3 0 1320 2540 2153 1.511073 0.217348 0.031361 0.004909 0.010363 1.012564 0.000000 0.600000 8.600000 4.800000 1.200000 0 0 0 0 0 2.800000 3.300000 6.900000 3.900000 0 0 0 0 0.000000 4.600000 8.100000 0.000000 0 0 0 0 1194 0 115 0 18 0 38 14 129 1196 5 40 9 236 8 105 0 0 1215 21 165 3 29 0 113 0 65 128 3 4 2 1 0 153 0 0 577 0 6 86 48 12 0 101 228 833 28 33 69 39 0 0 0 1 1218 0 46 81 0 0 0 0 0
1585331117.368657 3 0 1320 2542 2153 1.511073 0.217348 0.031361 0.005727 0.010363 1.012564 0.000000 0.600000 8.600000 4.800000 1.200000 0 0 0 0 0 2.800000 3.200000 7.600000 3.700000 0 0 0 0 0.000000 4.600000 8.100000 0.000000 0 0 0 0 1194 0 115 0 21 0 38 14 129 1196 5 40 9 238 8 105 0 0 1215 21 165 3 29 0 113 0 65 128 3 4 2 1 0 153 0 1 577 0 6 86 48 12 0 101 228 833 28 32 76 37 0 0 0 1 1218 0 46 81 0 0 0 0 0
1585331117.378661 3 0 1320 2542 2153 1.512437 0.218712 0.031361 0.004909 0.010363 1.013382 0.000000 0.600000 8.600000 4.800000 1.200000 0 0 0 0 0 2.900000 2.700000 7.700000 4.400000 0 0 0 0 0.000000 4.600000 8.000000 0.000000 0 0 0 0 1194 0 115 0 18 0 38 14 132 1196 5 40 9 238 8 105 0 0 1215 21 170 3 34 0 113 0 65 128 3 4 2 1 0 153 0 0 577 0 6 86 48 12 0 101 228 833 29 27 77 44 0 0 0 1 1218 0 46 80 0 0 0 0 0
1585331117.388783 3 0 1320 2542 2154 1.512437 0.218712 0.031361 0.004909 0.010363 1.013382 0.000000 0.600000 8.600000 4.800000 1.200000 0 0 0 0 0 3.200000 2.700000 7.000000 4.500000 0 0 0 0 0.000000 4.600000 8.100000 0.000000 0 0 0 0 1194 0 115 0 18 0 38 14 132 1196 5 40 9 238 8 106 0 0 1215 21 170 3 34 0 113 0 65 128 3 4 2 1 0 153 0 0 577 0 6 86 48 12 0 101 228 833 32 27 70 45 0 0 0 1 1218 0 46 81 0 0 0 0 0
1585331117.398683 3 0 1320 2542 2154 1.512437 0.220075 0.031361 0.005727 0.010363 1.012564 0.000000 0.600000 8.600000 4.800000 1.200000 0 0 0 0 0 2.900000 3.200000 7.300000 3.900000 0 0 0 0 0.000000 4.600000 8.100000 0.000000 0 0 0 0 1194 0 115 0 21 0 38 14 129 1196 5 40 9 238 8 106 0 0 1215 21 170 3 39 0 113 0 65 128 3 4 2 1 0 153 0 0 577 0 6 86 48 12 0 101 228 833 29 32 73 39 0 0 0 1 1218 0 46 81 0 0 0 0 0
1585331117.408666 3 0 1321 2542 2153 1.511073 0.217348 0.031361 0.004909 0.009545 1.012564 0.000000 0.600000 8.600000 4.800000 1.200000 0 0 0 0 0 2.600000 3.300000 7.300000 4.900000 0 0 0 0 0.000000 4.600000 8.000000 0.000000 0 0 0 0 1194 0 115 0 18 0 35 14 129 1196 5 41 9 238 8 105 0 0 1215 21 165 3 29 0 113 0 65 128 3 4 2 1 0 153 0 0 577 0 6 86 48 12 0 101 228 833 26 33 73 49 0 0 0 1 1218 0 46 80 0 0 0 0 0
1585331117.418755 3 0 1321 2542 2153 1.512437 0.218712 0.031361 0.004091 0.009545 1.012564 0.000000 0.600000 8.600000 4.800000 1.200000 0 0 0 0 0 3.100000 3.000000 7.200000 5.300000 0 0 0 0 0.000000 4.600000 8.100000 0.000000 0 0 0 0 1194 0 115 0 15 0 35 14 129 1196 5 41 9 238 8 105 0 0 1215 21 170 3 34 0 112 0 65 128 3 4 2 1 0 153 0 0 577 0 6 86 48 12 0 101 228 833 31 30 72 53 0 0 0 1 1218 0 46 81 0 0 0 0 0
1585331117.428680 3 0 1321 2542 2154 1.512437 0.220075 0.031361 0.004909 0.010363 1.012564 0.000000 0.600000 8.600000 4.800000 1.200000 0 0 0 0 0 2.900000 2.900000 6.800000 4.700000 0 0 0 0 0.000000 4.600000 8.100000 0.000000 0 0 0 0 1194 0 115 0 18 0 38 14 129 1196 5 41 9 238 8 106 0 0 1215 21 170 3 39 0 113 0 65 128 3 4 2 1 0 153 0 0 577 0 6 86 48 12 0 101 228 833 29 29 68 47 0 0 0 1 1218 0 46 81 0 0 0 0 0
1585331117.438704 3 0 1321 2542 2154 1.511073 0.217348 0.031361 0.004909 0.010363 1.012564 0.000000 0.600000 8.600000 4.800000 1.200000 0 0 0 0 0 2.100000 3.200000 7.100000 5.100000 0 0 0 0 0.000000 4.500000 8.100000 0.000000 0 0 0 0 1194 0 115 0 18 0 38 14 129 1196 5 41 9 238 8 106 0 0 1215 21 165 3 29 0 113 0 65 128 3 4 2 1 0 153 0 0 577 0 6 86 48 12 0 101 228 833 21 32 71 51 0 0 0 1 1218 0 45 81 0 0 0 0 0
1585331117.448683 3 0 1320 2541 2153 1.511073 0.217348 0.031361 0.004909 0.010363 1.012564 0.000000 0.600000 8.600000 4.800000 1.200000 0 0 0 0 0 2.500000 3.400000 6.900000 4.900000 0 0 0 0 0.000000 4.500000 8.000000 0.000000 0 0 0 0 1194 0 115 0 18 0 38 14 129 1196 5 40 9 237 8 105 0 0 1215 21 165 3 29 0 112 0 65 128 3 4 2 1 0 153 0 0 577 0 6 86 48 12 0 101 228 833 25 34 69 49 0 0 0 1 1218 0 45 80 0 0 0 0 0
1585331117.458688 3 0 1320 2541 2153 1.512437 0.218712 0.031361 0.004909 0.009545 1.012564 0.000000 0.600000 8.600000 4.800000 1.200000 0 0 0 0 0 3.200000 3.200000 6.600000 3.900000 0 0 0 0 0.000000 4.500000 8.100000 0.000000 0 0 0 0 1194 0 115 0 18 0 35 14 129 1196 5 40 9 237 8 105 0 0 1215 21 170 3 34 0 112 0 65 128 3 4 2 1 0 153 0 0 577 0 6 86 48 12 0 101 228 833 32 32 66 39 0 0 0 1 1218 0 45 81 0 0 0 0 0
1585331117.468692 3 0 1321 2542 2153 1.511073 0.217348 0.031361 0.004909 0.010363 1.013382 0.000000 0.600000 8.600000 4.800000 1.200000 0 0 0 0 0 2.700000 3.100000 7.400000 4.400000 0 0 0 0 0.000000 4.500000 8.100000 0.000000 0 0 0 0 1194 0 115 0 18 0 38 14 132 1196 5 41 9 238 8 105 0 0 1215 21 165 3 29 0 112 0 65 128 3 4 2 1 0 153 0 1 577 0 6 86 48 12 0 101 228 833 27 31 74 44 0 0 0 1 1218 0 45 81 0 0 0 0 0
1585331117.478730 3 0 1321 2542 2153 1.512437 0.218712 0.031361 0.005727 0.010363 1.012564 0.000000 0.600000 8.600000 4.800000 1.200000 0 0 0 0 0 2.800000 3.100000 7.700000 4.600000 0 0 0 0 0.000000 4.600000 8.000000 0.000000 0 0 0 0 1194 0 115 0 21 0 38 14 129 1196 5 41 9 238 8 105 0 0 1215 21 170 3 34 0 112 0 65 128 3 4 2 1 0 153 0 0 577 0 6 86 48 12 0 101 228 833 28 31 77 46 0 0 0 1 1218 0 46 80 0 0 0 0 0
1585331117.488759 3 0 1321 2541 2153 1.512437 0.218712 0.031361 0.005727 0.010363 1.012564 0.000000 0.600000 8.600000 4.800000 1.200000 0 0 0 0 0 2.700000 3.100000 8.000000 4.700000 0 0 0 0 0.000000 4.600000 8.100000 0.000000 0 0 0 0 1194 0 115 0 21 0 38 14 129 1196 5 41 9 237 8 105 0 0 1215 21 170 3 34 0 112 0 65 128 3 4 2 1 0 153 0 0 577 0 6 86 48 12 0 101 228 833 27 31 80 47 0 0 0 1 1218 0 46 81 0 0 0 0 0
1585331117.498911 3 0 1321 2541 2153 1.512437 0.220075 0.031361 0.005727 0.010363 1.012564 0.000000 0.600000 8.600000 4.800000 1.200000 0 0 0 0 0 2.100000 2.900000 7.500000 4.900000 0 0 0 0 0.000000 4.500000 8.100000 0.000000 0 0 0 0 1194 0 115 0 21 0 38 14 129 1196 5 41 9 237 8 105 0 0 1215 21 170 3 39 0 113 0 65 128 3 4 2 1 0 153 0 0 577 0 6 86 48 12 0 101 228 833 21 29 75 49 0 0 0 1 1218 0 45 81 0 0 0 0 0
1585331117.508790 3 0 1321 2541 2153 1.513800 0.220075 0.031361 0.004909 0.010363 1.012564 0.000000 0.600000 8.600000 4.800000 1.200000 0 0 0 0 0 2.700000 2.500000 6.900000 4.500000 0 0 0 0 0.000000 4.500000 8.000000 0.000000 0 0 0 0 1194 0 115 0 18 0 38 14 129 1196 5 41 9 237 8 105 0 0 1215 21 175 3 39 0 112 0 65 128 3 4 2 1 0 153 0 0 577 0 6 86 48 12 0 101 228 833 27 25 69 45 0 0 0 1 1218 0 45 80 0 0 0 0 0
1585331117.518706 3 0 1321 2541 2153 1.512437 0.218712 0.031361 0.004909 0.009545 1.012564 0.000000 0.600000 8.600000 4.800000 1.200000 0 0 0 0 0 3.100000 2.800000 6.500000 4.800000 0 0 0 0 0.000000 4.500000 8.000000 0.000000 0 0 0 0 1194 0 115 0 18 0 35 14 129 1196 5 41 9 237 8 105 0 0 1215 21 170 3 34 0 112 0 65 128 3 4 2 1 0 153 0 0 577 0 6 86 48 12 0 101 228 833 31 28 65 48 0 0 0 1 1218 0 45 80 0 0 0 0 0
1585331117.528699 3 0 1322 2541 2153 1.512437 0.218712 0.031361 0.005727 0.010363 1.012564 0.000000 0.600000 8.600000 4.800000 1.200000 0 0 0 0 0 2.900000 3.300000 7.300000 4.400000 0 0 0 0 0.000000 4.500000 8.000000 0.000000 0 0 0 0 1194 0 115 0 21 0 38 14 129 1196 5 42 9 237 8 105 0 0 1215 21 170 3 34 0 112 0 65 128 3 4 2 1 0 153 0 0 577 0 6 86 48 12 0 101 228 833 29 33 73 44 0 0 0 1 1218 0 45 80 0 0 0 0 0
1585331117.538688 3 0 1322 2541 2153 1.511073 0.218712 0.031361 0.005727 0.009545 1.012564 0.000000 0.600000 8.600000 4.800000 1.200000 0 0 0 0 0 2.300000 3.800000 7.800000 4.300000 0 0 0 0 0.000000 4.500000 8.000000 0.000000 0 0 0 0 1194 0 115 0 21 0 35 14 129 1196 5 42 9 237 8 105 0 0 1215 21 165 3 34 0 112 0 65 128 3 4 2 1 0 153 0 0 577 0 6 86 48 12 0 101 228 833 23 38 78 43 0 0 0 1 1218 0 45 80 0 0 0 0 0
1585331117.548791 3 0 1322 2541 2154 1.511073 0.217348 0.031361 0.004909 0.010363 1.013382 0.000000 0.600000 8.600000 4.800000 1.200000 0 0 0 0 0 2.500000 3.500000 7.600000 4.700000 0 0 0 0 0.000000 4.500000 8.000000 0.000000 0 0 0 0 1194 0 115 0 18 0 38 14 132 1196 5 42 9 237 8 106 0 0 1215 21 165 3 29 0 112 0 65 128 3 4 2 1 0 153 0 0 577 0 6 86 48 12 0 101 228 833 25 35 76 47 0 0 0 1 1218 0 45 80 0 0 0 0 0
1585331117.558721 3 0 1322 2541 2154 1.504256 0.210530 0.031361 0.004091 0.009545 1.012564 0.000000 0.600000 8.600000 4.800000 1.200000 0 0 0 0 0 2.400000 3.300000 7.400000 5.000000 0 0 0 0 0.000000 4.500000 8.000000 0.000000 0 0 0 0 1194 0 115 0 15 0 35 14 129 1196 5 42 9 237 8 106 0 0 1215 21 140 3 4 0 112 0 64 128 3 4 2 1 0 153 0 0 577 0 6 86 48 12 0 101 228 833 24 33 74 50 0 0 0 1 1218 0 45 80 0 0 0 0 0
1585331117.568728 3 0 1322 2541 2153 1.512437 0.220075 0.031361 0.005727 0.008454 1.012564 0.000000 0.600000 8.600000 4.800000 1.200000 0 0 0 0 0 2.800000 2.900000 7.500000 4.200000 0 0 0 0 0.000000 4.500000 8.000000 0.000000 0 0 0 0 1194 0 115 0 21 0 31 14 129 1196 5 42 9 237 8 105 0 0 1215 21 170 3 39 0 112 0 64 128 3 4 2 1 0 153 0 1 577 0 6 86 48 12 0 101 228 833 28 29 75 42 0 0 0 1 1218 0 45 80 0 0 0 0 0
1585331117.578750 3 0 1322 2541 2153 1.511073 0.217348 0.031361 0.005727 0.010363 1.012564 0.000000 0.600000 8.600000 4.800000 1.200000 0 0 0 0 0 2.800000 2.800000 7.900000 4.500000 0 0 0 0 0.000000 4.500000 8.000000 0.000000 0 0 0 0 1194 0 115 0 21 0 38 14 129 1196 5 42 9 237 8 105 0 0 1215 21 165 3 29 0 112 0 64 128 3 4 2 1 0 153 0 0 577 0 6 86 48 12 0 101 228 833 28 28 79 45 0 0 0 1 1218 0 45 80 0 0 0 0 0
1585331117.588718 3 0 1322 2541 2153 1.512437 0.218712 0.031361 0.004909 0.009545 1.013382 0.000000 0.600000 8.600000 4.800000 1.200000 0 0 0 0 0 2.400000 3.100000 7.900000 4.500000 0 0 0 0 0.000000 4.500000 8.000000 0.000000 0 0 0 0 1194 0 115 0 18 0 35 14 132 1196 5 42 9 237 8 105 0 0 1215 21 170 3 34 0 112 0 64 128 3 4 2 1 0 153 0 0 577 0 6 86 48 12 0 101 228 833 24 31 79 45 0 0 0 1 1218 0 45 80 0 0 0 0 0
1585331117.598729 3 0 1322 2541 2153 1.511073 0.218712 0.031361 0.004909 0.010363 1.012564 0.000000 0.600000 8.600000 4.800000 1.200000 0 0 0 0 0 3.000000 2.900000 8.000000 3.800000 0 0 0 0 0.000000 4.500000 8.000000 0.000000 0 0 0 0 1194 0 115 0 18 0 38 14 129 1196 5 42 9 237 8 105 0 0 1215 21 165 3 34 0 112 0 64 128 3 4 2 1 0 153 0 0 577 0 6 86 48 12 0 101 228 833 30 29 80 38 0 0 0 1 1218 0 45 80 0 0 0 0 0
1585331117.608771 3 0 1322 2541 2153 1.511073 0.217348 0.031361 0.005727 0.009545 1.012564 0.000000 0.600000 8.600000 4.800000 1.200000 0 0 0 0 0 3.000000 3.400000 7.500000 4.200000 0 0 0 0 0.000000 4.500000 8.100000 0.000000 0 0 0 0 1194 0 115 0 21 0 35 14 129 1196 5 42 9 237 8 105 0 0 1215 21 165 3 29 0 112 0 64 128 3 4 2 1 0 153 0 0 577 0 6 86 48 12 0 101 228 833 30 34 75 42 0 0 0 1 1218 0 45 81 0 0 0 0 0
1585331117.618759 3 0 1322 2541 2153 1.512437 0.218712 0.031361 0.005727 0.010363 1.012564 0.000000 0.600000 8.600000 4.800000 1.200000 0 0 0 0 0 2.600000 3.500000 7.100000 4.500000 0 0 0 0 0.000000 4.500000 8.000000 0.000000 0 0 0 0 1194 0 115 0 21 0 38 14 129 1196 5 42 9 237 8 105 0 0 1215 21 170 3 34 0 112 0 64 128 3 4 2 1 0 153 0 0 577 0 6 86 48 12 0 101 228 833 26 35 71 45 0 0 0 1 1218 0 45 80 0 0 0 0 0
1585331117.628745 3 0 1322 2541 2152 1.511073 0.217348 0.031361 0.004909 0.010363 1.012564 0.000000 0.600000 8.600000 4.800000 1.200000 0 0 0 0 0 2.400000 3.100000 7.300000 4.700000 0 0 0 0 0.000000 4.500000 8.000000 0.000000 0 0 0 0 1194 0 115 0 18 0 38 14 129 1196 5 42 9 237 8 104 0 0 1215 21 165 3 29 0 112 0 64 128 3 4 2 1 0 153 0 0 577 0 6 86 48 12 0 101 228 833 24 31 73 47 0 0 0 1 1218 0 45 80 0 0 0 0 0
1585331117.638804 3 0 1322 2541 2152 1.512437 0.218712 0.031361 0.005727 0.010363 1.012564 0.000000 0.600000 8.600000 4.800000 1.200000 0 0 0 0 0 2.400000 3.500000 7.100000 4.000000 0 0 0 0 0.000000 4.500000 8.000000 0.000000 0 0 0 0 1194 0 115 0 21 0 38 14 129 1196 5 42 9 237 8 104 0 0 1215 21 170 3 34 0 112 0 64 128 3 4 2 1 0 154 0 0 577 0 6 86 48 12 0 101 228 833 24 35 71 40 0 0 0 1 1218 0 45 80 0 0 0 0 0
1585331117.648709 3 0 1322 2540 2153 1.512437 0.218712 0.031361 0.004909 0.010363 1.012564 0.000000 0.600000 8.600000 4.800000 1.200000 0 0 0 0 0 2.400000 2.800000 6.500000 3.500000 0 0 0 0 0.000000 4.500000 8.000000 0.000000 0 0 0 0 1194 0 115 0 18 0 38 14 129 1196 5 42 9 236 8 105 0 0 1215 21 170 3 34 0 112 0 64 128 3 4 2 1 0 153 0 0 577 0 6 86 48 12 0 101 228 833 24 28 65 35 0 0 0 1 1218 0 45 80 0 0 0 0 0
1585331117.658773 3 0 1322 2540 2153 1.512437 0.218712 0.031361 0.004909 0.010363 1.013382 0.000000 0.600000 8.600000 4.800000 1.200000 0 0 0 0 0 2.900000 2.800000 7.100000 4.000000 0 0 0 0 0.000000 4.500000 8.000000 0.000000 0 0 0 0 1194 0 115 0 18 0 38 14 132 1196 5 42 9 236 8 105 0 0 1215 21 170 3 34 0 112 0 64 128 3 4 2 1 0 153 0 0 577 0 6 86 48 12 0 101 228 833 29 28 71 40 0 0 0 1 1218 0 45 80 0 0 0 0 0
1585331117.668808 3 0 1323 2541 2153 1.511073 0.217348 0.031361 0.004909 0.010363 1.013382 0.000000 0.600000 8.600000 4.800000 1.200000 0 0 0 0 0 3.100000 3.600000 7.000000 3.900000 0 0 0 0 0.000000 4.500000 8.000000 0.000000 0 0 0 0 1194 0 115 0 18 0 38 14 132 1196 5 43 9 237 8 105 0 0 1215 21 165 3 29 0 112 0 64 128 3 4 2 1 0 153 0 1 577 0 6 86 48 12 0 101 228 833 31 36 70 39 0 0 0 1 1218 0 45 80 0 0 0 0 0
1585331117.678825 3 0 1323 2541 2153 1.512437 0.220075 0.031361 0.004909 0.011454 1.013382 0.000000 0.600000 8.600000 4.800000 1.200000 0 0 0 0 0 2.700000 3.500000 7.300000 3.800000 0 0 0 0 0.000000 4.500000 8.000000 0.000000 0 0 0 0 1194 0 115 0 18 0 42 14 132 1196 5 43 9 237 8 105 0 0 1215 21 170 3 39 0 112 0 64 128 3 4 2 1 0 153 0 0 577 0 6 86 48 12 0 101 228 833 27 35 73 38 0 0 0 1 1218 0 45 80 0 0 0 0 0
1585331117.688757 3 0 1322 2541 2155 1.511073 0.217348 0.031361 0.004909 0.009545 1.012564 0.000000 0.600000 8.600000 4.800000 1.200000 0 0 0 0 0 2.400000 2.900000 7.400000 4.700000 0 0 0 0 0.000000 4.500000 8.000000 0.000000 0 0 0 0 1194 0 115 0 18 0 35 14 129 1196 5 42 9 237 8 107 0 0 1215 21 165 3 29 0 112 0 64 128 3 4 2 1 0 153 0 0 577 0 6 86 48 12 0 101 228 833 24 29 74 47 0 0 0 1 1218 0 45 80 0 0 0 0 0
1585331117.698757 3 0 1322 2541 2155 1.512437 0.218712 0.031361 0.005727 0.009545 1.012564 0.000000 0.600000 8.600000 4.800000 1.200000 0 0 0 0 0 2.900000 3.000000 6.700000 4.500000 0 0 0 0 0.000000 4.500000 8.000000 0.000000 0 0 0 0 1194 0 115 0 21 0 35 14 129 1196 5 42 9 237 8 107 0 0 1215 21 170 3 34 0 112 0 64 128 3 4 2 1 0 153 0 0 577 0 6 86 48 12 0 101 228 833 29 30 67 45 0 0 0 1 1218 0 45 80 0 0 0 0 0
1585331117.708843 3 0 1323 2541 2153 1.511073 0.217348 0.031361 0.004909 0.009545 1.012564 0.000000 0.600000 8.600000 4.800000 1.200000 0 0 0 0 0 2.900000 3.000000 7.700000 4.500000 0 0 0 0 0.000000 4.500000 8.000000 0.000000 0 0 0 0 1194 0 115 0 18 0 35 14 129 1196 5 43 9 237 8 105 0 0 1215 21 165 3 29 0 112 0 64 128 3 4 2 1 0 153 0 0 577 0 6 86 48 12 0 101 228 833 29 30 77 45 0 0 0 1 1218 0 45 80 0 0 0 0 0
1585331117.718797 3 0 1323 2541 2153 1.511073 0.217348 0.031361 0.004909 0.010363 1.012564 0.000000 0.600000 8.500000 4.800000 1.200000 0 0 0 0 0 2.600000 3.200000 7.900000 4.700000 0 0 0 0 0.000000 4.500000 8.000000 0.000000 0 0 0 0 1194 0 115 0 18 0 38 14 129 1196 5 43 9 237 8 105 0 0 1215 21 165 3 29 0 112 0 64 128 3 4 2 1 0 153 0 0 577 0 6 85 48 12 0 101 228 833 26 32 79 47 0 0 0 1 1218 0 45 80 0 0 0 0 0
1585331117.728812 3 0 1322 2541 2153 1.513800 0.220075 0.031361 0.004909 0.009545 1.013382 0.000000 0.600000 8.500000 4.800000 1.200000 0 0 0 0 0 2.800000 3.300000 7.400000 3.800000 0 0 0 0 0.000000 4.500000 8.000000 0.000000 0 0 0 0 1194 0 115 0 18 0 35 14 132 1196 5 42 9 237 8 105 0 0 1215 21 175 3 39 0 112 0 64 128 3 4 2 1 0 153 0 0 577 0 6 85 48 12 0 101 228 833 28 33 74 38 0 0 0 1 1218 0 45 80 0 0 0 0 0
1585331117.738862 3 0 1322 2541 2153 1.513800 0.220075 0.031361 0.004909 0.009545 1.013382 0.000000 0.600000 8.600000 4.800000 1.200000 0 0 0 0 0 2.500000 2.900000 7.600000 4.100000 0 0 0 0 0.000000 4.500000 8.000000 0.000000 0 0 0 0 1194 0 115 0 18 0 35 14 132 1196 5 42 9 237 8 105 0 0 1215 21 175 3 39 0 112 0 64 128 3 4 2 1 0 153 0 0 577 0 6 86 48 12 0 101 228 833 25 29 76 41 0 0 0 1 1218 0 45 80 0 0 0 0 0
1585331117.747876 3 0 1323 2541 2153 1.512437 0.220075 0.031361 0.004909 0.010363 1.012564 0.000000 0.600000 8.500000 4.800000 1.200000 0 0 0 0 0 2.600000 3.100000 7.800000 4.100000 0 0 0 0 0.000000 4.500000 8.000000 0.000000 0 0 0 0 1194 0 115 0 18 0 38 14 129 1196 5 43 9 237 8 105 0 0 1215 21 170 3 39 0 112 0 64 128 3 4 2 1 0 153 0 0 577 0 6 85 48 12 0 101 228 833 26 31 78 41 0 0 0 1 1218 0 45 80 0 0 0 0 0
1585331117.758770 3 0 1323 2541 2153 1.509710 0.215984 0.031361 0.005727 0.009545 1.012564 0.000000 0.600000 8.500000 4.800000 1.200000 0 0 0 0 0 2.600000 3.200000 6.900000 4.000000 0 0 0 0 0.000000 4.500000 8.000000 0.000000 0 0 0 0 1194 0 115 0 21 0 35 14 129 1196 5 43 9 237 8 105 0 0 1215 21 160 3 24 0 112 0 64 128 3 4 2 1 0 153 0 0 577 0 6 85 48 12 0 101 228 833 26 32 69 40 0 0 0 1 1218 0 45 80 0 0 0 0 0
1585331117.768769 3 0 1324 2541 2153 1.512437 0.218712 0.031361 0.004909 0.009545 1.012564 0.000000 0.600000 8.600000 4.800000 1.200000 0 0 0 0 0 2.900000 3.500000 6.600000 4.200000 0 0 0 0 0.000000 4.500000 8.000000 0.000000 0 0 0 0 1194 0 115 0 18 0 35 14 129 1196 5 44 9 237 8 105 0 0 1215 21 170 3 34 0 112 0 64 128 3 4 2 1 0 153 0 1 577 0 6 86 48 12 0 101 228 833 29 35 66 42 0 0 0 1 1218 0 45 80 0 0 0 0 0
1585331117.778803 3 0 1324 2541 2153 1.512437 0.220075 0.031361 0.004909 0.010363 1.012564 0.000000 0.600000 8.500000 4.800000 1.200000 0 0 0 0 0 2.800000 3.500000 7.100000 4.200000 0 0 0 0 0.000000 4.500000 8.000000 0.000000 0 0 0 0 1194 0 115 0 18 0 38 14 129 1196 5 44 9 237 8 105 0 0 1215 21 170 3 39 0 112 0 64 128 3 4 2 1 0 153 0 0 577 0 6 85 48 12 0 101 228 833 28 35 71 42 0 0 0 1 1218 0 45 80 0 0 0 0 0
1585331117.788832 3 0 1324 2540 2153 1.512437 0.218712 0.031361 0.004909 0.010363 1.012564 0.000000 0.600000 8.600000 4.800000 1.200000 0 0 0 0 0 2.500000 3.300000 6.800000 4.100000 0 0 0 0 0.000000 4.500000 8.000000 0.000000 0 0 0 0 1194 0 115 0 18 0 38 14 129 1196 5 44 9 236 8 105 0 0 1215 21 170 3 34 0 112 0 64 128 3 4 2 1 0 153 0 0 577 0 6 86 48 12 0 101 228 833 25 33 68 41 0 0 0 1 1218 0 45 80 0 0 0 0 0
1585331117.798863 3 0 1324 2540 2153 1.512437 0.218712 0.031361 0.004909 0.010363 1.012564 0.000000 0.600000 8.500000 4.800000 1.200000 0 0 0 0 0 2.800000 3.600000 7.100000 4.100000 0 0 0 0 0.000000 4.500000 8.000000 0.000000 0 0 0 0 1194 0 115 0 18 0 38 14 129 1196 5 44 9 236 8 105 0 0 1215 21 170 3 34 0 112 0 64 128 3 4 2 1 0 153 0 0 577 0 6 85 48 12 0 101 228 833 28 36 71 41 0 0 0 1 1218 0 45 80 0 0 0 0 0
1585331117.808839 3 0 1324 2541 2153 1.512437 0.218712 0.031361 0.004909 0.010363 1.013382 0.000000 0.600000 8.600000 4.800000 1.200000 0 0 0 0 0 2.800000 3.700000 6.800000 4.600000 0 0 0 0 0.000000 4.500000 8.000000 0.000000 0 0 0 0 1194 0 115 0 18 0 38 14 132 1196 5 44 9 237 8 105 0 0 1215 21 170 3 34 0 112 0 64 128 3 4 2 1 0 153 0 0 577 0 6 86 48 12 0 101 228 833 28 37 68 46 0 0 0 1 1218 0 45 80 0 0 0 0 0
1585331117.818840 3 0 1324 2541 2153 1.511073 0.217348 0.031361 0.004909 0.010363 1.013382 0.000000 0.600000 8.500000 4.800000 1.200000 0 0 0 0 0 3.100000 3.400000 7.300000 4.300000 0 0 0 0 0.000000 4.500000 8.000000 0.000000 0 0 0 0 1194 0 115 0 18 0 38 14 132 1196 5 44 9 237 8 105 0 0 1215 21 165 3 29 0 112 0 64 128 3 4 2 1 0 153 0 0 577 0 6 85 48 12 0 101 228 833 31 34 73 43 0 0 0 1 1218 0 45 80 0 0 0 0 0
1585331117.828839 3 0 1324 2540 2153 1.512437 0.218712 0.031361 0.004909 0.009545 1.013382 0.000000 0.600000 8.600000 4.800000 1.200000 0 0 0 0 0 2.900000 3.200000 7.900000 4.100000 0 0 0 0 0.000000 4.500000 8.000000 0.000000 0 0 0 0 1194 0 115 0 18 0 35 14 132 1196 5 44 9 236 8 105 0 0 1215 21 170 3 34 0 112 0 64 128 3 4 2 1 0 153 0 0 577 0 6 86 48 12 0 101 228 833 29 32 79 41 0 0 0 1 1218 0 45 80 0 0 0 0 0
1585331117.838855 3 0 1324 2540 2153 1.511073 0.217348 0.031361 0.005727 0.010363 1.013382 0.000000 0.600000 8.500000 4.800000 1.200000 0 0 0 0 0 2.600000 3.500000 7.900000 4.500000 0 0 0 0 0.000000 4.500000 8.000000 0.000000 0 0 0 0 1194 0 115 0 21 0 38 14 132 1196 5 44 9 236 8 105 0 0 1215 21 165 3 29 0 112 0 64 128 3 4 2 1 0 153 0 0 577 0 6 85 48 12 0 101 228 833 26 35 79 45 0 0 0 1 1218 0 45 80 0 0 0 0 0
1585331117.848831 3 0 1324 2540 2153 1.512437 0.220075 0.031361 0.004909 0.010363 1.012564 0.000000 0.600000 8.600000 4.800000 1.200000 0 0 0 0 0 3.000000 3.300000 6.800000 3.900000 0 0 0 0 0.000000 4.500000 8.000000 0.000000 0 0 0 0 1194 0 115 0 18 0 38 14 129 1196 5 44 9 236 8 105 0 0 1215 21 170 3 39 0 112 0 64 128 3 4 2 1 0 153 0 0 577 0 6 86 48 12 0 101 228 833 30 33 68 39 0 0 0 1 1218 0 45 80 0 0 0 0 0
1585331117.858802 3 0 1324 2540 2153 1.512437 0.220075 0.031361 0.004909 0.010363 1.013382 0.000000 0.600000 8.500000 4.800000 1.200000 0 0 0 0 0 2.800000 3.300000 6.700000 3.400000 0 0 0 0 0.000000 4.500000 8.000000 0.000000 0 0 0 0 1194 0 115 0 18 0 38 14 132 1196 5 44 9 236 8 105 0 0 1215 21 170 3 39 0 112 0 64 128 3 4 2 1 0 153 0 0 577 0 6 85 48 12 0 101 228 833 28 33 67 34 0 0 0 1 1218 0 45 80 0 0 0 0 0
1585331117.868846 3 0 1324 2540 2154 1.512437 0.217348 0.031361 0.005727 0.010363 1.012564 0.000000 0.600000 8.600000 4.800000 1.200000 0 0 0 0 0 2.800000 3.000000 6.900000 3.700000 0 0 0 0 0.000000 4.500000 8.000000 0.000000 0 0 0 0 1194 0 115 0 21 0 38 14 129 1196 5 44 9 236 8 106 0 0 1215 21 170 3 29 0 112 0 64 128 3 4 2 1 0 153 0 1 577 0 6 86 48 12 0 101 228 833 28 30 69 37 0 0 0 1 1218 0 45 80 0 0 0 0 0
1585331117.878818 3 0 1324 2540 2154 1.512437 0.218712 0.031361 0.004909 0.010363 1.012564 0.000000 0.600000 8.500000 4.800000 1.200000 0 0 0 0 0 3.200000 2.700000 6.300000 4.500000 0 0 0 0 0.000000 4.500000 8.000000 0.000000 0 0 0 0 1194 0 115 0 18 0 38 14 129 1196 5 44 9 236 8 106 0 0 1215 21 170 3 34 0 112 0 64 128 3 4 2 1 0 153 0 0 577 0 6 85 48 12 0 101 228 833 32 27 63 45 0 0 0 1 1218 0 45 80 0 0 0 0 0
1585331117.888944 3 0 1324 2540 2153 1.512437 0.218712 0.031361 0.005727 0.010363 1.013382 0.000000 0.600000 8.600000 4.800000 1.200000 0 0 0 0 0 2.700000 3.100000 6.800000 5.000000 0 0 0 0 0.000000 4.500000 8.000000 0.000000 0 0 0 0 1194 0 115 0 21 0 38 14 132 1196 5 44 9 236 8 105 0 0 1215 21 170 3 34 0 112 0 64 128 3 4 2 1 0 153 0 0 577 0 6 86 48 12 0 101 228 833 27 31 68 50 0 0 0 1 1218 0 45 80 0 0 0 0 0
1585331117.898896 3 0 1324 2540 2153 1.512437 0.220075 0.031361 0.004909 0.009545 1.013382 0.000000 0.600000 8.500000 4.800000 1.200000 0 0 0 0 0 2.900000 2.700000 6.700000 4.700000 0 0 0 0 0.000000 4.500000 8.000000 0.000000 0 0 0 0 1194 0 115 0 18 0 35 14 132 1196 5 44 9 236 8 105 0 0 1215 21 170 3 39 0 112 0 64 128 3 4 2 1 0 153 0 0 577 0 6 85 48 12 0 101 228 833 29 27 67 47 0 0 0 1 1218 0 45 80 0 0 0 0 0
1585331117.908825 3 0 1324 2540 2153 1.512437 0.218712 0.031361 0.004909 0.010363 1.013382 0.000000 0.600000 8.600000 4.800000 1.200000 0 0 0 0 0 3.100000 2.500000 7.600000 5.100000 0 0 0 0 0.000000 4.500000 8.000000 0.000000 0 0 0 0 1194 0 115 0 18 0 38 14 132 1196 5 44 9 236 8 105 0 0 1215 21 170 3 34 0 112 0 64 128 3 4 2 1 0 153 0 0 577 0 6 86 48 12 0 101 228 833 31 25 76 51 0 0 0 1 1218 0 45 80 0 0 0 0 0
1585331117.918860 3 0 1324 2540 2153 1.511073 0.217348 0.031361 0.004909 0.010363 1.012564 0.000000 0.600000 8.500000 4.800000 1.200000 0 0 0 0 0 3.100000 2.900000 7.500000 5.200000 0 0 0 0 0.000000 4.500000 8.000000 0.000000 0 0 0 0 1194 0 115 0 18 0 38 14 129 1196 5 44 9 236 8 105 0 0 1215 21 165 3 29 0 112 0 64 128 3 4 2 1 0 153 0 0 577 0 6 85 48 12 0 101 228 833 31 29 75 52 0 0 0 1 1218 0 45 80 0 0 0 0 0
1585331117.928838 3 0 1324 2540 2153 1.511073 0.217348 0.031361 0.004909 0.009545 1.012564 0.000000 0.600000 8.600000 4.800000 1.200000 0 0 0 0 0 2.800000 2.700000 6.400000 4.900000 0 0 0 0 0.000000 4.500000 8.000000 0.000000 0 0 0 0 1194 0 115 0 18 0 35 14 129 1196 5 44 9 236 8 105 0 0 1215 21 165 3 29 0 112 0 64 128 3 4 2 1 0 153 0 0 577 0 6 86 48 12 0 101 228 833 28 27 64 49 0 0 0 1 1218 0 45 80 0 0 0 0 0
1585331117.938841 3 0 1324 2540 2153 1.511073 0.217348 0.031361 0.004909 0.009545 1.012564 0.000000 0.600000 8.500000 4.800000 1.200000 0 0 0 0 0 2.800000 2.600000 7.000000 4.900000 0 0 0 0 0.000000 4.500000 8.000000 0.000000 0 0 0 0 1194 0 115 0 18 0 35 14 129 1196 5 44 9 236 8 105 0 0 1215 21 165 3 29 0 112 0 64 128 3 4 2 1 0 153 0 0 577 0 6 85 48 12 0 101 228 833 28 26 70 49 0 0 0 1 1218 0 45 80 0 0 0 0 0
1585331117.948901 3 0 1324 2540 2153 1.511073 0.217348 0.031361 0.004909 0.009545 1.012564 0.000000 0.600000 8.600000 4.800000 1.200000 0 0 0 0 0 3.000000 3.000000 7.700000 4.500000 0 0 0 0 0.000000 4.500000 8.000000 0.000000 0 0 0 0 1194 0 115 0 18 0 35 14 129 1196 5 44 9 236 8 105 0 0 1215 21 165 3 29 0 112 0 64 128 3 4 2 1 0 153 0 0 577 0 6 86 48 12 0 101 228 833 30 30 77 45 0 0 0 1 1218 0 45 80 0 0 0 0 0
1585331117.958883 3 0 1324 2540 2153 1.511073 0.221439 0.031361 0.005727 0.009545 1.013382 0.000000 0.600000 8.500000 4.800000 1.200000 0 0 0 0 0 3.000000 2.600000 7.500000 4.600000 0 0 0 0 0.000000 4.500000 8.000000 0.000000 0 0 0 0 1194 0 115 0 21 0 35 14 132 1196 5 44 9 236 8 105 0 0 1215 21 165 3 44 0 112 0 64 128 3 4 2 1 0 153 0 0 577 0 6 85 48 12 0 101 228 833 30 26 75 46 0 0 0 1 1218 0 45 80 0 0 0 0 0
1585331117.968940 3 0 1324 2541 2155 1.512437 0.218712 0.031361 0.005727 0.010363 1.013382 0.000000 0.600000 8.600000 4.800000 1.200000 0 0 0 0 0 2.600000 2.700000 7.100000 4.400000 0 0 0 0 0.000000 4.500000 8.000000 0.000000 0 0 0 0 1194 0 115 0 21 0 38 14 132 1196 5 44 9 237 8 107 0 0 1215 21 170 3 34 0 112 0 64 128 3 4 2 1 0 153 0 1 577 0 6 86 48 12 0 101 228 833 26 27 71 44 0 0 0 1 1218 0 45 80 0 0 0 0 0
1585331117.978881 3 0 1324 2541 2155 1.512437 0.218712 0.031361 0.004909 0.010363 1.012018 0.000000 0.600000 8.500000 4.800000 1.200000 0 0 0 0 0 2.800000 3.500000 7.900000 4.000000 0 0 0 0 0.000000 4.500000 8.000000 0.000000 0 0 0 0 1194 0 115 0 18 0 38 14 127 1196 5 44 9 237 8 107 0 0 1215 21 170 3 34 0 112 0 64 128 3 4 2 1 0 153 0 0 577 0 6 85 48 12 0 101 228 833 28 35 79 40 0 0 0 1 1218 0 45 80 0 0 0 0 0
1585331117.988873 3 0 1324 2540 2153 1.512437 0.218712 0.031361 0.004909 0.010363 1.012564 0.000000 0.600000 8.600000 4.800000 1.200000 0 0 0 0 0 2.500000 3.500000 8.100000 4.200000 0 0 0 0 0.000000 4.500000 8.000000 0.000000 0 0 0 0 1194 0 115 0 18 0 38 14 129 1196 5 44 9 236 8 105 0 0 1215 21 170 3 34 0 112 0 64 128 3 4 2 1 0 153 0 0 577 0 6 86 48 12 0 101 228 833 25 35 81 42 0 0 0 1 1218 0 45 80 0 0 0 0 0
1585331117.998901 3 0 1324 2540 2153 1.512437 0.218712 0.031361 0.004909 0.010363 1.013382 0.000000 0.600000 8.500000 4.800000 1.200000 0 0 0 0 0 2.500000 3.200000 6.800000 4.400000 0 0 0 0 0.000000 4.500000 8.000000 0.000000 0 0 0 0 1194 0 115 0 18 0 38 14 132 1196 5 44 9 236 8 105 0 0 1215 21 170 3 34 0 112 0 64 128 3 4 2 1 0 153 0 0 577 0 6 85 48 12 0 101 228 833 25 32 68 44 0 0 0 1 1218 0 45 80 0 0 0 0 0
1585331118.008871 3 0 1325 2540 2153 1.512437 0.218712 0.031361 0.004909 0.010363 1.012018 0.000000 0.600000 8.600000 4.800000 1.200000 0 0 0 0 0 3.100000 3.300000 7.100000 4.200000 0 0 0 0 0.000000 4.500000 8.000000 0.000000 0 0 0 0 1194 0 115 0 18 0 38 14 127 1196 5 45 9 236 8 105 0 0 1215 21 170 3 34 0 112 0 64 128 3 4 2 1 0 153 0 0 577 0 6 86 48 12 0 101 228 833 31 33 71 42 0 0 0 1 1218 0 45 80 0 0 0 0 0
1585331118.018903 3 0 1325 2540 2153 1.511073 0.217348 0.031361 0.004909 0.009545 1.013382 0.000000 0.600000 8.500000 4.800000 1.200000 0 0 0 0 0 2.600000 3.300000 8.000000 4.100000 0 0 0 0 0.000000 4.500000 8.000000 0.000000 0 0 0 0 1194 0 115 0 18 0 35 14 132 1196 5 45 9 236 8 105 0 0 1215 21 165 3 29 0 112 0 64 128 3 4 2 1 0 153 0 0 577 0 6 85 48 12 0 101 228 833 26 33 80 41 0 0 0 1 1218 0 45 80 0 0 0 0 0
1585331118.028913 3 0 1324 2539 2153 1.511073 0.217348 0.031361 0.004091 0.010363 1.009837 0.000000 0.600000 8.600000 4.800000 1.200000 0 0 0 0 0 2.600000 2.900000 7.600000 4.200000 0 0 0 0 0.000000 4.500000 8.000000 0.000000 0 0 0 0 1194 0 115 0 15 0 38 14 119 1196 5 44 9 235 8 105 0 0 1215 21 165 3 29 0 112 0 63 128 3 4 2 1 0 153 0 0 577 0 6 86 48 12 0 101 228 833 26 29 76 42 0 0 0 1 1218 0 45 80 0 0 0 0 0
1585331118.038872 3 0 1324 2539 2153 1.512437 0.218712 0.031361 0.004909 0.009545 1.012564 0.000000 0.600000 8.500000 4.800000 1.200000 0 0 0 0 0 3.000000 3.100000 7.300000 4.100000 0 0 0 0 0.000000 4.500000 8.000000 0.000000 0 0 0 0 1194 0 115 0 18 0 35 14 129 1196 5 44 9 235 8 105 0 0 1215 21 170 3 34 0 112 0 63 128 3 4 2 1 0 153 0 0 577 0 6 85 48 12 0 101 228 833 30 31 73 41 0 0 0 1 1218 0 45 80 0 0 0 0 0
1585331118.048941 3 0 1325 2540 2153 1.511073 0.217348 0.031361 0.004909 0.009545 1.012564 0.000000 0.600000 8.600000 4.800000 1.200000 0 0 0 0 0 2.600000 2.900000 6.800000 4.100000 0 0 0 0 0.000000 4.500000 8.000000 0.000000 0 0 0 0 1194 0 115 0 18 0 35 14 129 1196 5 45 9 236 8 105 0 0 1215 21 165 3 29 0 112 0 63 128 3 4 2 1 0 153 0 0 577 0 6 86 48 12 0 101 228 833 26 29 68 41 0 0 0 1 1218 0 45 80 0 0 0 0 0
1585331118.058890 3 0 1325 2540 2153 1.512437 0.218712 0.031361 0.004909 0.009545 1.012564 0.000000 0.600000 8.500000 4.800000 1.200000 0 0 0 0 0 2.800000 2.600000 7.400000 3.900000 0 0 0 0 0.000000 4.500000 8.000000 0.000000 0 0 0 0 1194 0 115 0 18 0 35 14 129 1196 5 45 9 236 8 105 0 0 1215 21 170 3 34 0 112 0 64 128 3 4 2 1 0 153 0 0 577 0 6 85 48 12 0 101 228 833 28 26 74 39 0 0 0 1 1218 0 45 80 0 0 0 0 0
1585331118.068898 3 0 1325 2540 2153 1.512437 0.218712 0.031361 0.004909 0.010363 1.013382 0.000000 0.600000 8.600000 4.800000 1.200000 0 0 0 0 0 2.900000 2.600000 8.000000 3.700000 0 0 0 0 0.000000 4.500000 8.000000 0.000000 0 0 0 0 1194 0 115 0 18 0 38 14 132 1196 5 45 9 236 8 105 0 0 1215 21 170 3 34 0 112 0 63 128 3 4 2 1 0 153 0 1 577 0 6 86 48 12 0 101 228 833 29 26 80 37 0 0 0 1 1218 0 45 80 0 0 0 0 0
1585331118.078906 3 0 1325 2540 2153 1.512437 0.218712 0.031361 0.005727 0.010363 1.012564 0.000000 0.600000 8.500000 4.800000 1.200000 0 0 0 0 0 2.700000 3.100000 7.900000 4.400000 0 0 0 0 0.000000 4.500000 8.000000 0.000000 0 0 0 0 1194 0 115 0 21 0 38 14 129 1196 5 45 9 236 8 105 0 0 1215 21 170 3 34 0 112 0 63 128 3 4 2 1 0 153 0 0 577 0 6 85 48 12 0 101 228 833 27 31 79 44 0 0 0 1 1218 0 45 80 0 0 0 0 0
1585331118.088895 3 0 1325 2540 2153 1.512437 0.218712 0.031361 0.004909 0.010363 1.013382 0.000000 0.600000 8.600000 4.800000 1.200000 0 0 0 0 0 3.100000 3.400000 7.700000 4.200000 0 0 0 0 0.000000 4.500000 8.000000 0.000000 0 0 0 0 1194 0 115 0 18 0 38 14 132 1196 5 45 9 236 8 105 0 0 1215 21 170 3 34 0 112 0 63 128 3 4 2 1 0 153 0 0 577 0 6 86 48 12 0 101 228 833 31 34 77 42 0 0 0 1 1218 0 45 80 0 0 0 0 0
1585331118.098884 3 0 1325 2540 2153 1.512437 0.218712 0.031361 0.005727 0.010363 1.012564 0.000000 0.600000 8.500000 4.800000 1.200000 0 0 0 0 0 3.000000 2.800000 6.800000 4.400000 0 0 0 0 0.000000 4.500000 8.000000 0.000000 0 0 0 0 1194 0 115 0 21 0 38 14 129 1196 5 45 9 236 8 105 0 0 1215 21 170 3 34 0 112 0 64 128 3 4 2 1 0 153 0 0 577 0 6 85 48 12 0 101 228 833 30 28 68 44 0 0 0 1 1218 0 45 80 0 0 0 0 0
1585331118.108912 3 0 1325 2540 2153 1.511073 0.218712 0.031361 0.004909 0.011454 1.013382 0.000000 0.600000 8.600000 4.800000 1.200000 0 0 0 0 0 2.700000 2.700000 6.900000 4.400000 0 0 0 0 0.000000 4.500000 8.000000 0.000000 0 0 0 0 1194 0 115 0 18 0 42 14 132 1196 5 45 9 236 8 105 0 0 1215 21 165 3 34 0 112 0 63 128 3 4 2 1 0 153 0 0 577 0 6 86 48 12 0 101 228 833 27 27 69 44 0 0 0 1 1218 0 45 80 0 0 0 0 0
1585331118.118939 3 0 1325 2540 2153 1.512437 0.218712 0.031361 0.005727 0.010363 1.013382 0.000000 0.600000 8.500000 4.800000 1.200000 0 0 0 0 0 2.600000 2.800000 7.300000 3.900000 0 0 0 0 0.000000 4.500000 8.000000 0.000000 0 0 0 0 1194 0 115 0 21 0 38 14 132 1196 5 45 9 236 8 105 0 0 1215 21 170 3 34 0 112 0 63 128 3 4 2 1 0 153 0 0 577 0 6 85 48 12 0 101 228 833 26 28 73 39 0 0 0 1 1218 0 45 80 0 0 0 0 0
1585331118.128928 3 0 1324 2540 2154 1.511073 0.217348 0.031361 0.005727 0.010363 1.013382 0.000000 0.600000 8.500000 4.800000 1.200000 0 0 0 0 0 2.800000 2.700000 7.400000 4.400000 0 0 0 0 0.000000 4.500000 8.000000 0.000000 0 0 0 0 1194 0 115 0 21 0 38 14 132 1196 5 44 9 236 8 106 0 0 1215 21 165 3 29 0 112 0 63 128 3 4 2 1 0 153 0 0 577 0 6 85 48 12 0 101 228 833 28 27 74 44 0 0 0 1 1218 0 45 80 0 0 0 0 0
1585331118.138922 3 0 1324 2540 2154 1.511073 0.218712 0.031361 0.005727 0.009545 1.012564 0.000000 0.600000 8.500000 4.800000 1.200000 0 0 0 0 0 2.800000 2.700000 7.900000 4.500000 0 0 0 0 0.000000 4.500000 8.000000 0.000000 0 0 0 0 1194 0 115 0 21 0 35 14 129 1196 5 44 9 236 8 106 0 0 1215 21 165 3 34 0 112 0 63 128 3 4 2 1 0 153 0 0 577 0 6 85 48 12 0 101 228 833 28 27 79 45 0 0 0 1 1218 0 45 80 0 0 0 0 0
1585331118.148964 3 0 1326 2539 2152 1.511073 0.217348 0.031361 0.005727 0.010363 1.012564 0.000000 0.600000 8.500000 4.800000 1.200000 0 0 0 0 0 3.000000 3.100000 7.300000 4.300000 0 0 0 0 0.000000 4.500000 8.000000 0.000000 0 0 0 0 1194 0 115 0 21 0 38 14 129 1196 5 46 9 235 8 104 0 0 1215 21 165 3 29 0 112 0 63 128 3 4 2 1 0 153 0 0 577 0 6 85 48 12 0 101 228 833 30 31 73 43 0 0 0 1 1218 0 45 80 0 0 0 0 0
1585331118.158949 3 0 1326 2539 2152 1.512437 0.218712 0.031361 0.005727 0.010363 1.013382 0.000000 0.600000 8.500000 4.800000 1.200000 0 0 0 0 0 3.300000 3.000000 7.700000 4.500000 0 0 0 0 0.000000 4.500000 8.000000 0.000000 0 0 0 0 1194 0 115 0 21 0 38 14 132 1196 5 46 9 235 8 104 0 0 1215 21 170 3 34 0 112 0 63 128 3 4 2 1 0 153 0 0 577 0 6 85 48 12 0 101 228 833 33 30 77 45 0 0 0 1 1218 0 45 80 0 0 0 0 0
1585331118.168920 3 0 1325 2540 2153 1.512437 0.220075 0.031361 0.005727 0.010363 1.012564 0.000000 0.600000 8.500000 4.800000 1.200000 0 0 0 0 0 3.300000 2.600000 7.800000 4.800000 0 0 0 0 0.000000 4.500000 8.000000 0.000000 0 0 0 0 1194 0 115 0 21 0 38 14 129 1196 5 45 9 236 8 105 0 0 1215 21 170 3 39 0 112 0 63 128 3 4 2 1 0 153 0 1 577 0 6 85 48 12 0 101 228 833 33 26 78 48 0 0 0 1 1218 0 45 80 0 0 0 0 0
1585331118.178949 3 0 1325 2540 2153 1.512437 0.218712 0.031361 0.004909 0.010363 1.012564 0.000000 0.600000 8.500000 4.800000 1.200000 0 0 0 0 0 2.900000 2.900000 7.300000 4.600000 0 0 0 0 0.000000 4.400000 8.000000 0.000000 0 0 0 0 1194 0 115 0 18 0 38 14 129 1196 5 45 9 236 8 105 0 0 1215 21 170 3 34 0 112 0 63 128 3 4 2 1 0 153 0 0 577 0 6 85 48 12 0 101 228 833 29 29 73 46 0 0 0 1 1218 0 44 80 0 0 0 0 0
1585331118.189010 3 0 1325 2539 2153 1.512437 0.220075 0.031361 0.005727 0.010363 1.013382 0.000000 0.600000 8.500000 4.800000 1.200000 0 0 0 0 0 3.100000 3.100000 7.000000 4.300000 0 0 0 0 0.000000 4.500000 8.000000 0.000000 0 0 0 0 1194 0 115 0 21 0 38 14 132 1196 5 45 9 235 8 105 0 0 1215 21 170 3 39 0 112 0 63 128 3 4 2 1 0 153 0 0 577 0 6 85 48 12 0 101 228 833 31 31 70 43 0 0 0 1 1218 0 45 80 0 0 0 0 0
1585331118.198930 3 0 1325 2539 2153 1.512437 0.220075 0.031361 0.005727 0.010363 1.013382 0.000000 0.600000 8.500000 4.800000 1.200000 0 0 0 0 0 3.300000 2.600000 6.800000 4.100000 0 0 0 0 0.000000 4.500000 8.000000 0.000000 0 0 0 0 1194 0 115 0 21 0 38 14 132 1196 5 45 9 235 8 105 0 0 1215 21 170 3 39 0 112 0 63 128 3 4 2 1 0 153 0 0 577 0 6 85 48 12 0 101 228 833 33 26 68 41 0 0 0 1 1218 0 45 80 0 0 0 0 0
1585331118.208965 3 0 1325 2540 2153 1.512437 0.218712 0.031361 0.004909 0.010363 1.012564 0.000000 0.600000 8.500000 4.800000 1.200000 0 0 0 0 0 2.700000 3.100000 6.900000 4.200000 0 0 0 0 0.000000 4.400000 8.000000 0.000000 0 0 0 0 1194 0 115 0 18 0 38 14 129 1196 5 45 9 236 8 105 0 0 1215 21 170 3 34 0 112 0 63 128 3 4 2 1 0 153 0 0 577 0 6 85 48 12 0 101 228 833 27 31 69 42 0 0 0 1 1218 0 44 80 0 0 0 0 0
1585331118.218993 3 0 1325 2540 2153 1.512437 0.220075 0.031361 0.004091 0.010363 1.012564 0.000000 0.600000 8.500000 4.800000 1.200000 0 0 0 0 0 2.200000 3.500000 7.600000 4.100000 0 0 0 0 0.000000 4.500000 8.000000 0.000000 0 0 0 0 1194 0 115 0 15 0 38 14 129 1196 5 45 9 236 8 105 0 0 1215 21 170 3 39 0 112 0 63 128 3 4 2 1 0 153 0 0 577 0 6 85 48 12 0 101 228 833 22 35 76 41 0 0 0 1 1218 0 45 80 0 0 0 0 0
1585331118.229009 3 0 1329 2539 2153 1.513800 0.220075 0.031361 0.004909 0.010363 1.013382 0.000000 0.600000 8.500000 4.800000 1.200000 0 0 0 0 0 2.300000 2.500000 8.000000 4.400000 0 0 0 0 0.000000 4.500000 8.000000 0.000000 0 0 0 0 1194 0 115 0 18 0 38 14 132 1196 5 49 9 235 8 105 0 0 1215 21 175 3 39 0 112 0 63 128 3 4 2 1 0 153 0 0 577 0 6 85 48 12 0 101 228 833 23 25 80 44 0 0 0 1 1218 0 45 80 0 0 0 0 0
1585331118.238984 3 0 1329 2539 2153 1.511073 0.218712 0.031361 0.005727 0.010363 1.012564 0.000000 0.600000 8.500000 4.800000 1.200000 0 0 0 0 0 2.900000 3.000000 7.400000 4.900000 0 0 0 0 0.000000 4.500000 8.000000 0.000000 0 0 0 0 1194 0 115 0 21 0 38 14 129 1196 5 49 9 235 8 105 0 0 1215 21 165 3 34 0 112 0 63 128 3 4 2 1 0 153 0 0 577 0 6 85 48 12 0 101 228 833 29 30 74 49 0 0 0 1 1218 0 45 80 0 0 0 0 0
1585331118.248974 3 0 1326 2539 2153 1.512437 0.218712 0.031361 0.005727 0.010363 1.013382 0.000000 0.600000 8.500000 4.800000 1.200000 0 0 0 0 0 2.900000 3.600000 7.100000 4.100000 0 0 0 0 0.000000 4.500000 8.000000 0.000000 0 0 0 0 1194 0 115 0 21 0 38 14 132 1196 5 46 9 235 8 105 0 0 1215 21 170 3 34 0 112 0 63 128 3 4 2 1 0 153 0 0 577 0 6 85 48 12 0 101 228 833 29 36 71 41 0 0 0 1 1218 0 45 80 0 0 0 0 0
1585331118.258987 3 0 1326 2539 2153 1.512437 0.218712 0.031361 0.005727 0.010363 1.012564 0.000000 0.600000 8.500000 4.800000 1.200000 0 0 0 0 0 2.400000 3.400000 7.000000 3.200000 0 0 0 0 0.000000 4.400000 8.000000 0.000000 0 0 0 0 1194 0 115 0 21 0 38 14 129 1196 5 46 9 235 8 105 0 0 1215 21 170 3 34 0 112 0 63 128 3 4 2 1 0 153 0 0 577 0 6 85 48 12 0 101 228 833 24 34 70 32 0 0 0 1 1218 0 44 80 0 0 0 0 0
1585331118.268964 3 0 1325 2539 2153 1.512437 0.220075 0.031361 0.004909 0.009545 1.013382 0.000000 0.600000 8.500000 4.800000 1.200000 0 0 0 0 0 2.400000 3.600000 7.000000 4.400000 0 0 0 0 0.000000 4.500000 8.000000 0.000000 0 0 0 0 1194 0 115 0 18 0 35 14 132 1196 5 45 9 235 8 105 0 0 1215 21 170 3 39 0 112 0 63 128 3 4 2 1 0 153 0 1 577 0 6 85 48 12 0 101 228 833 24 36 70 44 0 0 0 1 1218 0 45 80 0 0 0 0 0
1585331118.278982 3 0 1325 2539 2153 1.512437 0.220075 0.031361 0.004909 0.007636 1.012564 0.000000 0.600000 8.500000 4.800000 1.200000 0 0 0 0 0 2.900000 2.900000 7.700000 5.200000 0 0 0 0 0.000000 4.400000 8.000000 0.000000 0 0 0 0 1194 0 115 0 18 0 28 14 129 1196 5 45 9 235 8 105 0 0 1215 21 170 3 39 0 112 0 63 128 3 4 2 1 0 153 0 0 577 0 6 85 48 12 0 101 228 833 29 29 77 52 0 0 0 1 1218 0 44 80 0 0 0 0 0
1585331118.289014 3 0 1326 2540 2153 1.512437 0.218712 0.031361 0.004909 0.009545 1.013382 0.000000 0.600000 8.500000 4.800000 1.200000 0 0 0 0 0 2.700000 2.500000 7.400000 4.600000 0 0 0 0 0.000000 4.400000 8.000000 0.000000 0 0 0 0 1194 0 115 0 18 0 35 14 132 1196 5 46 9 236 8 105 0 0 1215 21 170 3 34 0 112 0 63 128 3 4 2 1 0 153 0 0 577 0 6 85 48 12 0 101 228 833 27 25 74 46 0 0 0 1 1218 0 44 80 0 0 0 0 0
1585331118.299017 3 0 1326 2540 2153 1.512437 0.218712 0.031361 0.004909 0.010363 1.013382 0.000000 0.600000 8.500000 4.800000 1.200000 0 0 0 0 0 2.500000 2.600000 7.400000 4.700000 0 0 0 0 0.000000 4.500000 8.000000 0.000000 0 0 0 0 1194 0 115 0 18 0 38 14 132 1196 5 46 9 236 8 105 0 0 1215 21 170 3 34 0 112 0 63 128 3 4 2 1 0 153 0 0 577 0 6 85 48 12 0 101 228 833 25 26 74 47 0 0 0 1 1218 0 45 80 0 0 0 0 0
1585331118.308963 3 0 1326 2539 2153 1.511073 0.217348 0.031361 0.005727 0.010363 1.012564 0.000000 0.600000 8.500000 4.800000 1.200000 0 0 0 0 0 2.500000 2.500000 7.300000 4.400000 0 0 0 0 0.000000 4.500000 8.000000 0.000000 0 0 0 0 1194 0 115 0 21 0 38 14 129 1196 5 46 9 235 8 105 0 0 1215 21 165 3 29 0 112 0 63 128 3 4 2 1 0 153 0 0 577 0 6 85 48 12 0 101 228 833 25 25 73 44 0 0 0 1 1218 0 45 80 0 0 0 0 0
1585331118.318994 3 0 1326 2539 2153 1.512437 0.218712 0.031361 0.005727 0.009545 1.013382 0.000000 0.600000 8.500000 4.800000 1.200000 0 0 0 0 0 2.700000 3.000000 6.800000 4.400000 0 0 0 0 0.000000 4.400000 8.000000 0.000000 0 0 0 0 1194 0 115 0 21 0 35 14 132 1196 5 46 9 235 8 105 0 0 1215 21 170 3 34 0 112 0 63 128 3 4 2 1 0 153 0 0 577 0 6 85 48 12 0 101 228 833 27 30 68 44 0 0 0 1 1218 0 44 80 0 0 0 0 0
1585331118.328958 3 0 1326 2539 2154 1.512437 0.220075 0.031361 0.005727 0.010363 1.013382 0.000000 0.600000 8.500000 4.800000 1.200000 0 0 0 0 0 2.900000 3.300000 7.200000 4.400000 0 0 0 0 0.000000 4.400000 8.000000 0.000000 0 0 0 0 1194 0 115 0 21 0 38 14 132 1196 5 46 9 235 8 106 0 0 1215 21 170 3 39 0 112 0 63 128 3 4 2 1 0 153 0 0 577 0 6 85 48 12 0 101 228 833 29 33 72 44 0 0 0 1 1218 0 44 80 0 0 0 0 0
1585331118.338984 3 0 1326 2539 2154 1.512437 0.220075 0.031361 0.004909 0.009545 1.013382 0.000000 0.600000 8.500000 4.800000 1.200000 0 0 0 0 0 2.600000 3.100000 7.300000 4.000000 0 0 0 0 0.000000 4.400000 8.000000 0.000000 0 0 0 0 1194 0 115 0 18 0 35 14 132 1196 5 46 9 235 8 106 0 0 1215 21 170 3 39 0 112 0 63 128 3 4 2 1 0 153 0 0 577 0 6 85 48 12 0 101 228 833 26 31 73 40 0 0 0 1 1218 0 44 80 0 0 0 0 0
1585331118.349013 3 0 1326 2539 2153 1.511073 0.217348 0.031361 0.004909 0.010363 1.013382 0.000000 0.600000 8.500000 4.800000 1.200000 0 0 0 0 0 2.900000 3.000000 7.500000 5.200000 0 0 0 0 0.000000 4.500000 8.000000 0.000000 0 0 0 0 1194 0 115 0 18 0 38 14 132 1196 5 46 9 235 8 105 0 0 1215 21 165 3 29 0 112 0 63 128 3 4 2 1 0 153 0 0 577 0 6 85 48 12 0 101 228 833 29 30 75 52 0 0 0 1 1218 0 45 80 0 0 0 0 0
1585331118.359005 3 0 1326 2539 2153 1.512437 0.218712 0.031361 0.004909 0.015272 1.012564 0.000000 0.600000 8.500000 4.800000 1.200000 0 0 0 0 0 3.000000 2.900000 7.100000 5.100000 0 0 0 0 0.000000 4.400000 8.000000 0.000000 0 0 0 0 1194 0 115 0 18 0 56 14 129 1196 5 46 9 235 8 105 0 0 1215 21 170 3 34 0 112 0 63 128 3 4 2 1 0 153 0 0 577 0 6 85 48 12 0 101 228 833 30 29 71 51 0 0 0 1 1218 0 44 80 0 0 0 0 0
1585331118.369005 3 0 1326 2539 2154 1.512437 0.218712 0.031361 0.004909 0.010363 1.012564 0.000000 0.600000 8.500000 4.800000 1.200000 0 0 0 0 0 2.900000 2.800000 7.300000 4.100000 0 0 0 0 0.000000 4.400000 8.000000 0.000000 0 0 0 0 1194 0 115 0 18 0 38 14 129 1196 5 46 9 235 8 106 0 0 1215 21 170 3 34 0 112 0 63 128 3 4 2 1 0 153 0 1 577 0 6 85 48 12 0 101 228 833 29 28 73 41 0 0 0 1 1218 0 44 80 0 0 0 0 0
1585331118.379008 3 0 1326 2539 2154 1.511073 0.217348 0.031361 0.004909 0.009545 1.013382 0.000000 0.600000 8.500000 4.800000 1.200000 0 0 0 0 0 3.000000 2.700000 7.600000 4.200000 0 0 0 0 0.000000 4.400000 8.000000 0.000000 0 0 0 0 1194 0 115 0 18 0 35 14 132 1196 5 46 9 235 8 106 0 0 1215 21 165 3 29 0 112 0 63 128 3 4 2 1 0 153 0 0 577 0 6 85 48 12 0 101 228 833 30 27 76 42 0 0 0 1 1218 0 44 80 0 0 0 0 0
1585331118.388995 3 0 1326 2538 2154 1.512437 0.220075 0.031361 0.004909 0.010363 1.012564 0.000000 0.600000 8.500000 4.800000 1.200000 0 0 0 0 0 2.600000 3.100000 6.700000 4.300000 0 0 0 0 0.000000 4.400000 8.000000 0.000000 0 0 0 0 1194 0 115 0 18 0 38 14 129 1196 5 46 9 234 8 106 0 0 1215 21 170 3 39 0 112 0 63 128 3 4 2 1 0 153 0 0 577 0 6 85 48 12 0 101 228 833 26 31 67 43 0 0 0 1 1218 0 44 80 0 0 0 0 0
1585331118.399014 3 0 1326 2538 2154 1.512437 0.220075 0.031361 0.004909 0.010363 1.012564 0.000000 0.600000 8.500000 4.800000 1.200000 0 0 0 0 0 2.300000 2.900000 6.800000 4.600000 0 0 0 0 0.000000 4.400000 8.000000 0.000000 0 0 0 0 1194 0 115 0 18 0 38 14 129 1196 5 46 9 234 8 106 0 0 1215 21 170 3 39 0 112 0 63 128 3 4 2 1 0 153 0 0 577 0 6 85 48 12 0 101 228 833 23 29 68 46 0 0 0 1 1218 0 44 80 0 0 0 0 0
1585331118.408986 3 0 1326 2539 2153 1.512437 0.218712 0.031361 0.005727 0.009545 1.012564 0.000000 0.600000 8.500000 4.800000 1.200000 0 0 0 0 0 2.400000 2.500000 7.700000 5.000000 0 0 0 0 0.000000 4.400000 8.000000 0.000000 0 0 0 0 1194 0 115 0 21 0 35 14 129 1196 5 46 9 235 8 105 0 0 1215 21 170 3 34 0 112 0 63 128 3 4 2 1 0 153 0 0 577 0 6 85 48 12 0 101 228 833 24 25 77 50 0 0 0 1 1218 0 44 80 0 0 0 0 0
1585331118.419034 3 0 1326 2539 2153 1.512437 0.218712 0.031361 0.004091 0.011454 1.013382 0.000000 0.600000 8.500000 4.800000 1.200000 0 0 0 0 0 2.400000 2.900000 7.300000 4.700000 0 0 0 0 0.000000 4.400000 8.000000 0.000000 0 0 0 0 1194 0 115 0 15 0 42 14 132 1196 5 46 9 235 8 105 0 0 1215 21 170 3 34 0 112 0 63 128 3 4 2 1 0 153 0 0 577 0 6 85 48 12 0 101 228 833 24 29 73 47 0 0 0 1 1218 0 44 80 0 0 0 0 0
1585331118.429004 3 0 1326 2538 2153 1.512437 0.218712 0.031361 0.005727 0.009545 1.012564 0.000000 0.600000 8.500000 4.800000 1.200000 0 0 0 0 0 2.400000 3.000000 6.500000 4.800000 0 0 0 0 0.000000 4.400000 8.000000 0.000000 0 0 0 0 1194 0 115 0 21 0 35 14 129 1196 5 46 9 234 8 105 0 0 1215 21 170 3 34 0 112 0 63 128 3 4 2 1 0 153 0 0 577 0 6 85 48 12 0 101 228 833 24 30 65 48 0 0 0 1 1218 0 44 80 0 0 0 0 0
1585331118.439064 3 0 1326 2538 2153 1.511073 0.217348 0.031361 0.004909 0.010363 1.013382 0.000000 0.600000 8.500000 4.800000 1.200000 0 0 0 0 0 2.400000 2.800000 7.500000 4.600000 0 0 0 0 0.000000 4.400000 8.000000 0.000000 0 0 0 0 1194 0 115 0 18 0 38 14 132 1196 5 46 9 234 8 105 0 0 1215 21 165 3 29 0 112 0 63 128 3 4 2 1 0 153 0 0 577 0 6 85 48 12 0 101 228 833 24 28 75 46 0 0 0 1 1218 0 44 80 0 0 0 0 0
1585331118.449044 3 0 1325 2539 2153 1.512437 0.218712 0.031361 0.005727 0.010363 1.013382 0.000000 0.600000 8.500000 4.800000 1.200000 0 0 0 0 0 2.800000 2.900000 7.400000 4.200000 0 0 0 0 0.000000 4.500000 8.000000 0.000000 0 0 0 0 1194 0 115 0 21 0 38 14 132 1196 5 45 9 235 8 105 0 0 1215 21 170 3 34 0 112 0 63 128 3 4 2 1 0 153 0 0 577 0 6 85 48 12 0 101 228 833 28 29 74 42 0 0 0 1 1218 0 45 80 0 0 0 0 0
1585331118.459004 3 0 1325 2539 2153 1.512437 0.218712 0.031361 0.004909 0.009545 1.012564 0.000000 0.600000 8.500000 4.800000 1.200000 0 0 0 0 0 3.100000 3.100000 6.700000 5.100000 0 0 0 0 0.000000 4.400000 8.000000 0.000000 0 0 0 0 1194 0 115 0 18 0 35 14 129 1196 5 45 9 235 8 105 0 0 1215 21 170 3 34 0 112 0 63 128 3 4 2 1 0 153 0 0 577 0 6 85 48 12 0 101 228 833 31 31 67 51 0 0 0 1 1218 0 44 80 0 0 0 0 0
1585331118.469064 3 0 1326 2538 2153 1.512437 0.218712 0.031361 0.005727 0.009545 1.013382 0.000000 0.600000 8.500000 4.800000 1.200000 0 0 0 0 0 2.600000 2.600000 7.200000 4.400000 0 0 0 0 0.000000 4.400000 8.000000 0.000000 0 0 0 0 1194 0 115 0 21 0 35 14 132 1196 5 46 9 234 8 105 0 0 1215 21 170 3 34 0 112 0 63 128 3 4 2 1 0 153 0 1 577 0 6 85 48 12 0 101 228 833 26 26 72 44 0 0 0 1 1218 0 44 80 0 0 0 0 0
1585331118.479030 3 0 1326 2538 2153 1.511073 0.217348 0.031361 0.005727 0.009545 1.013382 0.000000 0.600000 8.500000 4.800000 1.200000 0 0 0 0 0 2.300000 3.000000 7.700000 3.900000 0 0 0 0 0.000000 4.500000 8.000000 0.000000 0 0 0 0 1194 0 115 0 21 0 35 14 132 1196 5 46 9 234 8 105 0 0 1215 21 165 3 29 0 111 0 63 128 3 4 2 1 0 153 0 0 577 0 6 85 48 12 0 101 228 833 23 30 77 39 0 0 0 1 1218 0 45 80 0 0 0 0 0
1585331118.489037 3 0 1327 2539 2154 1.512437 0.220075 0.031361 0.005727 0.010363 1.013382 0.000000 0.600000 8.500000 4.800000 1.200000 0 0 0 0 0 2.800000 3.200000 8.500000 4.300000 0 0 0 0 0.000000 4.400000 8.000000 0.000000 0 0 0 0 1194 0 115 0 21 0 38 14 132 1196 5 47 9 235 8 106 0 0 1215 21 170 3 39 0 112 0 63 128 3 4 2 1 0 153 0 0 577 0 6 85 48 12 0 101 228 833 28 32 85 43 0 0 0 1 1218 0 44 80 0 0 0 0 0
1585331118.499066 3 0 1327 2539 2154 1.512437 0.218712 0.031361 0.005727 0.010363 1.013382 0.000000 0.600000 8.500000 4.800000 1.200000 0 0 0 0 0 2.700000 3.200000 8.000000 4.000000 0 0 0 0 0.000000 4.400000 8.000000 0.000000 0 0 0 0 1194 0 115 0 21 0 38 14 132 1196 5 47 9 235 8 106 0 0 1215 21 170 3 34 0 112 0 63 128 3 4 2 1 0 153 0 0 577 0 6 85 48 12 0 101 228 833 27 32 80 40 0 0 0 1 1218 0 44 80 0 0 0 0 0
1585331118.509105 3 0 1327 2539 2153 1.512437 0.218712 0.031361 0.005727 0.009545 1.013382 0.000000 0.600000 8.500000 4.800000 1.200000 0 0 0 0 0 2.700000 3.300000 7.900000 4.600000 0 0 0 0 0.000000 4.400000 8.000000 0.000000 0 0 0 0 1194 0 115 0 21 0 35 14 132 1196 5 47 9 235 8 105 0 0 1215 21 170 3 34 0 111 0 63 128 3 4 2 1 0 153 0 0 577 0 6 85 48 12 0 101 228 833 27 33 79 46 0 0 0 1 1218 0 44 80 0 0 0 0 0
1585331118.519051 3 0 1327 2539 2153 1.512437 0.218712 0.031361 0.005727 0.010363 1.013382 0.000000 0.600000 8.500000 4.800000 1.200000 0 0 0 0 0 3.000000 2.700000 7.500000 4.500000 0 0 0 0 0.000000 4.400000 8.000000 0.000000 0 0 0 0 1194 0 115 0 21 0 38 14 132 1196 5 47 9 235 8 105 0 0 1215 21 170 3 34 0 112 0 63 128 3 4 2 1 0 153 0 0 577 0 6 85 48 12 0 101 228 833 30 27 75 45 0 0 0 1 1218 0 44 80 0 0 0 0 0
1585331118.529008 3 0 1327 2538 2153 1.512437 0.217348 0.031361 0.004909 0.009545 1.013382 0.000000 0.600000 8.500000 4.800000 1.200000 0 0 0 0 0 3.100000 2.800000 7.000000 4.300000 0 0 0 0 0.000000 4.400000 8.000000 0.000000 0 0 0 0 1194 0 115 0 18 0 35 14 132 1196 5 47 9 234 8 105 0 0 1215 21 170 3 29 0 112 0 63 128 3 4 2 1 0 153 0 0 577 0 6 85 48 12 0 101 228 833 31 28 70 43 0 0 0 1 1218 0 44 80 0 0 0 0 0
1585331118.539122 3 0 1327 2538 2153 1.512437 0.220075 0.031361 0.004909 0.010363 1.012564 0.000000 0.600000 8.500000 4.800000 1.200000 0 0 0 0 0 2.800000 3.100000 7.900000 4.400000 0 0 0 0 0.000000 4.400000 8.000000 0.000000 0 0 0 0 1194 0 115 0 18 0 38 14 129 1196 5 47 9 234 8 105 0 0 1215 21 170 3 39 0 112 0 63 128 3 4 2 1 0 153 0 0 577 0 6 85 48 12 0 101 228 833 28 31 79 44 0 0 0 1 1218 0 44 80 0 0 0 0 0
1585331118.549111 3 0 1327 2538 2153 1.512437 0.218712 0.031361 0.005727 0.010363 1.013382 0.000000 0.600000 8.500000 4.800000 1.200000 0 0 0 0 0 2.500000 3.400000 7.800000 4.000000 0 0 0 0 0.000000 4.400000 8.000000 0.000000 0 0 0 0 1194 0 115 0 21 0 38 14 132 1196 5 47 9 234 8 105 0 0 1215 21 170 3 34 0 111 0 63 128 3 4 2 1 0 153 0 0 577 0 6 85 48 12 0 101 228 833 25 34 78 40 0 0 0 1 1218 0 44 80 0 0 0 0 0
1585331118.559096 3 0 1327 2538 2153 1.512437 0.218712 0.031361 0.004909 0.015272 1.013382 0.000000 0.600000 8.500000 4.800000 1.200000 0 0 0 0 0 2.800000 3.300000 7.100000 4.500000 0 0 0 0 0.000000 4.400000 8.000000 0.000000 0 0 0 0 1194 0 115 0 18 0 56 14 132 1196 5 47 9 234 8 105 0 0 1215 21 170 3 34 0 112 0 63 128 3 4 2 1 0 153 0 0 577 0 6 85 48 12 0 101 228 833 28 33 71 45 0 0 0 1 1218 0 44 80 0 0 0 0 0
1585331118.569093 3 0 1327 2539 2153 1.511073 0.217348 0.031361 0.005727 0.010363 1.012564 0.000000 0.600000 8.500000 4.800000 1.200000 0 0 0 0 0 3.300000 3.200000 7.500000 4.900000 0 0 0 0 0.000000 4.400000 8.000000 0.000000 0 0 0 0 1194 0 115 0 21 0 38 14 129 1196 5 47 9 235 8 105 0 0 1215 21 165 3 29 0 112 0 63 128 3 4 2 1 0 153 0 1 577 0 6 85 48 12 0 101 228 833 33 32 75 49 0 0 0 1 1218 0 44 80 0 0 0 0 0
1585331118.579060 3 0 1327 2539 2153 1.512437 0.220075 0.031361 0.005727 0.009545 1.012564 0.000000 0.600000 8.500000 4.800000 1.200000 0 0 0 0 0 3.200000 3.200000 7.200000 4.000000 0 0 0 0 0.000000 4.400000 8.000000 0.000000 0 0 0 0 1194 0 115 0 21 0 35 14 129 1196 5 47 9 235 8 105 0 0 1215 21 170 3 39 0 112 0 63 128 3 4 2 1 0 153 0 0 577 0 6 85 48 12 0 101 228 833 32 32 72 40 0 0 0 1 1218 0 44 80 0 0 0 0 0
1585331118.589061 3 0 1327 2539 2153 1.511073 0.218712 0.031361 0.005727 0.010363 1.012564 0.000000 0.600000 8.500000 4.800000 1.200000 0 0 0 0 0 3.000000 3.000000 7.400000 3.900000 0 0 0 0 0.000000 4.400000 8.000000 0.000000 0 0 0 0 1194 0 115 0 21 0 38 14 129 1196 5 47 9 235 8 105 0 0 1215 21 165 3 34 0 111 0 63 128 3 4 2 1 0 153 0 0 577 0 6 85 48 12 0 101 228 833 30 30 74 39 0 0 0 1 1218 0 44 80 0 0 0 0 0
1585331118.599105 3 0 1327 2539 2153 1.511073 0.218712 0.031361 0.004909 0.010363 1.012564 0.000000 0.600000 8.500000 4.800000 1.200000 0 0 0 0 0 2.800000 3.000000 6.900000 4.800000 0 0 0 0 0.000000 4.400000 8.000000 0.000000 0 0 0 0 1194 0 115 0 18 0 38 14 129 1196 5 47 9 235 8 105 0 0 1215 21 165 3 34 0 111 0 63 128 3 4 2 1 0 153 0 0 577 0 6 85 48 12 0 101 228 833 28 30 69 48 0 0 0 1 1218 0 44 80 0 0 0 0 0
1585331118.609075 3 0 1327 2538 2153 1.512437 0.218712 0.031361 0.004909 0.010363 1.013382 0.000000 0.600000 8.500000 4.800000 1.200000 0 0 0 0 0 2.900000 2.800000 6.300000 4.400000 0 0 0 0 0.000000 4.400000 8.000000 0.000000 0 0 0 0 1194 0 115 0 18 0 38 14 132 1196 5 47 9 234 8 105 0 0 1215 21 170 3 34 0 112 0 63 128 3 4 2 1 0 153 0 0 577 0 6 85 48 12 0 101 228 833 29 28 63 44 0 0 0 1 1218 0 44 80 0 0 0 0 0
1585331118.619078 3 0 1327 2538 2153 1.511073 0.217348 0.031361 0.005727 0.010363 1.012564 0.000000 0.600000 8.500000 4.800000 1.200000 0 0 0 0 0 3.000000 3.200000 6.600000 4.100000 0 0 0 0 0.000000 4.400000 8.000000 0.000000 0 0 0 0 1194 0 115 0 21 0 38 14 129 1196 5 47 9 234 8 105 0 0 1215 21 165 3 29 0 111 0 63 128 3 4 2 1 0 153 0 0 577 0 6 85 48 12 0 101 228 833 30 32 66 41 0 0 0 1 1218 0 44 80 0 0 0 0 0
1585331118.629046 3 0 1327 2538 2153 1.511073 0.218712 0.031361 0.004909 0.010363 1.013382 0.000000 0.600000 8.500000 4.800000 1.200000 0 0 0 0 0 2.300000 3.100000 7.100000 4.700000 0 0 0 0 0.000000 4.400000 8.000000 0.000000 0 0 0 0 1194 0 115 0 18 0 38 14 132 1196 5 47 9 234 8 105 0 0 1215 21 165 3 34 0 111 0 63 128 3 4 2 1 0 153 0 0 577 0 6 85 48 12 0 101 228 833 23 31 71 47 0 0 0 1 1218 0 44 80 0 0 0 0 0
1585331118.639098 3 0 1327 2538 2153 1.512437 0.220075 0.031361 0.004909 0.010363 1.012564 0.000000 0.600000 8.500000 4.800000 1.200000 0 0 0 0 0 2.200000 2.600000 7.300000 4.400000 0 0 0 0 0.000000 4.400000 8.000000 0.000000 0 0 0 0 1194 0 115 0 18 0 38 14 129 1196 5 47 9 234 8 105 0 0 1215 21 170 3 39 0 111 0 63 128 3 4 2 1 0 153 0 0 577 0 6 85 48 12 0 101 228 833 22 26 73 44 0 0 0 1 1218 0 44 80 0 0 0 0 0
1585331118.649064 3 0 1327 2539 2154 1.512437 0.218712 0.031361 0.004909 0.010363 1.012564 0.000000 0.600000 8.500000 4.800000 1.200000 0 0 0 0 0 2.300000 2.600000 7.900000 3.900000 0 0 0 0 0.000000 4.400000 8.000000 0.000000 0 0 0 0 1194 0 115 0 18 0 38 14 129 1196 5 47 9 235 8 106 0 0 1215 21 170 3 34 0 111 0 63 128 3 4 2 1 0 153 0 0 577 0 6 85 48 12 0 101 228 833 23 26 79 39 0 0 0 1 1218 0 44 80 0 0 0 0 0
1585331118.659132 3 0 1327 2539 2154 1.511073 0.218712 0.031361 0.004909 0.010363 1.013382 0.000000 0.600000 8.500000 4.800000 1.200000 0 0 0 0 0 2.300000 2.700000 7.100000 4.200000 0 0 0 0 0.000000 4.400000 8.000000 0.000000 0 0 0 0 1194 0 115 0 18 0 38 14 132 1196 5 47 9 235 8 106 0 0 1215 21 165 3 34 0 112 0 63 128 3 4 2 1 0 153 0 0 577 0 6 85 48 12 0 101 228 833 23 27 71 42 0 0 0 1 1218 0 44 80 0 0 0 0 0
1585331118.669121 3 0 1327 2539 2153 1.511073 0.217348 0.031361 0.005727 0.010363 1.012564 0.000000 0.600000 8.500000 4.800000 1.200000 0 0 0 0 0 2.900000 2.800000 6.200000 4.600000 0 0 0 0 0.000000 4.400000 8.000000 0.000000 0 0 0 0 1194 0 115 0 21 0 38 14 129 1196 5 47 9 235 8 105 0 0 1215 21 165 3 29 0 112 0 63 128 3 4 2 1 0 153 0 1 577 0 6 85 48 12 0 101 228 833 29 28 62 46 0 0 0 1 1218 0 44 80 0 0 0 0 0
1585331118.679090 3 0 1327 2539 2153 1.512437 0.218712 0.031361 0.004909 0.010363 1.013382 0.000000 0.600000 8.500000 4.800000 1.200000 0 0 0 0 0 2.800000 2.700000 6.800000 4.800000 0 0 0 0 0.000000 4.400000 8.000000 0.000000 0 0 0 0 1194 0 115 0 18 0 38 14 132 1196 5 47 9 235 8 105 0 0 1215 21 170 3 34 0 112 0 63 128 3 4 2 1 0 153 0 0 577 0 6 85 48 12 0 101 228 833 28 27 68 48 0 0 0 1 1218 0 44 80 0 0 0 0 0
1585331118.689114 3 0 1327 2538 2153 1.512437 0.220075 0.031361 0.006545 0.009545 1.013382 0.000000 0.600000 8.500000 4.800000 1.200000 0 0 0 0 0 2.800000 3.200000 7.200000 4.400000 0 0 0 0 0.000000 4.400000 8.000000 0.000000 0 0 0 0 1194 0 115 0 24 0 35 14 132 1196 5 47 9 234 8 105 0 0 1215 21 170 3 39 0 111 0 63 128 3 4 2 1 0 153 0 0 577 0 6 85 48 12 0 101 228 833 28 32 72 44 0 0 0 1 1218 0 44 80 0 0 0 0 0
1585331118.699239 3 0 1327 2538 2153 1.512437 0.220075 0.031361 0.004091 0.009545 1.013382 0.000000 0.600000 8.500000 4.800000 1.200000 0 0 0 0 0 3.300000 3.000000 7.700000 4.500000 0 0 0 0 0.000000 4.400000 8.000000 0.000000 0 0 0 0 1194 0 115 0 15 0 35 14 132 1196 5 47 9 234 8 105 0 0 1215 21 170 3 39 0 111 0 63 128 3 4 2 1 0 153 0 0 577 0 6 85 48 12 0 101 228 833 33 30 77 45 0 0 0 1 1218 0 44 80 0 0 0 0 0
1585331118.709154 3 0 1327 2539 2153 1.513800 0.220075 0.031361 0.005727 0.010363 1.013382 0.000000 0.600000 8.500000 4.800000 1.200000 0 0 0 0 0 3.300000 2.900000 6.800000 4.300000 0 0 0 0 0.000000 4.400000 8.000000 0.000000 0 0 0 0 1194 0 115 0 21 0 38 14 132 1196 5 47 9 235 8 105 0 0 1215 21 175 3 39 0 111 0 63 128 3 4 2 1 0 153 0 0 577 0 6 85 48 12 0 101 228 833 33 29 68 43 0 0 0 1 1218 0 44 80 0 0 0 0 0
1585331118.719103 3 0 1327 2539 2153 1.511073 0.217348 0.031361 0.005727 0.010363 1.012564 0.000000 0.600000 8.500000 4.800000 1.200000 0 0 0 0 0 2.600000 3.300000 6.800000 3.800000 0 0 0 0 0.000000 4.400000 8.000000 0.000000 0 0 0 0 1194 0 115 0 21 0 38 14 129 1196 5 47 9 235 8 105 0 0 1215 21 165 3 29 0 111 0 63 128 3 4 2 1 0 153 0 0 577 0 6 85 48 12 0 101 228 833 26 33 68 38 0 0 0 1 1218 0 44 80 0 0 0 0 0
1585331118.729162 3 0 1327 2538 2153 1.512437 0.218712 0.031361 0.005727 0.009545 1.012564 0.000000 0.600000 8.500000 4.800000 1.200000 0 0 0 0 0 2.700000 2.800000 7.600000 4.300000 0 0 0 0 0.000000 4.400000 8.000000 0.000000 0 0 0 0 1194 0 115 0 21 0 35 14 129 1196 5 47 9 234 8 105 0 0 1215 21 170 3 34 0 111 0 63 128 3 4 2 1 0 153 0 0 577 0 6 85 48 12 0 101 228 833 27 28 76 43 0 0 0 1 1218 0 44 80 0 0 0 0 0
1585331118.739127 3 0 1327 2538 2153 1.512437 0.218712 0.031361 0.004909 0.010363 1.012564 0.000000 0.600000 8.500000 4.800000 1.200000 0 0 0 0 0 3.300000 2.900000 7.200000 4.000000 0 0 0 0 0.000000 4.400000 8.000000 0.000000 0 0 0 0 1194 0 115 0 18 0 38 14 129 1196 5 47 9 234 8 105 0 0 1215 21 170 3 34 0 111 0 62 128 3 4 2 1 0 153 0 0 577 0 6 85 48 12 0 101 228 833 33 29 72 40 0 0 0 1 1218 0 44 80 0 0 0 0 0
1585331118.748239 3 0 1327 2538 2153 1.512437 0.218712 0.031361 0.004909 0.010363 1.012564 0.000000 0.600000 8.500000 4.800000 1.200000 0 0 0 0 0 3.100000 3.700000 6.900000 4.500000 0 0 0 0 0.000000 4.400000 8.000000 0.000000 0 0 0 0 1194 0 115 0 18 0 38 14 129 1196 5 47 9 234 8 105 0 0 1215 21 170 3 34 0 112 0 63 128 3 4 2 1 0 153 0 0 577 0 6 85 48 12 0 101 228 833 31 37 69 45 0 0 0 1 1218 0 44 80 0 0 0 0 0
1585331118.759134 3 0 1327 2538 2153 1.512437 0.218712 0.031361 0.004091 0.010363 1.012564 0.000000 0.600000 8.500000 4.800000 1.200000 0 0 0 0 0 3.100000 3.100000 6.800000 5.100000 0 0 0 0 0.000000 4.400000 8.000000 0.000000 0 0 0 0 1194 0 115 0 15 0 38 14 129 1196 5 47 9 234 8 105 0 0 1215 21 170 3 34 0 111 0 63 128 3 4 2 1 0 153 0 0 577 0 6 85 48 12 0 101 228 833 31 31 68 51 0 0 0 1 1218 0 44 80 0 0 0 0 0
1585331118.769147 3 0 1328 2539 2153 1.512437 0.218712 0.031361 0.004091 0.009545 1.012564 0.000000 0.600000 8.500000 4.800000 1.200000 0 0 0 0 0 3.200000 2.800000 6.500000 4.600000 0 0 0 0 0.000000 4.400000 8.000000 0.000000 0 0 0 0 1194 0 115 0 15 0 35 14 129 1196 5 48 9 235 8 105 0 0 1215 21 170 3 34 0 111 0 63 128 3 4 2 1 0 153 0 1 577 0 6 85 48 12 0 101 228 833 32 28 65 46 0 0 0 1 1218 0 44 80 0 0 0 0 0
1585331118.779102 3 0 1328 2539 2153 1.512437 0.218712 0.031361 0.005727 0.010363 1.012564 0.000000 0.600000 8.500000 4.800000 1.200000 0 0 0 0 0 3.000000 2.500000 7.500000 4.400000 0 0 0 0 0.000000 4.400000 8.000000 0.000000 0 0 0 0 1194 0 115 0 21 0 38 14 129 1196 5 48 9 235 8 105 0 0 1215 21 170 3 34 0 111 0 63 128 3 4 2 1 0 153 0 0 577 0 6 85 48 12 0 101 228 833 30 25 75 44 0 0 0 1 1218 0 44 80 0 0 0 0 0
1585331118.789209 3 0 1328 2539 2153 1.512437 0.218712 0.031361 0.005727 0.010363 1.013382 0.000000 0.600000 8.500000 4.800000 1.200000 0 0 0 0 0 2.700000 2.400000 7.100000 4.000000 0 0 0 0 0.000000 4.400000 8.000000 0.000000 0 0 0 0 1194 0 115 0 21 0 38 14 132 1196 5 48 9 235 8 105 0 0 1215 21 170 3 34 0 111 0 63 128 3 4 2 1 0 153 0 0 577 0 6 85 48 12 0 101 228 833 27 24 71 40 0 0 0 1 1218 0 44 80 0 0 0 0 0
1585331118.799229 3 0 1328 2539 2153 1.512437 0.218712 0.031361 0.004909 0.009545 1.013382 0.000000 0.600000 8.500000 4.800000 1.200000 0 0 0 0 0 3.000000 3.200000 7.400000 4.000000 0 0 0 0 0.000000 4.400000 8.000000 0.000000 0 0 0 0 1194 0 115 0 18 0 35 14 132 1196 5 48 9 235 8 105 0 0 1215 21 170 3 34 0 111 0 63 128 3 4 2 1 0 153 0 0 577 0 6 85 48 12 0 101 228 833 30 32 74 40 0 0 0 1 1218 0 44 80 0 0 0 0 0
1585331118.809126 3 0 1327 2538 2153 1.512437 0.218712 0.031361 0.004909 0.010363 1.012564 0.000000 0.600000 8.500000 4.800000 1.200000 0 0 0 0 0 2.900000 2.700000 7.500000 4.000000 0 0 0 0 0.000000 4.400000 8.000000 0.000000 0 0 0 0 1194 0 115 0 18 0 38 14 129 1196 5 47 9 234 8 105 0 0 1215 21 170 3 34 0 111 0 63 128 3 4 2 1 0 153 0 0 577 0 6 85 48 12 0 101 228 833 29 27 75 40 0 0 0 1 1218 0 44 80 0 0 0 0 0
1585331118.819226 3 0 1327 2538 2153 1.512437 0.218712 0.031361 0.005727 0.010363 1.012564 0.000000 0.600000 8.500000 4.800000 1.200000 0 0 0 0 0 3.000000 2.900000 7.300000 4.000000 0 0 0 0 0.000000 4.400000 8.000000 0.000000 0 0 0 0 1194 0 115 0 21 0 38 14 129 1196 5 47 9 234 8 105 0 0 1215 21 170 3 34 0 111 0 62 128 3 4 2 1 0 153 0 0 577 0 6 85 48 12 0 101 228 833 30 29 73 40 0 0 0 1 1218 0 44 80 0 0 0 0 0
1585331118.829226 3 0 1328 2538 2153 1.511073 0.217348 0.031361 0.005727 0.010363 1.012564 0.000000 0.600000 8.500000 4.800000 1.200000 0 0 0 0 0 2.600000 2.900000 7.600000 4.000000 0 0 0 0 0.000000 4.400000 8.000000 0.000000 0 0 0 0 1194 0 115 0 21 0 38 14 129 1196 5 48 9 234 8 105 0 0 1215 21 165 3 29 0 111 0 62 128 3 4 2 1 0 153 0 0 577 0 6 85 48 12 0 101 228 833 26 29 76 40 0 0 0 1 1218 0 44 80 0 0 0 0 0
1585331118.839129 3 0 1328 2538 2153 1.512437 0.218712 0.031361 0.004909 0.010363 1.013382 0.000000 0.600000 8.500000 4.800000 1.200000 0 0 0 0 0 2.300000 2.900000 6.600000 4.200000 0 0 0 0 0.000000 4.400000 8.000000 0.000000 0 0 0 0 1194 0 115 0 18 0 38 14 132 1196 5 48 9 234 8 105 0 0 1215 21 170 3 34 0 111 0 62 128 3 4 2 1 0 153 0 0 577 0 6 85 48 12 0 101 228 833 23 29 66 42 0 0 0 1 1218 0 44 80 0 0 0 0 0
1585331118.849097 3 0 1328 2537 2153 1.512437 0.220075 0.031361 0.005727 0.009545 1.012564 0.000000 0.600000 8.500000 4.800000 1.200000 0 0 0 0 0 2.700000 2.800000 7.800000 4.700000 0 0 0 0 0.000000 4.400000 8.000000 0.000000 0 0 0 0 1194 0 115 0 21 0 35 14 129 1196 5 48 9 233 8 105 0 0 1215 21 170 3 39 0 111 0 62 128 3 4 2 1 0 153 0 0 577 0 6 85 48 12 0 101 228 833 27 28 78 47 0 0 0 1 1218 0 44 80 0 0 0 0 0
1585331118.859274 3 0 1328 2537 2153 1.513800 0.220075 0.031361 0.004909 0.010363 1.012564 0.000000 0.600000 8.500000 4.800000 1.200000 0 0 0 0 0 2.400000 2.400000 7.400000 4.700000 0 0 0 0 0.000000 4.400000 8.000000 0.000000 0 0 0 0 1194 0 115 0 18 0 38 14 129 1196 5 48 9 233 8 105 0 0 1215 21 175 3 39 0 111 0 63 128 3 4 2 1 0 153 0 0 577 0 6 85 48 12 0 101 228 833 24 24 74 47 0 0 0 1 1218 0 44 80 0 0 0 0 0
1585331118.869128 3 0 1327 2538 2154 1.512437 0.218712 0.031361 0.004909 0.009545 1.012564 0.000000 0.600000 8.500000 4.800000 1.200000 0 0 0 0 0 2.700000 2.900000 7.200000 4.800000 0 0 0 0 0.000000 4.400000 8.000000 0.000000 0 0 0 0 1194 0 115 0 18 0 35 14 129 1196 5 47 9 234 8 106 0 0 1215 21 170 3 34 0 111 0 63 128 3 4 2 1 0 153 0 1 577 0 6 85 48 12 0 101 228 833 27 29 72 48 0 0 0 1 1218 0 44 80 0 0 0 0 0
1585331118.879183 3 0 1327 2538 2154 1.512437 0.218712 0.031361 0.004909 0.009545 1.013382 0.000000 0.600000 8.500000 4.800000 1.200000 0 0 0 0 0 2.700000 3.200000 8.000000 4.500000 0 0 0 0 0.000000 4.400000 7.900000 0.000000 0 0 0 0 1194 0 115 0 18 0 35 14 132 1196 5 47 9 234 8 106 0 0 1215 21 170 3 34 0 111 0 63 128 3 4 2 1 0 153 0 0 577 0 6 85 48 12 0 101 228 833 27 32 80 45 0 0 0 1 1218 0 44 79 0 0 0 0 0
1585331118.889191 3 0 1327 2538 2153 1.512437 0.218712 0.031361 0.004909 0.010363 1.013382 0.000000 0.600000 8.500000 4.800000 1.200000 0 0 0 0 0 2.700000 3.500000 7.900000 4.100000 0 0 0 0 0.000000 4.400000 8.000000 0.000000 0 0 0 0 1194 0 115 0 18 0 38 14 132 1196 5 47 9 234 8 105 0 0 1215 21 170 3 34 0 111 0 63 128 3 4 2 1 0 153 0 0 577 0 6 85 48 12 0 101 228 833 27 35 79 41 0 0 0 1 1218 0 44 80 0 0 0 0 0
1585331118.899224 3 0 1327 2538 2153 1.512437 0.220075 0.031361 0.004909 0.009545 1.016109 0.000000 0.600000 8.500000 4.800000 1.200000 0 0 0 0 0 2.700000 2.700000 7.600000 4.700000 0 0 0 0 0.000000 4.400000 8.000000 0.000000 0 0 0 0 1194 0 115 0 18 0 35 14 142 1196 5 47 9 234 8 105 0 0 1215 21 170 3 39 0 111 0 62 128 3 4 2 1 0 153 0 0 577 0 6 85 48 12 0 101 228 833 27 27 76 47 0 0 0 1 1218 0 44 80 0 0 0 0 0
1585331118.909246 3 0 1328 2538 2153 1.512437 0.218712 0.031361 0.004091 0.010363 1.013382 0.000000 0.600000 8.500000 4.800000 1.200000 0 0 0 0 0 2.300000 2.900000 6.700000 4.400000 0 0 0 0 0.000000 4.400000 8.000000 0.000000 0 0 0 0 1194 0 115 0 15 0 38 14 132 1196 5 48 9 234 8 105 0 0 1215 21 170 3 34 0 111 0 63 128 3 4 2 1 0 154 0 0 577 0 6 85 48 12 0 101 228 833 23 29 67 44 0 0 0 1 1218 0 44 80 0 0 0 0 0
1585331118.919256 3 0 1328 2538 2153 1.512437 0.218712 0.031361 0.004909 0.009545 1.012564 0.000000 0.600000 8.500000 4.800000 1.200000 0 0 0 0 0 2.700000 3.100000 7.300000 4.400000 0 0 0 0 0.000000 4.400000 8.000000 0.000000 0 0 0 0 1194 0 115 0 18 0 35 14 129 1196 5 48 9 234 8 105 0 0 1215 21 170 3 34 0 111 0 62 128 3 4 2 1 0 153 0 0 577 0 6 85 48 12 0 101 228 833 27 31 73 44 0 0 0 1 1218 0 44 80 0 0 0 0 0
1585331118.929229 3 0 1327 2538 2153 1.512437 0.218712 0.031361 0.004909 0.009545 1.013382 0.000000 0.600000 8.500000 4.800000 1.200000 0 0 0 0 0 2.900000 2.700000 7.900000 4.700000 0 0 0 0 0.000000 4.400000 8.000000 0.000000 0 0 0 0 1194 0 115 0 18 0 35 14 132 1196 5 47 9 234 8 105 0 0 1215 21 170 3 34 0 111 0 62 128 3 4 2 1 0 153 0 0 577 0 6 85 48 12 0 101 228 833 29 27 79 47 0 0 0 1 1218 0 44 80 0 0 0 0 0
1585331118.939198 3 0 1327 2538 2153 1.515164 0.222802 0.031361 0.005727 0.010363 1.013382 0.000000 0.600000 8.500000 4.800000 1.200000 0 0 0 0 0 2.900000 3.100000 7.100000 3.900000 0 0 0 0 0.000000 4.400000 8.000000 0.000000 0 0 0 0 1194 0 115 0 21 0 38 14 132 1196 5 47 9 234 8 105 0 0 1215 21 180 3 49 0 111 0 63 128 3 4 2 1 0 153 0 0 577 0 6 85 48 12 0 101 228 833 29 31 71 39 0 0 0 1 1218 0 44 80 0 0 0 0 0
1585331118.949175 3 0 1327 2538 2153 1.511073 0.217348 0.031361 0.004909 0.009545 1.013382 0.000000 0.600000 8.500000 4.800000 1.200000 0 0 0 0 0 3.000000 2.800000 6.900000 3.900000 0 0 0 0 0.000000 4.400000 8.000000 0.000000 0 0 0 0 1194 0 115 0 18 0 35 14 132 1196 5 47 9 234 8 105 0 0 1215 21 165 3 29 0 111 0 62 128 3 4 2 1 0 153 0 0 577 0 6 85 48 12 0 101 228 833 30 28 69 39 0 0 0 1 1218 0 44 80 0 0 0 0 0
1585331118.959225 3 0 1327 2538 2153 1.511073 0.217348 0.031361 0.005727 0.009545 1.013382 0.000000 0.600000 8.500000 4.800000 1.200000 0 0 0 0 0 2.700000 2.800000 6.600000 4.400000 0 0 0 0 0.000000 4.400000 8.000000 0.000000 0 0 0 0 1194 0 115 0 21 0 35 14 132 1196 5 47 9 234 8 105 0 0 1215 21 165 3 29 0 111 0 63 128 3 4 2 1 0 153 0 0 577 0 6 85 48 12 0 101 228 833 27 28 66 44 0 0 0 1 1218 0 44 80 0 0 0 0 0
1585331118.969169 3 0 1328 2538 2153 1.512437 0.218712 0.031361 0.004909 0.010363 1.012564 0.000000 0.600000 8.400000 4.800000 1.200000 0 0 0 0 0 2.700000 2.800000 6.400000 4.800000 0 0 0 0 0.000000 4.400000 7.900000 0.000000 0 0 0 0 1194 0 115 0 18 0 38 14 129 1196 5 48 9 234 8 105 0 0 1215 21 170 3 34 0 111 0 62 128 3 4 2 1 0 153 0 1 577 0 6 84 48 12 0 101 228 833 27 28 64 48 0 0 0 1 1218 0 44 79 0 0 0 0 0
1585331118.979215 3 0 1328 2538 2153 1.512437 0.218712 0.031361 0.005727 0.009545 1.012564 0.000000 0.600000 8.500000 4.800000 1.200000 0 0 0 0 0 2.900000 3.000000 7.400000 4.500000 0 0 0 0 0.000000 4.400000 8.000000 0.000000 0 0 0 0 1194 0 115 0 21 0 35 14 129 1196 5 48 9 234 8 105 0 0 1215 21 170 3 34 0 111 0 62 128 3 4 2 1 0 153 0 0 577 0 6 85 48 12 0 101 228 833 29 30 74 45 0 0 0 1 1218 0 44 80 0 0 0 0 0
1585331118.989220 3 0 1328 2538 2154 1.511073 0.217348 0.031361 0.005727 0.010363 1.013382 0.000000 0.600000 8.400000 4.800000 1.200000 0 0 0 0 0 2.700000 3.000000 7.800000 4.100000 0 0 0 0 0.000000 4.400000 8.000000 0.000000 0 0 0 0 1194 0 115 0 21 0 38 14 132 1196 5 48 9 234 8 106 0 0 1215 21 165 3 29 0 111 0 62 128 3 4 2 1 0 153 0 0 577 0 6 84 48 12 0 101 228 833 27 30 78 41 0 0 0 1 1218 0 44 80 0 0 0 0 0
1585331118.999223 3 0 1328 2538 2154 1.512437 0.220075 0.031361 0.004909 0.009545 1.013382 0.000000 0.600000 8.500000 4.800000 1.200000 0 0 0 0 0 3.000000 3.000000 7.800000 4.700000 0 0 0 0 0.000000 4.400000 8.000000 0.000000 0 0 0 0 1194 0 115 0 18 0 35 14 132 1196 5 48 9 234 8 106 0 0 1215 21 170 3 39 0 111 0 62 128 3 4 2 1 0 154 0 0 577 0 6 85 48 12 0 101 228 833 30 30 78 47 0 0 0 1 1218 0 44 80 0 0 0 0 0
1585331119.009197 3 0 1328 2537 2153 1.511073 0.217348 0.031361 0.004091 0.010363 1.012564 0.000000 0.600000 8.400000 4.800000 1.200000 0 0 0 0 0 3.000000 2.800000 8.000000 4.700000 0 0 0 0 0.000000 4.400000 8.000000 0.000000 0 0 0 0 1194 0 115 0 15 0 38 14 129 1196 5 48 9 233 8 105 0 0 1215 21 165 3 29 0 111 0 62 128 3 4 2 1 0 153 0 0 577 0 6 84 48 12 0 101 228 833 30 28 80 47 0 0 0 1 1218 0 44 80 0 0 0 0 0
1585331119.019286 3 0 1328 2537 2153 1.512437 0.218712 0.031361 0.005727 0.010363 1.012564 0.000000 0.600000 8.500000 4.800000 1.200000 0 0 0 0 0 2.900000 2.600000 8.000000 3.800000 0 0 0 0 0.000000 4.400000 8.000000 0.000000 0 0 0 0 1194 0 115 0 21 0 38 14 129 1196 5 48 9 233 8 105 0 0 1215 21 170 3 34 0 111 0 62 128 3 4 2 1 0 153 0 0 577 0 6 85 48 12 0 101 228 833 29 26 80 38 0 0 0 1 1218 0 44 80 0 0 0 0 0
1585331119.029228 3 0 1328 2538 2153 1.512437 0.218712 0.031361 0.004909 0.009545 1.013382 0.000000 0.600000 8.400000 4.800000 1.200000 0 0 0 0 0 2.500000 3.200000 7.900000 4.200000 0 0 0 0 0.000000 4.400000 8.000000 0.000000 0 0 0 0 1194 0 115 0 18 0 35 14 132 1196 5 48 9 234 8 105 0 0 1215 21 170 3 34 0 111 0 62 128 3 4 2 1 0 153 0 0 577 0 6 84 48 12 0 101 228 833 25 32 79 42 0 0 0 1 1218 0 44 80 0 0 0 0 0
1585331119.039202 3 0 1328 2538 2153 1.511073 0.217348 0.031361 0.004909 0.010363 1.013382 0.000000 0.600000 8.500000 4.800000 1.200000 0 0 0 0 0 2.400000 3.100000 7.500000 4.500000 0 0 0 0 0.000000 4.400000 7.900000 0.000000 0 0 0 0 1194 0 115 0 18 0 38 14 132 1196 5 48 9 234 8 105 0 0 1215 21 165 3 29 0 111 0 62 128 3 4 2 1 0 153 0 0 577 0 6 85 48 12 0 101 228 833 24 31 75 45 0 0 0 1 1218 0 44 79 0 0 0 0 0
1585331119.049271 3 0 1328 2538 2153 1.511073 0.218712 0.031361 0.004909 0.009545 1.012564 0.000000 0.600000 8.400000 4.800000 1.200000 0 0 0 0 0 2.700000 3.400000 7.300000 4.800000 0 0 0 0 0.000000 4.400000 8.000000 0.000000 0 0 0 0 1194 0 115 0 18 0 35 14 129 1196 5 48 9 234 8 105 0 0 1215 21 165 3 34 0 111 0 62 128 3 4 2 1 0 153 0 0 577 0 6 84 48 12 0 101 228 833 27 34 73 48 0 0 0 1 1218 0 44 80 0 0 0 0 0
1585331119.059269 3 0 1328 2538 2153 1.511073 0.217348 0.031361 0.004091 0.010363 1.012564 0.000000 0.600000 8.500000 4.800000 1.200000 0 0 0 0 0 3.000000 3.100000 6.900000 4.800000 0 0 0 0 0.000000 4.400000 8.000000 0.000000 0 0 0 0 1194 0 115 0 15 0 38 14 129 1196 5 48 9 234 8 105 0 0 1215 21 165 3 29 0 111 0 62 128 3 4 2 1 0 153 0 0 577 0 6 85 48 12 0 101 228 833 30 31 69 48 0 0 0 1 1218 0 44 80 0 0 0 0 0
1585331119.069195 3 0 1328 2538 2153 1.512437 0.218712 0.031361 0.004909 0.009545 1.013382 0.000000 0.600000 8.400000 4.800000 1.200000 0 0 0 0 0 2.600000 3.000000 6.600000 4.000000 0 0 0 0 0.000000 4.400000 7.900000 0.000000 0 0 0 0 1194 0 115 0 18 0 35 14 132 1196 5 48 9 234 8 105 0 0 1215 21 170 3 34 0 111 0 63 128 3 4 2 1 0 153 0 1 577 0 6 84 48 12 0 101 228 833 26 30 66 40 0 0 0 1 1218 0 44 79 0 0 0 0 0
1585331119.079209 3 0 1328 2538 2153 1.512437 0.218712 0.031361 0.004909 0.009545 1.013382 0.000000 0.600000 8.500000 4.800000 1.200000 0 0 0 0 0 2.500000 3.600000 7.100000 4.500000 0 0 0 0 0.000000 4.400000 8.000000 0.000000 0 0 0 0 1194 0 115 0 18 0 35 14 132 1196 5 48 9 234 8 105 0 0 1215 21 170 3 34 0 111 0 62 128 3 4 2 1 0 153 0 0 577 0 6 85 48 12 0 101 228 833 25 36 71 45 0 0 0 1 1218 0 44 80 0 0 0 0 0
1585331119.089212 3 0 1328 2538 2153 1.511073 0.217348 0.031361 0.004909 0.010363 1.013382 0.000000 0.600000 8.400000 4.800000 1.200000 0 0 0 0 0 2.700000 3.200000 7.200000 4.000000 0 0 0 0 0.000000 4.400000 8.000000 0.000000 0 0 0 0 1194 0 115 0 18 0 38 14 132 1196 5 48 9 234 8 105 0 0 1215 21 165 3 29 0 111 0 62 128 3 4 2 1 0 153 0 0 577 0 6 84 48 12 0 101 228 833 27 32 72 40 0 0 0 1 1218 0 44 80 0 0 0 0 0
1585331119.099254 3 0 1328 2538 2153 1.512437 0.217348 0.031361 0.004909 0.009545 1.013382 0.000000 0.600000 8.500000 4.800000 1.200000 0 0 0 0 0 2.700000 2.800000 7.800000 3.600000 0 0 0 0 0.000000 4.400000 8.000000 0.000000 0 0 0 0 1194 0 115 0 18 0 35 14 132 1196 5 48 9 234 8 105 0 0 1215 21 170 3 29 0 111 0 62 128 3 4 2 1 0 153 0 0 577 0 6 85 48 12 0 101 228 833 27 28 78 36 0 0 0 1 1218 0 44 80 0 0 0 0 0
1585331119.109242 3 0 1328 2538 2154 1.512437 0.220075 0.031361 0.004091 0.009545 1.013382 0.000000 0.600000 8.400000 4.800000 1.200000 0 0 0 0 0 2.400000 3.200000 7.400000 4.100000 0 0 0 0 0.000000 4.400000 8.000000 0.000000 0 0 0 0 1194 0 115 0 15 0 35 14 132 1196 5 48 9 234 8 106 0 0 1215 21 170 3 39 0 111 0 62 128 3 4 2 1 0 153 0 0 577 0 6 84 48 12 0 101 228 833 24 32 74 41 0 0 0 1 1218 0 44 80 0 0 0 0 0
1585331119.119274 3 0 1328 2538 2154 1.512437 0.218712 0.031361 0.004909 0.010363 1.012564 0.000000 0.600000 8.500000 4.800000 1.200000 0 0 0 0 0 2.600000 3.600000 7.300000 3.800000 0 0 0 0 0.000000 4.400000 8.000000 0.000000 0 0 0 0 1194 0 115 0 18 0 38 14 129 1196 5 48 9 234 8 106 0 0 1215 21 170 3 34 0 111 0 62 128 3 4 2 1 0 153 0 0 577 0 6 85 48 12 0 101 228 833 26 36 73 38 0 0 0 1 1218 0 44 80 0 0 0 0 0
1585331119.129230 3 0 1328 2538 2154 1.512437 0.218712 0.031361 0.005727 0.010363 1.013382 0.000000 0.600000 8.400000 4.800000 1.200000 0 0 0 0 0 3.100000 2.800000 8.100000 4.200000 0 0 0 0 0.000000 4.400000 7.900000 0.000000 0 0 0 0 1194 0 115 0 21 0 38 14 132 1196 5 48 9 234 8 106 0 0 1215 21 170 3 34 0 111 0 62 128 3 4 2 1 0 153 0 0 577 0 6 84 48 12 0 101 228 833 31 28 81 42 0 0 0 1 1218 0 44 79 0 0 0 0 0
1585331119.139282 3 0 1328 2538 2154 1.512437 0.218712 0.031361 0.004909 0.010363 1.013382 0.000000 0.600000 8.500000 4.800000 1.200000 0 0 0 0 0 2.600000 2.600000 7.600000 4.500000 0 0 0 0 0.000000 4.400000 8.000000 0.000000 0 0 0 0 1194 0 115 0 18 0 38 14 132 1196 5 48 9 234 8 106 0 0 1215 21 170 3 34 0 111 0 63 128 3 4 2 1 0 153 0 0 577 0 6 85 48 12 0 101 228 833 26 26 76 45 0 0 0 1 1218 0 44 80 0 0 0 0 0
1585331119.149307 3 0 1329 2539 2154 1.511073 0.217348 0.031361 0.005727 0.010363 1.013382 0.000000 0.600000 8.400000 4.800000 1.200000 0 0 0 0 0 2.300000 3.400000 7.200000 3.900000 0 0 0 0 0.000000 4.400000 7.900000 0.000000 0 0 0 0 1194 0 115 0 21 0 38 14 132 1196 5 49 9 235 8 106 0 0 1215 21 165 3 29 0 111 0 62 128 3 4 2 1 0 153 0 0 577 0 6 84 48 12 0 101 228 833 23 34 72 39 0 0 0 1 1218 0 44 79 0 0 0 0 0
1585331119.159265 3 0 1329 2539 2154 1.515164 0.222802 0.031361 0.004909 0.010363 1.013382 0.000000 0.600000 8.500000 4.800000 1.200000 0 0 0 0 0 2.300000 3.300000 7.100000 4.000000 0 0 0 0 0.000000 4.400000 8.000000 0.000000 0 0 0 0 1194 0 115 0 18 0 38 14 132 1196 5 49 9 235 8 106 0 0 1215 21 180 3 49 0 111 0 62 128 3 4 2 1 0 153 0 0 577 0 6 85 48 12 0 101 228 833 23 33 71 40 0 0 0 1 1218 0 44 80 0 0 0 0 0
1585331119.169299 3 0 1329 2538 2152 1.512437 0.218712 0.031361 0.004909 0.010363 1.012564 0.000000 0.600000 8.400000 4.800000 1.200000 0 0 0 0 0 2.900000 2.600000 7.200000 4.400000 0 0 0 0 0.000000 4.400000 7.900000 0.000000 0 0 0 0 1194 0 115 0 18 0 38 14 129 1196 5 49 9 234 8 104 0 0 1215 21 170 3 34 0 111 0 62 128 3 4 2 1 0 153 0 1 577 0 6 84 48 12 0 101 228 833 29 26 72 44 0 0 0 1 1218 0 44 79 0 0 0 0 0
1585331119.179264 3 0 1329 2538 2152 1.511073 0.217348 0.031361 0.004909 0.009545 1.012564 0.000000 0.600000 8.500000 4.800000 1.200000 0 0 0 0 0 2.700000 3.100000 7.200000 4.300000 0 0 0 0 0.000000 4.400000 8.000000 0.000000 0 0 0 0 1194 0 115 0 18 0 35 14 129 1196 5 49 9 234 8 104 0 0 1215 21 165 3 29 0 111 0 62 128 3 4 2 1 0 153 0 0 577 0 6 85 48 12 0 101 228 833 27 31 72 43 0 0 0 1 1218 0 44 80 0 0 0 0 0
1585331119.189230 3 0 1329 2538 2154 1.511073 0.217348 0.031361 0.004909 0.010363 1.013382 0.000000 0.600000 8.400000 4.800000 1.200000 0 0 0 0 0 2.100000 3.300000 7.200000 3.800000 0 0 0 0 0.000000 4.400000 7.900000 0.000000 0 0 0 0 1194 0 115 0 18 0 38 14 132 1196 5 49 9 234 8 106 0 0 1215 21 165 3 29 0 111 0 62 128 3 4 2 1 0 153 0 0 577 0 6 84 48 12 0 101 228 833 21 33 72 38 0 0 0 1 1218 0 44 79 0 0 0 0 0
1585331119.199271 3 0 1329 2538 2154 1.512437 0.220075 0.031361 0.004909 0.009545 1.012564 0.000000 0.600000 8.500000 4.800000 1.200000 0 0 0 0 0 2.700000 2.900000 7.500000 4.700000 0 0 0 0 0.000000 4.400000 8.000000 0.000000 0 0 0 0 1194 0 115 0 18 0 35 14 129 1196 5 49 9 234 8 106 0 0 1215 21 170 3 39 0 111 0 62 128 3 4 2 1 0 153 0 0 577 0 6 85 48 12 0 101 228 833 27 29 75 47 0 0 0 1 1218 0 44 80 0 0 0 0 0
1585331119.209381 3 0 1328 2538 2154 1.511073 0.217348 0.031361 0.004909 0.010363 1.013382 0.000000 0.600000 8.400000 4.800000 1.200000 0 0 0 0 0 2.900000 3.000000 6.900000 4.600000 0 0 0 0 0.000000 4.400000 8.000000 0.000000 0 0 0 0 1194 0 115 0 18 0 38 14 132 1196 5 48 9 234 8 106 0 0 1215 21 165 3 29 0 111 0 62 128 3 4 2 1 0 153 0 0 577 0 6 84 48 12 0 101 228 833 29 30 69 46 0 0 0 1 1218 0 44 80 0 0 0 0 0
1585331119.219280 3 0 1328 2538 2154 1.512437 0.218712 0.031361 0.004909 0.010363 1.013382 0.000000 0.600000 8.500000 4.800000 1.200000 0 0 0 0 0 2.300000 3.300000 7.200000 3.800000 0 0 0 0 0.000000 4.400000 8.000000 0.000000 0 0 0 0 1194 0 115 0 18 0 38 14 132 1196 5 48 9 234 8 106 0 0 1215 21 170 3 34 0 111 0 62 128 3 4 2 1 0 153 0 0 577 0 6 85 48 12 0 101 228 833 23 33 72 38 0 0 0 1 1218 0 44 80 0 0 0 0 0
1585331119.229365 3 0 1329 2539 2153 1.511073 0.218712 0.031361 0.004091 0.010363 1.013382 0.000000 0.600000 8.400000 4.800000 1.200000 0 0 0 0 0 2.900000 3.300000 7.400000 4.300000 0 0 0 0 0.000000 4.400000 7.900000 0.000000 0 0 0 0 1194 0 115 0 15 0 38 14 132 1196 5 49 9 235 8 105 0 0 1215 21 165 3 34 0 111 0 62 128 3 4 2 1 0 153 0 0 577 0 6 84 48 12 0 101 228 833 29 33 74 43 0 0 0 1 1218 0 44 79 0 0 0 0 0
1585331119.239342 3 0 1329 2539 2153 1.512437 0.220075 0.031361 0.004909 0.010363 1.013927 0.000000 0.600000 8.500000 4.800000 1.200000 0 0 0 0 0 3.100000 3.400000 7.000000 3.900000 0 0 0 0 0.000000 4.400000 8.000000 0.000000 0 0 0 0 1194 0 115 0 18 0 38 14 134 1196 5 49 9 235 8 105 0 0 1215 21 170 3 39 0 111 0 62 128 3 4 2 1 0 153 0 0 577 0 6 85 48 12 0 101 228 833 31 34 70 39 0 0 0 1 1218 0 44 80 0 0 0 0 0
1585331119.249301 3 0 1329 2537 2153 1.512437 0.218712 0.031361 0.004091 0.009545 1.012564 0.000000 0.600000 8.400000 4.800000 1.200000 0 0 0 0 0 2.900000 3.300000 6.900000 4.200000 0 0 0 0 0.000000 4.400000 7.900000 0.000000 0 0 0 0 1194 0 115 0 15 0 35 14 129 1196 5 49 9 233 8 105 0 0 1215 21 170 3 34 0 111 0 62 128 3 4 2 1 0 153 0 0 577 0 6 84 48 12 0 101 228 833 29 33 69 42 0 0 0 1 1218 0 44 79 0 0 0 0 0
1585331119.259943 3 0 1329 2537 2153 1.511073 0.218712 0.031361 0.004909 0.009545 1.012564 0.000000 0.600000 8.500000 4.800000 1.200000 0 0 0 0 0 2.900000 2.600000 7.400000 4.800000 0 0 0 0 0.000000 4.400000 8.000000 0.000000 0 0 0 0 1194 0 115 0 18 0 35 14 129 1196 5 49 9 233 8 105 0 0 1215 21 165 3 34 0 111 0 62 128 3 4 2 1 0 153 0 0 577 0 6 85 48 12 0 101 228 833 29 26 74 48 0 0 0 1 1218 0 44 80 0 0 0 0 0
1585331119.269250 3 0 1328 2537 2153 1.512437 0.218712 0.031361 0.004909 0.009545 1.013382 0.000000 0.600000 8.500000 4.800000 1.200000 0 0 0 0 0 2.900000 2.600000 7.400000 4.800000 0 0 0 0 0.000000 4.400000 8.000000 0.000000 0 0 0 0 1194 0 115 0 18 0 35 14 132 1196 5 48 9 233 8 105 0 0 1215 21 170 3 34 0 111 0 62 128 3 4 2 1 0 153 0 1 577 0 6 85 48 12 0 101 228 833 29 26 74 48 0 0 0 1 1218 0 44 80 0 0 0 0 0
1585331119.279304 3 0 1328 2537 2153 1.511073 0.217348 0.031361 0.004091 0.009545 1.012564 0.000000 0.600000 8.500000 4.800000 1.200000 0 0 0 0 0 2.900000 2.600000 7.400000 4.800000 0 0 0 0 0.000000 4.400000 7.900000 0.000000 0 0 0 0 1194 0 115 0 15 0 35 14 129 1196 5 48 9 233 8 105 0 0 1215 21 165 3 29 0 111 0 62 128 3 4 2 1 0 153 0 0 577 0 6 85 48 12 0 101 228 833 29 26 74 48 0 0 0 1 1218 0 44 79 0 0 0 0 0
1585331119.289325 3 0 1329 2538 2153 1.512437 0.218712 0.031361 0.005727 0.010363 1.012564 0.000000 0.600000 8.500000 4.800000 1.200000 0 0 0 0 0 2.900000 2.600000 7.400000 4.800000 0 0 0 0 0.000000 4.400000 7.900000 0.000000 0 0 0 0 1194 0 115 0 21 0 38 14 129 1196 5 49 9 234 8 105 0 0 1215 21 170 3 34 0 111 0 62 128 3 4 2 1 0 153 0 0 577 0 6 85 48 12 0 101 240 833 29 26 74 48 0 0 0 1 1218 0 44 79 0 0 0 0 0
1585331119.299277 3 0 1329 2538 2153 1.512437 0.218712 0.031361 0.004909 0.009545 1.012564 0.000000 0.600000 8.500000 4.800000 1.200000 0 0 0 0 0 2.900000 2.600000 7.400000 4.800000 0 0 0 0 0.000000 4.400000 7.900000 0.000000 0 0 0 0 1194 0 115 0 18 0 35 14 129 1196 5 49 9 234 8 105 0 0 1215 21 170 3 34 0 111 0 62 128 3 4 2 1 0 153 0 0 577 0 6 85 48 12 0 101 240 833 29 26 74 48 0 0 0 1 1218 0 44 79 0 0 0 0 0
1585331119.309366 3 0 1328 2538 2153 1.512437 0.218712 0.031361 0.004909 0.010363 1.012564 0.000000 0.600000 8.400000 4.800000 1.200000 0 0 0 0 0 2.600000 3.100000 7.400000 4.700000 0 0 0 0 0.000000 4.400000 7.900000 0.000000 0 0 0 0 1194 0 115 0 18 0 38 14 129 1196 5 48 9 234 8 105 0 0 1215 21 170 3 34 0 111 0 62 128 3 4 2 1 0 153 0 0 577 0 6 84 48 12 0 101 240 833 26 31 74 47 0 0 0 1 1218 0 44 79 0 0 0 0 0
1585331119.319300 3 0 1328 2538 2153 1.512437 0.220075 0.031361 0.004909 0.009545 1.012564 0.000000 0.600000 8.500000 4.800000 1.200000 0 0 0 0 0 3.000000 3.000000 6.600000 4.400000 0 0 0 0 0.000000 4.400000 8.000000 0.000000 0 0 0 0 1194 0 115 0 18 0 35 14 129 1196 5 48 9 234 8 105 0 0 1215 21 170 3 39 0 111 0 62 128 3 4 2 1 0 153 0 0 577 0 6 85 48 12 0 101 240 833 30 30 66 44 0 0 0 1 1218 0 44 80 0 0 0 0 0
1585331119.329375 3 0 1329 2537 2153 1.512437 0.220075 0.031361 0.004909 0.010363 1.013382 0.000000 0.600000 8.400000 4.800000 1.200000 0 0 0 0 0 2.800000 3.200000 6.700000 4.400000 0 0 0 0 0.000000 4.400000 8.000000 0.000000 0 0 0 0 1194 0 115 0 18 0 38 14 132 1196 5 49 9 233 8 105 0 0 1215 21 170 3 39 0 111 0 62 128 3 4 2 1 0 153 0 0 577 0 6 84 48 12 0 101 240 833 28 32 67 44 0 0 0 1 1218 0 44 80 0 0 0 0 0
1585331119.339374 3 0 1329 2537 2153 1.511073 0.217348 0.031361 0.005727 0.010363 1.012564 0.000000 0.600000 8.500000 4.800000 1.200000 0 0 0 0 0 2.700000 3.100000 7.400000 4.700000 0 0 0 0 0.000000 4.400000 8.000000 0.000000 0 0 0 0 1194 0 115 0 21 0 38 14 129 1196 5 49 9 233 8 105 0 0 1215 21 165 3 29 0 111 0 62 128 3 4 2 1 0 153 0 0 577 0 6 85 48 12 0 101 240 833 27 31 74 47 0 0 0 1 1218 0 44 80 0 0 0 0 0
1585331119.349363 3 0 1330 2538 2153 1.512437 0.220075 0.031361 0.004091 0.010363 1.013382 0.000000 0.600000 8.400000 4.800000 1.200000 0 0 0 0 0 2.700000 3.100000 7.600000 4.800000 0 0 0 0 0.000000 4.400000 8.000000 0.000000 0 0 0 0 1194 0 115 0 15 0 38 14 132 1196 5 50 9 234 8 105 0 0 1215 21 170 3 39 0 111 0 62 128 3 4 2 1 0 153 0 0 577 0 6 84 48 12 0 101 240 833 27 31 76 48 0 0 0 1 1218 0 44 80 0 0 0 0 0
1585331119.359271 3 0 1330 2538 2153 1.511073 0.217348 0.031361 0.004909 0.009545 1.013382 0.000000 0.600000 8.500000 4.800000 1.200000 0 0 0 0 0 2.800000 3.000000 7.800000 4.400000 0 0 0 0 0.000000 4.400000 7.900000 0.000000 0 0 0 0 1194 0 115 0 18 0 35 14 132 1196 5 50 9 234 8 105 0 0 1215 21 165 3 29 0 111 0 62 128 3 4 2 1 0 153 0 0 577 0 6 85 48 12 0 101 240 833 28 30 78 44 0 0 0 1 1218 0 44 79 0 0 0 0 0
1585331119.369335 3 0 1328 2538 2154 1.511073 0.217348 0.031361 0.004909 0.009545 1.012564 0.000000 0.600000 8.400000 4.800000 1.200000 0 0 0 0 0 3.200000 2.600000 7.600000 4.500000 0 0 0 0 0.000000 4.400000 7.900000 0.000000 0 0 0 0 1194 0 115 0 18 0 35 14 129 1196 5 48 9 234 8 106 0 0 1215 21 165 3 29 0 111 0 62 128 3 4 2 1 0 153 0 1 577 0 6 84 48 12 0 101 240 833 32 26 76 45 0 0 0 1 1218 0 44 79 0 0 0 0 0
1585331119.379299 3 0 1328 2538 2154 1.511073 0.217348 0.031361 0.004909 0.009545 1.012564 0.000000 0.600000 8.500000 4.800000 1.200000 0 0 0 0 0 3.000000 2.900000 7.300000 5.100000 0 0 0 0 0.000000 4.400000 8.000000 0.000000 0 0 0 0 1194 0 115 0 18 0 35 14 129 1196 5 48 9 234 8 106 0 0 1215 21 165 3 29 0 111 0 62 128 3 4 2 1 0 153 0 0 577 0 6 85 48 12 0 101 240 833 30 29 73 51 0 0 0 1 1218 0 44 80 0 0 0 0 0
1585331119.389305 3 0 1329 2538 2153 1.511073 0.217348 0.031361 0.004909 0.009545 1.013382 0.000000 0.600000 8.400000 4.800000 1.200000 0 0 0 0 0 2.900000 3.000000 7.800000 4.100000 0 0 0 0 0.000000 4.400000 8.000000 0.000000 0 0 0 0 1194 0 115 0 18 0 35 14 132 1196 5 49 9 234 8 105 0 0 1215 21 165 3 29 0 111 0 62 128 3 4 2 1 0 153 0 0 577 0 6 84 48 12 0 101 240 833 29 30 78 41 0 0 0 1 1218 0 44 80 0 0 0 0 0
1585331119.399324 3 0 1329 2538 2153 1.512437 0.218712 0.031361 0.004909 0.009545 1.013382 0.000000 0.600000 8.500000 4.800000 1.200000 0 0 0 0 0 2.400000 2.900000 7.000000 4.300000 0 0 0 0 0.000000 4.400000 8.000000 0.000000 0 0 0 0 1194 0 115 0 18 0 35 14 132 1196 5 49 9 234 8 105 0 0 1215 21 170 3 34 0 111 0 62 128 3 4 2 1 0 153 0 0 577 0 6 85 48 12 0 101 240 833 24 29 70 43 0 0 0 1 1218 0 44 80 0 0 0 0 0
1585331119.409307 3 0 1328 2538 2154 1.512437 0.218712 0.031361 0.004909 0.009545 1.013382 0.000000 0.600000 8.400000 4.800000 1.200000 0 0 0 0 0 2.400000 2.900000 6.300000 4.400000 0 0 0 0 0.000000 4.400000 7.900000 0.000000 0 0 0 0 1194 0 115 0 18 0 35 14 132 1196 5 48 9 234 8 106 0 0 1215 21 170 3 34 0 111 0 62 128 3 4 2 1 0 153 0 0 577 0 6 84 48 12 0 101 240 833 24 29 63 44 0 0 0 1 1218 0 44 79 0 0 0 0 0
1585331119.419365 3 0 1328 2538 2154 1.512437 0.218712 0.031361 0.004909 0.009545 1.012564 0.000000 0.600000 8.500000 4.800000 1.200000 0 0 0 0 0 2.800000 3.000000 6.800000 4.100000 0 0 0 0 0.000000 4.400000 8.000000 0.000000 0 0 0 0 1194 0 115 0 18 0 35 14 129 1196 5 48 9 234 8 106 0 0 1215 21 170 3 34 0 111 0 62 128 3 4 2 1 0 153 0 0 577 0 6 85 48 12 0 101 240 833 28 30 68 41 0 0 0 1 1218 0 44 80 0 0 0 0 0
1585331119.429410 3 0 1329 2537 2154 1.511073 0.217348 0.031361 0.004909 0.010363 1.013382 0.000000 0.600000 8.400000 4.800000 1.200000 0 0 0 0 0 2.800000 2.900000 7.200000 4.600000 0 0 0 0 0.000000 4.400000 7.900000 0.000000 0 0 0 0 1194 0 115 0 18 0 38 14 132 1196 5 49 9 233 8 106 0 0 1215 21 165 3 29 0 111 0 62 128 3 4 2 1 0 153 0 0 577 0 6 84 48 12 0 101 240 833 28 29 72 46 0 0 0 1 1218 0 44 79 0 0 0 0 0
1585331119.439385 3 0 1329 2537 2154 1.511073 0.217348 0.031361 0.005727 0.009545 1.012564 0.000000 0.600000 8.500000 4.800000 1.200000 0 0 0 0 0 3.000000 2.700000 6.900000 4.700000 0 0 0 0 0.000000 4.400000 8.000000 0.000000 0 0 0 0 1194 0 115 0 21 0 35 14 129 1196 5 49 9 233 8 106 0 0 1215 21 165 3 29 0 111 0 62 128 3 4 2 1 0 153 0 0 577 0 6 85 48 12 0 101 240 833 30 27 69 47 0 0 0 1 1218 0 44 80 0 0 0 0 0
1585331119.449348 3 0 1329 2537 2153 1.512437 0.218712 0.031361 0.005727 0.010363 1.013382 0.000000 0.600000 8.400000 4.800000 1.200000 0 0 0 0 0 2.900000 3.100000 7.400000 4.500000 0 0 0 0 0.000000 4.400000 8.000000 0.000000 0 0 0 0 1194 0 115 0 21 0 38 14 132 1196 5 49 9 233 8 105 0 0 1215 21 170 3 34 0 111 0 62 128 3 4 2 1 0 153 0 0 577 0 6 84 48 12 0 101 240 833 29 31 74 45 0 0 0 1 1218 0 44 80 0 0 0 0 0
1585331119.459372 3 0 1329 2537 2153 1.512437 0.218712 0.031361 0.004909 0.010363 1.013382 0.000000 0.600000 8.500000 4.800000 1.200000 0 0 0 0 0 2.400000 3.100000 8.200000 4.300000 0 0 0 0 0.000000 4.400000 7.900000 0.000000 0 0 0 0 1194 0 115 0 18 0 38 14 132 1196 5 49 9 233 8 105 0 0 1215 21 170 3 34 0 111 0 62 128 3 4 2 1 0 153 0 0 577 0 6 85 48 12 0 101 240 833 24 31 82 43 0 0 0 1 1218 0 44 79 0 0 0 0 0
1585331119.469385 3 0 1328 2538 2153 1.512437 0.218712 0.031361 0.004909 0.010363 1.012564 0.000000 0.600000 8.400000 4.800000 1.200000 0 0 0 0 0 2.400000 3.500000 7.300000 4.200000 0 0 0 0 0.000000 4.400000 7.900000 0.000000 0 0 0 0 1194 0 115 0 18 0 38 14 129 1196 5 48 9 234 8 105 0 0 1215 21 170 3 34 0 111 0 62 128 3 4 2 1 0 153 0 1 577 0 6 84 48 12 0 101 240 833 24 35 73 42 0 0 0 1 1218 0 44 79 0 0 0 0 0
1585331119.479388 3 0 1328 2538 2153 1.506983 0.214621 0.031361 0.004909 0.010363 1.012564 0.000000 0.600000 8.500000 4.800000 1.200000 0 0 0 0 0 2.900000 3.700000 7.500000 4.100000 0 0 0 0 0.000000 4.400000 7.900000 0.000000 0 0 0 0 1194 0 115 0 18 0 38 14 129 1196 5 48 9 234 8 105 0 0 1215 21 150 3 19 0 111 0 62 128 3 4 2 1 0 153 0 0 577 0 6 85 48 12 0 101 240 833 29 37 75 41 0 0 0 1 1218 0 44 79 0 0 0 0 0
1585331119.489343 3 0 1328 2537 2153 1.512437 0.218712 0.031361 0.004909 0.009545 1.012564 0.000000 0.600000 8.400000 4.800000 1.200000 0 0 0 0 0 2.300000 3.400000 8.300000 3.800000 0 0 0 0 0.000000 4.400000 7.900000 0.000000 0 0 0 0 1194 0 115 0 18 0 35 14 129 1196 5 48 9 233 8 105 0 0 1215 21 170 3 34 0 111 0 62 128 3 4 2 1 0 153 0 0 577 0 6 84 48 12 0 101 240 833 23 34 83 38 0 0 0 1 1218 0 44 79 0 0 0 0 0
1585331119.499373 3 0 1328 2537 2153 1.512437 0.218712 0.031361 0.004909 0.010363 1.012564 0.000000 0.600000 8.500000 4.800000 1.200000 0 0 0 0 0 2.000000 3.100000 7.400000 3.600000 0 0 0 0 0.000000 4.400000 8.000000 0.000000 0 0 0 0 1194 0 115 0 18 0 38 14 129 1196 5 48 9 233 8 105 0 0 1215 21 170 3 34 0 111 0 62 128 3 4 2 1 0 153 0 0 577 0 6 85 48 12 0 101 240 833 20 31 74 36 0 0 0 1 1218 0 44 80 0 0 0 0 0
1585331119.509351 3 0 1329 2538 2153 1.511073 0.217348 0.031361 0.004909 0.010363 1.013382 0.000000 0.600000 8.400000 4.800000 1.200000 0 0 0 0 0 2.600000 3.100000 6.800000 4.300000 0 0 0 0 0.000000 4.400000 7.900000 0.000000 0 0 0 0 1194 0 115 0 18 0 38 14 132 1196 5 49 9 234 8 105 0 0 1215 21 165 3 29 0 111 0 62 128 3 4 2 1 0 153 0 0 577 0 6 84 48 12 0 101 240 833 26 31 68 43 0 0 0 1 1218 0 44 79 0 0 0 0 0
1585331119.519406 3 0 1329 2538 2153 1.511073 0.217348 0.031361 0.004909 0.010363 1.013382 0.000000 0.600000 8.500000 4.800000 1.200000 0 0 0 0 0 2.600000 3.400000 6.700000 4.200000 0 0 0 0 0.000000 4.400000 7.900000 0.000000 0 0 0 0 1194 0 115 0 18 0 38 14 132 1196 5 49 9 234 8 105 0 0 1215 21 165 3 29 0 111 0 62 128 3 4 2 1 0 153 0 0 577 0 6 85 48 12 0 101 240 833 26 34 67 42 0 0 0 1 1218 0 44 79 0 0 0 0 0
1585331119.529364 3 0 1329 2537 2154 1.512437 0.220075 0.031361 0.005727 0.009545 1.013382 0.000000 0.600000 8.400000 4.800000 1.200000 0 0 0 0 0 2.800000 3.600000 7.300000 3.800000 0 0 0 0 0.000000 4.400000 7.900000 0.000000 0 0 0 0 1194 0 115 0 21 0 35 14 132 1196 5 49 9 233 8 106 0 0 1215 21 170 3 39 0 111 0 62 128 3 4 2 1 0 153 0 0 577 0 6 84 48 12 0 101 240 833 28 36 73 38 0 0 0 1 1218 0 44 79 0 0 0 0 0
1585331119.539358 3 0 1329 2537 2154 1.512437 0.218712 0.031361 0.004909 0.010363 1.013382 0.000000 0.600000 8.500000 4.800000 1.200000 0 0 0 0 0 3.200000 3.300000 7.400000 3.900000 0 0 0 0 0.000000 4.400000 8.000000 0.000000 0 0 0 0 1194 0 115 0 18 0 38 14 132 1196 5 49 9 233 8 106 0 0 1215 21 170 3 34 0 111 0 62 128 3 4 2 1 0 154 0 0 577 0 6 85 48 12 0 101 240 833 32 33 74 39 0 0 0 1 1218 0 44 80 0 0 0 0 0
1585331119.549388 3 0 1328 2535 2153 1.512437 0.218712 0.031361 0.004909 0.009545 1.013382 0.000000 0.600000 8.400000 4.800000 1.200000 0 0 0 0 0 2.800000 2.500000 7.000000 4.200000 0 0 0 0 0.000000 4.400000 7.900000 0.000000 0 0 0 0 1194 0 115 0 18 0 35 14 132 1196 5 48 9 231 8 105 0 0 1215 21 170 3 34 0 111 0 62 128 3 4 2 1 0 154 0 0 577 0 6 84 48 12 0 101 240 833 28 25 70 42 0 0 0 1 1218 0 44 79 0 0 0 0 0
1585331119.559420 3 0 1328 2535 2153 1.512437 0.218712 0.031361 0.004091 0.010363 1.013382 0.000000 0.600000 8.500000 4.800000 1.200000 0 0 0 0 0 2.300000 2.800000 7.300000 4.300000 0 0 0 0 0.000000 4.400000 7.900000 0.000000 0 0 0 0 1194 0 115 0 15 0 38 14 132 1196 5 48 9 231 8 105 0 0 1215 21 170 3 34 0 111 0 62 128 3 4 2 1 0 155 0 0 577 0 6 85 48 12 0 101 240 833 23 28 73 43 0 0 0 1 1218 0 44 79 0 0 0 0 0
1585331119.569447 3 0 1330 2536 2153 1.512437 0.218712 0.031361 0.005727 0.010363 1.012018 0.000000 0.600000 8.400000 4.800000 1.200000 0 0 0 0 0 2.600000 3.000000 7.100000 4.100000 0 0 0 0 0.000000 4.400000 7.900000 0.000000 0 0 0 0 1194 0 115 0 21 0 38 14 127 1196 5 50 9 232 8 105 0 0 1215 21 170 3 34 0 111 0 62 128 3 4 2 1 0 155 0 1 577 0 6 84 48 12 0 101 240 833 26 30 71 41 0 0 0 1 1218 0 44 79 0 0 0 0 0
1585331119.579385 3 0 1330 2536 2153 1.511073 0.217348 0.031361 0.004909 0.010363 1.012564 0.000000 0.600000 8.500000 4.800000 1.200000 0 0 0 0 0 2.800000 3.000000 7.200000 4.200000 0 0 0 0 0.000000 4.400000 7.900000 0.000000 0 0 0 0 1194 0 115 0 18 0 38 14 129 1196 5 50 9 232 8 105 0 0 1215 21 165 3 29 0 111 0 62 128 3 4 2 1 0 155 0 0 577 0 6 85 48 12 0 101 240 833 28 30 72 42 0 0 0 1 1218 0 44 79 0 0 0 0 0
1585331119.589366 3 0 1328 2534 2153 1.512437 0.220075 0.031361 0.005727 0.009545 1.013382 0.000000 0.600000 8.400000 4.800000 1.200000 0 0 0 0 0 2.500000 3.200000 7.200000 4.300000 0 0 0 0 0.000000 4.400000 7.900000 0.000000 0 0 0 0 1194 0 115 0 21 0 35 14 132 1196 5 48 9 230 8 105 0 0 1215 21 170 3 39 0 111 0 62 128 3 4 2 1 0 155 0 0 577 0 6 84 48 12 0 101 240 833 25 32 72 43 0 0 0 1 1218 0 44 79 0 0 0 0 0
1585331119.599404 3 0 1328 2534 2153 1.512437 0.220075 0.031361 0.004909 0.010363 1.012564 0.000000 0.600000 8.500000 4.800000 1.200000 0 0 0 0 0 2.600000 3.000000 7.300000 4.300000 0 0 0 0 0.000000 4.400000 7.900000 0.000000 0 0 0 0 1194 0 115 0 18 0 38 14 129 1196 5 48 9 230 8 105 0 0 1215 21 170 3 39 0 110 0 62 128 3 4 2 1 0 155 0 0 577 0 6 85 48 12 0 101 240 833 26 30 73 43 0 0 0 1 1218 0 44 79 0 0 0 0 0
1585331119.609440 3 0 1329 2534 2153 1.512437 0.218712 0.031361 0.004909 0.010363 1.012564 0.000000 0.600000 8.400000 4.800000 1.200000 0 0 0 0 0 2.600000 2.800000 7.500000 4.400000 0 0 0 0 0.000000 4.400000 7.900000 0.000000 0 0 0 0 1194 0 115 0 18 0 38 14 129 1196 5 49 9 230 8 105 0 0 1215 21 170 3 34 0 110 0 62 128 3 4 2 1 0 155 0 0 577 0 6 84 48 12 0 101 240 833 26 28 75 44 0 0 0 1 1218 0 44 79 0 0 0 0 0
1585331119.619461 3 0 1329 2534 2153 1.512437 0.218712 0.031361 0.005727 0.010363 1.012564 0.000000 0.600000 8.500000 4.800000 1.200000 0 0 0 0 0 2.500000 3.100000 7.400000 4.500000 0 0 0 0 0.000000 4.400000 7.900000 0.000000 0 0 0 0 1194 0 115 0 21 0 38 14 129 1196 5 49 9 230 8 105 0 0 1215 21 170 3 34 0 110 0 62 128 3 4 2 1 0 154 0 0 577 0 6 85 48 12 0 101 240 833 25 31 74 45 0 0 0 1 1218 0 44 79 0 0 0 0 0
1585331119.629514 3 0 1329 2531 2154 1.512437 0.218712 0.031361 0.004909 0.010363 1.013382 0.000000 0.600000 8.400000 4.800000 1.200000 0 0 0 0 0 2.600000 3.100000 7.500000 4.500000 0 0 0 0 0.000000 4.400000 7.900000 0.000000 0 0 0 0 1194 0 115 0 18 0 38 14 132 1196 5 49 9 227 8 106 0 0 1215 21 170 3 34 0 110 0 62 128 3 4 2 1 0 154 0 0 577 0 6 84 48 12 0 101 240 833 26 31 75 45 0 0 0 1 1218 0 44 79 0 0 0 0 0
1585331119.639429 3 0 1329 2531 2154 1.512437 0.218712 0.031361 0.004909 0.010363 1.012564 0.000000 0.600000 8.500000 4.800000 1.200000 0 0 0 0 0 2.500000 3.100000 7.200000 4.300000 0 0 0 0 0.000000 4.400000 7.900000 0.000000 0 0 0 0 1194 0 115 0 18 0 38 14 129 1196 5 49 9 227 8 106 0 0 1215 21 170 3 34 0 109 0 62 128 3 4 2 1 0 154 0 0 577 0 6 85 48 12 0 101 240 833 25 31 72 43 0 0 0 1 1218 0 44 79 0 0 0 0 0
1585331119.649441 3 0 1329 2531 2153 1.512437 0.218712 0.031361 0.004909 0.010363 1.012564 0.000000 0.600000 8.400000 4.800000 1.200000 0 0 0 0 0 2.500000 3.000000 7.300000 4.300000 0 0 0 0 0.000000 4.400000 7.800000 0.000000 0 0 0 0 1194 0 115 0 18 0 38 14 129 1196 5 49 9 227 8 105 0 0 1215 21 170 3 34 0 109 0 62 128 3 4 2 1 0 154 0 0 577 0 6 84 48 12 0 101 240 833 25 30 73 43 0 0 0 1 1218 0 44 78 0 0 0 0 0
1585331119.659462 3 0 1329 2531 2153 1.512437 0.217348 0.031361 0.004091 0.010363 1.012564 0.000000 0.600000 8.500000 4.800000 1.200000 0 0 0 0 0 2.700000 3.000000 7.200000 4.300000 0 0 0 0 0.000000 4.400000 7.800000 0.000000 0 0 0 0 1194 0 115 0 15 0 38 14 129 1196 5 49 9 227 8 105 0 0 1215 21 170 3 29 0 109 0 62 128 3 4 2 1 0 154 0 0 577 0 6 85 48 12 0 101 240 833 27 30 72 43 0 0 0 1 1218 0 44 78 0 0 0 0 0
1585331119.669448 3 0 1329 2531 2153 1.512437 0.218712 0.031361 0.004091 0.009545 1.013382 0.000000 0.600000 8.400000 4.800000 1.200000 0 0 0 0 0 2.700000 3.000000 7.300000 4.400000 0 0 0 0 0.000000 4.400000 7.800000 0.000000 0 0 0 0 1194 0 115 0 15 0 35 14 132 1196 5 49 9 227 8 105 0 0 1215 21 170 3 34 0 109 0 62 128 3 4 2 1 0 153 0 1 577 0 6 84 48 12 0 101 240 833 27 30 73 44 0 0 0 1 1218 0 44 78 0 0 0 0 0
1585331119.679463 3 0 1329 2531 2153 1.512437 0.218712 0.031361 0.004909 0.010363 1.013382 0.000000 0.600000 8.500000 4.800000 1.200000 0 0 0 0 0 2.600000 2.900000 7.100000 4.900000 0 0 0 0 0.000000 4.400000 7.800000 0.000000 0 0 0 0 1194 0 115 0 18 0 38 14 132 1196 5 49 9 227 8 105 0 0 1215 21 170 3 34 0 109 0 62 128 3 4 2 1 0 153 0 0 577 0 6 85 48 12 0 101 240 833 26 29 71 49 0 0 0 1 1218 0 44 78 0 0 0 0 0
1585331119.689522 3 0 1329 2533 2154 1.512437 0.218712 0.031361 0.007363 0.009545 1.013382 0.000000 0.600000 8.400000 4.800000 1.200000 0 0 0 0 0 2.700000 3.200000 7.100000 4.200000 0 0 0 0 0.000000 4.400000 7.800000 0.000000 0 0 0 0 1194 0 115 0 27 0 35 14 132 1196 5 49 9 229 8 106 0 0 1215 21 170 3 34 0 109 0 62 128 3 4 2 1 0 152 0 0 577 0 6 84 48 12 0 101 240 833 27 32 71 42 0 0 0 1 1218 0 44 78 0 0 0 0 0
1585331119.699445 3 0 1329 2533 2154 1.512437 0.217348 0.031361 0.004909 0.011454 1.013382 0.000000 0.600000 8.500000 4.800000 1.200000 0 0 0 0 0 2.600000 3.000000 7.300000 4.000000 0 0 0 0 0.000000 4.400000 7.800000 0.000000 0 0 0 0 1194 0 115 0 18 0 42 14 132 1196 5 49 9 229 8 106 0 0 1215 21 170 3 29 0 109 0 62 128 3 4 2 1 0 152 0 0 577 0 6 85 48 12 0 101 240 833 26 30 73 40 0 0 0 1 1218 0 44 78 0 0 0 0 0
1585331119.709494 3 0 1327 2536 2153 1.512437 0.217348 0.031361 0.005727 0.010363 1.013382 0.000000 0.600000 8.400000 4.800000 1.200000 0 0 0 0 0 2.600000 2.700000 7.200000 4.400000 0 0 0 0 0.000000 4.400000 7.800000 0.000000 0 0 0 0 1194 0 115 0 21 0 38 14 132 1196 5 47 9 232 8 105 0 0 1215 21 170 3 29 0 109 0 62 128 3 4 2 1 0 152 0 0 577 0 6 84 48 12 0 101 240 833 26 27 72 44 0 0 0 1 1218 0 44 78 0 0 0 0 0
1585331119.719514 3 0 1327 2536 2153 1.512437 0.220075 0.031361 0.004091 0.009545 1.013382 0.000000 0.600000 8.500000 4.800000 1.200000 0 0 0 0 0 2.700000 2.800000 7.200000 4.200000 0 0 0 0 0.000000 4.400000 7.800000 0.000000 0 0 0 0 1194 0 115 0 15 0 35 14 132 1196 5 47 9 232 8 105 0 0 1215 21 170 3 39 0 110 0 62 128 3 4 2 1 0 152 0 0 577 0 6 85 48 12 0 101 240 833 27 28 72 42 0 0 0 1 1218 0 44 78 0 0 0 0 0
1585331119.729459 3 0 1338 2552 2151 1.511073 0.232347 0.031361 0.004909 0.019908 1.012564 0.000000 0.600000 8.400000 4.800000 1.200000 0 0 0 0 0 2.600000 2.800000 7.200000 4.300000 0 0 0 0 0.000000 4.400000 7.900000 0.000000 0 0 0 0 1194 0 115 0 18 0 73 14 129 1196 5 58 9 248 8 103 0 0 1215 21 165 3 84 0 113 0 60 128 3 4 2 1 0 152 0 0 577 0 6 84 48 12 0 101 240 833 26 28 72 43 0 0 0 1 1218 0 44 79 0 0 0 0 0
1585331119.739433 3 0 1338 2552 2151 1.509710 0.243255 0.031361 0.004091 0.035997 1.013382 0.000000 0.600000 8.500000 4.800000 1.200000 0 0 0 0 0 2.700000 2.900000 7.000000 4.300000 0 0 0 0 0.000000 4.400000 7.900000 0.000000 0 0 0 0 1194 0 115 0 15 0 132 14 132 1196 5 58 9 248 8 103 0 0 1215 21 160 3 124 0 114 0 60 128 3 4 2 1 0 152 0 0 577 0 6 85 48 12 0 101 240 833 27 29 70 43 0 0 0 1 1218 0 44 79 0 0 0 0 0
1585331119.748583 3 0 1335 2559 2148 1.505619 0.255527 0.031361 0.005727 0.053178 1.012564 0.000000 0.600000 8.400000 4.800000 1.200000 0 0 0 0 0 2.600000 3.000000 7.100000 4.000000 0 0 0 0 0.000000 4.100000 8.300000 0.000000 0 0 0 0 1194 0 115 0 21 0 195 14 129 1196 5 55 9 255 8 100 0 0 1215 21 145 3 169 0 116 0 60 128 3 4 2 1 0 152 0 0 577 0 6 84 48 12 0 101 240 833 26 30 71 40 0 0 0 1 1218 0 41 83 0 0 0 0 0
1585331119.759471 3 0 1335 2559 2148 1.500165 0.263708 0.031361 0.004909 0.071449 1.013382 0.000000 0.800000 8.600000 4.800000 1.200000 0 0 0 0 0 2.800000 3.100000 7.400000 4.000000 0 0 0 0 0.000000 4.200000 8.300000 0.000000 0 0 0 0 1194 0 115 0 18 1 6 14 132 1196 5 55 9 255 8 100 0 0 1215 21 125 3 199 0 117 0 60 128 3 4 2 1 0 153 0 0 577 0 8 86 48 12 0 101 240 833 28 31 74 40 0 0 0 1 1218 0 42 83 0 0 0 0 0
1585331119.769444 3 0 1333 2566 2144 1.493620 0.270799 0.031361 0.004909 0.091357 1.012564 0.000000 0.900000 8.700000 4.800000 1.200000 0 0 0 0 0 2.900000 3.200000 7.400000 4.500000 0 0 0 0 0.000000 4.300000 8.400000 0.000000 0 0 0 0 1194 0 115 0 18 1 79 14 129 1196 5 53 10 6 8 96 0 0 1215 21 101 3 225 0 118 0 61 128 3 4 2 1 0 153 0 1 577 0 9 87 48 12 0 101 240 833 29 32 74 45 0 0 0 1 1218 0 43 84 0 0 0 0 0
1585331119.779512 3 0 1333 2566 2144 1.488166 0.277344 0.031361 0.004909 0.108538 1.013382 0.000000 1.000000 8.700000 4.800000 1.200000 0 0 0 0 0 2.600000 3.200000 7.100000 4.600000 0 0 0 0 0.000000 4.300000 8.500000 0.000000 0 0 0 0 1194 0 115 0 18 1 142 14 132 1196 5 53 10 6 8 96 0 0 1215 21 81 3 249 0 120 0 61 128 3 4 2 1 0 153 0 0 577 0 10 87 48 12 0 101 240 833 26 32 71 46 0 0 0 1 1218 0 43 85 0 0 0 0 0
1585331119.789551 3 0 1331 2570 2141 1.485439 0.286888 0.031361 0.005727 0.124627 1.013382 0.000000 1.000000 8.700000 4.800000 1.200000 0 0 0 0 0 2.700000 3.200000 7.300000 4.600000 0 0 0 0 0.000000 4.300000 8.500000 0.000000 0 0 0 0 1194 0 115 0 21 1 201 14 132 1196 5 51 10 10 8 93 0 0 1215 21 71 4 28 0 121 0 61 128 3 4 2 1 0 153 0 0 577 0 10 87 48 12 0 101 240 833 27 32 73 46 0 0 0 1 1218 0 43 85 0 0 0 0 0
1585331119.799431 3 0 1331 2570 2141 1.484075 0.293706 0.031361 0.005727 0.139899 1.012564 0.000000 1.000000 8.800000 4.800000 1.200000 0 0 0 0 0 2.900000 3.000000 7.300000 4.900000 0 0 0 0 0.000000 4.300000 8.600000 0.000000 0 0 0 0 1194 0 115 0 21 2 1 14 129 1196 5 51 10 10 8 93 0 0 1215 21 66 4 53 0 122 0 61 128 3 4 2 1 0 153 0 0 577 0 10 88 48 12 0 101 240 833 29 30 73 49 0 0 0 1 1218 0 43 86 0 0 0 0 0
1585331119.809464 3 0 1326 2577 2134 1.482712 0.300524 0.031361 0.004909 0.151353 1.013382 0.000000 1.100000 8.800000 4.800000 1.200000 0 0 0 0 0 2.800000 2.800000 7.600000 4.800000 0 0 0 0 0.000000 4.400000 8.700000 0.000000 0 0 0 0 1194 0 115 0 18 2 43 14 132 1196 5 46 10 17 8 86 0 0 1215 21 61 4 78 0 123 0 62 128 3 4 2 1 0 153 0 0 577 0 11 88 48 12 0 101 240 833 28 28 76 48 0 0 0 1 1218 0 44 87 0 0 0 0 0
1585331119.819533 3 0 1326 2577 2134 1.479985 0.304614 0.031361 0.004909 0.164443 1.012564 0.000000 1.100000 8.800000 4.800000 1.200000 0 0 0 0 0 2.700000 2.800000 7.500000 4.500000 0 0 0 0 0.000000 4.300000 8.700000 0.000000 0 0 0 0 1194 0 115 0 18 2 91 14 129 1196 5 46 10 17 8 86 0 0 1215 21 51 4 93 0 124 0 62 128 3 4 2 1 0 153 0 0 577 0 11 88 48 12 0 101 240 833 27 28 75 45 0 0 0 1 1218 0 43 87 0 0 0 0 0
1585331119.829468 3 0 1322 2584 2131 1.479985 0.310069 0.031361 0.004909 0.172079 1.012564 0.000000 1.100000 8.800000 4.800000 1.200000 0 0 0 0 0 2.700000 2.700000 7.200000 4.600000 0 0 0 0 0.000000 4.400000 8.800000 0.000000 0 0 0 0 1194 0 115 0 18 2 119 14 129 1196 5 42 10 24 8 83 0 0 1215 21 51 4 113 0 125 0 63 128 3 4 2 1 0 154 0 0 577 0 11 88 48 12 0 101 240 833 27 27 72 46 0 0 0 1 1218 0 44 88 0 0 0 0 0
1585331119.839464 3 0 1322 2584 2131 1.478621 0.312796 0.031361 0.004909 0.181623 1.013382 0.000000 1.200000 8.900000 4.800000 1.200000 0 0 0 0 0 2.700000 3.000000 7.100000 4.700000 0 0 0 0 0.000000 4.400000 8.900000 0.000000 0 0 0 0 1194 0 115 0 18 2 154 14 132 1196 5 42 10 24 8 83 0 0 1215 21 46 4 123 0 126 0 63 128 3 4 2 1 0 153 0 0 577 0 12 89 48 12 0 101 240 833 27 30 71 47 0 0 0 1 1218 0 44 89 0 0 0 0 0
1585331119.849469 3 0 1318 2588 2129 1.478621 0.315523 0.031361 0.004909 0.184623 1.013382 0.000000 1.200000 8.900000 4.800000 1.200000 0 0 0 0 0 2.800000 3.100000 7.100000 4.600000 0 0 0 0 0.000000 4.500000 8.900000 0.000000 0 0 0 0 1194 0 115 0 18 2 165 14 132 1196 5 38 10 28 8 81 0 0 1215 21 46 4 133 0 127 0 64 128 3 4 2 1 0 153 0 0 577 0 12 89 48 12 0 101 240 833 28 31 71 46 0 0 0 1 1218 0 45 89 0 0 0 0 0
1585331119.859492 3 0 1318 2588 2129 1.478621 0.319613 0.031361 0.004091 0.186532 1.013382 0.000000 1.200000 8.900000 4.800000 1.200000 0 0 0 0 0 2.700000 3.100000 7.300000 4.700000 0 0 0 0 0.000000 4.500000 9.000000 0.000000 0 0 0 0 1194 0 115 0 15 2 172 14 132 1196 5 38 10 28 8 81 0 0 1215 21 46 4 148 0 128 0 65 128 3 4 2 1 0 153 0 0 577 0 12 89 48 12 0 101 240 833 27 31 73 47 0 0 0 1 1218 0 45 90 0 0 0 0 0
1585331119.869486 3 0 1314 2596 2126 1.478621 0.323704 0.031361 0.004909 0.190350 1.013382 0.000000 1.200000 8.900000 4.800000 1.200000 0 0 0 0 0 2.700000 3.100000 7.300000 4.900000 0 0 0 0 0.000000 4.500000 9.100000 0.000000 0 0 0 0 1194 0 115 0 18 2 186 14 132 1196 5 34 10 36 8 78 0 0 1215 21 46 4 163 0 129 0 65 128 3 4 2 1 0 153 0 1 577 0 12 89 48 12 0 101 240 833 27 31 73 49 0 0 0 1 1218 0 45 91 0 0 0 0 0
1585331119.879545 3 0 1314 2596 2126 1.478621 0.327795 0.031361 0.005727 0.193077 1.012564 0.000000 1.200000 9.000000 4.800000 1.200000 0 0 0 0 0 3.000000 3.000000 7.100000 4.800000 0 0 0 0 0.000000 4.600000 9.100000 0.000000 0 0 0 0 1194 0 115 0 21 2 196 14 129 1196 5 34 10 36 8 78 0 0 1215 21 46 4 178 0 131 0 66 128 3 4 2 1 0 153 0 0 577 0 12 90 48 12 0 101 240 833 30 30 71 48 0 0 0 1 1218 0 46 91 0 0 0 0 0
1585331119.889524 3 0 1308 2604 2129 1.475894 0.330522 0.031361 0.005727 0.196895 1.013382 0.000000 1.200000 9.000000 4.800000 1.200000 0 0 0 0 0 2.900000 2.900000 7.200000 4.700000 0 0 0 0 0.000000 4.600000 9.200000 0.000000 0 0 0 0 1194 0 115 0 21 2 210 14 132 1196 5 28 10 44 8 81 0 0 1215 21 36 4 188 0 132 0 67 128 3 4 2 1 0 153 0 0 577 0 12 90 48 12 0 101 240 833 29 29 72 47 0 0 0 1 1218 0 46 92 0 0 0 0 0
1585331119.899477 3 0 1308 2604 2129 1.478621 0.337339 0.031361 0.004091 0.199895 1.012564 0.000000 1.200000 9.100000 4.800000 1.200000 0 0 0 0 0 2.800000 2.800000 7.100000 5.000000 0 0 0 0 0.000000 4.700000 9.300000 0.000000 0 0 0 0 1194 0 115 0 15 2 221 14 129 1196 5 28 10 44 8 81 0 0 1215 21 46 4 213 0 134 0 68 128 3 4 2 1 0 153 0 0 577 0 12 91 48 12 0 101 240 833 28 28 71 50 0 0 0 1 1218 0 47 93 0 0 0 0 0
1585331119.909607 3 0 1303 2611 2130 1.477258 0.341430 0.031361 0.004909 0.205349 1.012564 0.000000 1.200000 9.100000 4.800000 1.200000 0 0 0 0 0 2.900000 2.700000 7.000000 4.500000 0 0 0 0 0.000000 4.700000 9.400000 0.000000 0 0 0 0 1194 0 115 0 18 2 241 14 129 1196 5 23 10 51 8 82 0 0 1215 21 41 4 228 0 135 0 69 128 3 4 2 1 0 153 0 0 577 0 12 91 48 12 0 101 240 833 29 27 70 45 0 0 0 1 1218 0 47 94 0 0 0 0 0
1585331119.919540 3 0 1303 2611 2130 1.478621 0.347975 0.031361 0.004909 0.211076 1.012564 0.000000 1.200000 9.100000 4.900000 1.200000 0 0 0 0 0 2.700000 2.800000 7.200000 4.200000 0 0 0 0 0.000000 4.800000 9.500000 0.000000 0 0 0 0 1194 0 115 0 18 3 6 14 129 1196 5 23 10 51 8 82 0 0 1215 21 46 4 252 0 136 0 70 128 3 4 2 1 0 153 0 0 577 0 12 91 49 12 0 101 240 833 27 28 72 42 0 0 0 1 1218 0 48 95 0 0 0 0 0
1585331119.929486 3 0 1297 2621 2119 1.478621 0.353429 0.031361 0.004909 0.212985 1.013382 0.000000 1.200000 9.200000 4.900000 1.200000 0 0 0 0 0 2.600000 2.800000 7.400000 4.300000 0 0 0 0 0.000000 4.800000 9.600000 0.000000 0 0 0 0 1194 0 115 0 18 3 13 14 132 1196 5 17 10 61 8 71 0 0 1215 21 46 5 16 0 138 0 71 128 3 4 2 1 0 153 0 0 577 0 12 92 49 12 0 101 240 833 26 28 74 43 0 0 0 1 1218 0 48 96 0 0 0 0 0
1585331119.939501 3 0 1297 2621 2119 1.478621 0.360247 0.031361 0.004909 0.216803 1.012564 0.000000 1.200000 9.200000 4.900000 1.200000 0 0 0 0 0 3.000000 2.800000 7.600000 4.500000 0 0 0 0 0.000000 4.900000 9.700000 0.000000 0 0 0 0 1194 0 115 0 18 3 27 14 129 1196 5 17 10 61 8 71 0 0 1215 21 46 5 41 0 139 0 72 128 3 4 2 1 0 153 0 0 577 0 12 92 49 12 0 101 240 833 30 28 76 45 0 0 0 1 1218 0 49 97 0 0 0 0 0
1585331119.949541 3 0 1291 2629 2079 1.478621 0.364337 0.031361 0.005727 0.222529 1.012564 0.000000 1.200000 9.300000 4.900000 1.200000 0 0 0 0 0 2.900000 2.900000 7.300000 4.400000 0 0 0 0 0.000000 5.000000 9.800000 0.000000 0 0 0 0 1194 0 115 0 21 3 48 14 129 1196 5 11 10 69 8 31 0 0 1215 21 46 5 56 0 141 0 73 128 3 4 2 1 0 153 0 0 577 0 12 93 49 12 0 101 240 833 29 29 73 44 0 0 0 1 1218 0 50 98 0 0 0 0 0
1585331119.959528 3 0 1291 2629 2079 1.478621 0.368428 0.031361 0.004909 0.228256 1.013382 0.000000 1.200000 9.300000 4.900000 1.200000 0 0 0 0 0 2.800000 2.900000 7.000000 4.300000 0 0 0 0 0.000000 5.000000 9.900000 0.000000 0 0 0 0 1194 0 115 0 18 3 69 14 132 1196 5 11 10 69 8 31 0 0 1215 21 46 5 71 0 142 0 74 128 3 4 2 1 0 153 0 0 577 0 12 93 49 12 0 101 240 833 28 29 70 43 0 0 0 1 1218 0 50 99 0 0 0 0 0
1585331119.969562 3 0 1285 2638 2017 1.478621 0.373882 0.031361 0.004909 0.231256 1.012564 0.000000 1.200000 9.300000 4.900000 1.200000 0 0 0 0 0 3.000000 2.900000 7.100000 4.800000 0 0 0 0 0.000000 5.100000 10.000000 0.000000 0 0 0 0 1194 0 115 0 18 3 80 14 129 1196 5 5 10 78 7 225 0 0 1215 21 46 5 91 0 144 0 75 128 3 4 2 1 0 153 0 1 577 0 12 93 49 12 0 101 240 833 30 29 71 48 0 0 0 1 1218 0 51 100 0 0 0 0 0
1585331119.979614 3 0 1285 2638 2017 1.477258 0.377973 0.031361 0.004909 0.242710 1.012564 0.000000 1.200000 9.300000 4.900000 1.200000 0 0 0 0 0 3.000000 2.800000 7.600000 4.400000 0 0 0 0 0.000000 5.200000 10.100000 0.000000 0 0 0 0 1194 0 115 0 18 3 122 14 129 1196 5 5 10 78 7 225 0 0 1215 21 41 5 106 0 146 0 76 128 3 4 2 1 0 153 0 0 577 0 12 93 49 12 0 101 240 833 30 28 76 44 0 0 0 1 1218 0 52 101 0 0 0 0 0
1585331119.989526 3 0 1279 2646 1997 1.474531 0.382063 0.031361 0.004909 0.253891 1.012564 0.000000 1.300000 9.400000 5.000000 1.200000 0 0 0 0 0 3.000000 2.700000 7.300000 4.600000 0 0 0 0 0.000000 5.200000 10.200000 0.000000 0 0 0 0 1194 0 115 0 18 3 163 14 129 1196 4 255 10 86 7 205 0 0 1215 21 31 5 121 0 147 0 77 128 3 4 2 1 0 153 0 0 577 0 13 94 50 12 0 101 240 833 30 27 73 46 0 0 0 1 1218 0 52 102 0 0 0 0 0
1585331119.999536 3 0 1279 2646 1997 1.477258 0.390245 0.031361 0.004909 0.265345 1.012564 0.000000 1.300000 9.400000 5.000000 1.200000 0 0 0 0 0 3.000000 2.800000 7.100000 4.700000 0 0 0 0 0.000000 5.300000 10.300000 0.000000 0 0 0 0 1194 0 115 0 18 3 205 14 129 1196 4 255 10 86 7 205 0 0 1215 21 41 5 151 0 148 0 78 128 3 4 2 1 0 153 0 0 577 0 13 94 50 12 0 101 240 833 30 28 71 47 0 0 0 1 1218 0 53 103 0 0 0 0 0
1585331120.009567 3 0 1272 2656 1994 1.477258 0.394335 0.031361 0.004909 0.275980 1.012564 0.000000 1.300000 9.400000 5.000000 1.200000 0 0 0 0 0 2.900000 2.800000 7.300000 4.400000 0 0 0 0 0.000000 5.400000 10.400000 0.000000 0 0 0 0 1194 0 115 0 18 3 244 14 129 1196 4 248 10 96 7 202 0 0 1215 21 41 5 166 0 150 0 79 128 3 4 2 1 0 153 0 0 577 0 13 94 50 12 0 101 240 833 29 28 73 44 0 0 0 1 1218 0 54 104 0 0 0 0 0
1585331120.019538 3 0 1272 2656 1994 1.475894 0.398426 0.031361 0.004091 0.285525 1.012564 0.000000 1.300000 9.500000 5.000000 1.200000 0 0 0 0 0 3.100000 2.800000 7.300000 4.700000 0 0 0 0 0.000000 5.400000 10.500000 0.000000 0 0 0 0 1194 0 115 0 15 4 23 14 129 1196 4 248 10 96 7 202 0 0 1215 21 36 5 181 0 152 0 80 128 3 4 2 1 0 153 0 0 577 0 13 95 50 12 0 101 240 833 31 28 73 47 0 0 0 1 1218 0 54 105 0 0 0 0 0
1585331120.029531 3 0 1266 2661 1993 1.477258 0.403880 0.031361 0.004909 0.292070 1.013382 0.000000 1.300000 9.500000 5.000000 1.200000 0 0 0 0 0 3.300000 2.700000 7.100000 4.900000 0 0 0 0 0.000000 5.500000 10.600000 0.000000 0 0 0 0 1194 0 115 0 18 4 47 14 132 1196 4 242 10 101 7 201 0 0 1215 21 41 5 201 0 153 0 81 128 3 4 2 1 0 153 0 0 577 0 13 95 50 12 0 101 240 833 33 27 71 49 0 0 0 1 1218 0 55 106 0 0 0 0 0
1585331120.039513 3 0 1266 2661 1993 1.477258 0.405244 0.031361 0.005727 0.297797 1.012564 0.000000 1.300000 9.500000 5.000000 1.200000 0 0 0 0 0 3.200000 3.100000 7.000000 4.900000 0 0 0 0 0.000000 5.500000 10.700000 0.000000 0 0 0 0 1194 0 115 0 21 4 68 14 129 1196 4 242 10 101 7 201 0 0 1215 21 41 5 206 0 154 0 82 128 3 4 2 1 0 153 0 0 577 0 13 95 50 12 0 101 240 833 32 31 70 49 0 0 0 1 1218 0 55 107 0 0 0 0 0
1585331120.049546 3 0 1261 2666 1993 1.478621 0.406607 0.031361 0.005727 0.304342 1.013382 0.000000 1.400000 9.500000 5.100000 1.200000 0 0 0 0 0 3.000000 3.100000 7.100000 4.700000 0 0 0 0 0.000000 5.600000 10.800000 0.000000 0 0 0 0 1194 0 115 0 21 4 92 14 132 1196 4 237 10 106 7 201 0 0 1215 21 46 5 211 0 155 0 83 128 3 4 2 1 0 153 0 0 577 0 14 95 51 12 0 101 240 833 30 31 71 47 0 0 0 1 1218 0 56 108 0 0 0 0 0
1585331120.059551 3 0 1261 2666 1993 1.478621 0.406607 0.031361 0.005727 0.305433 1.012564 0.000000 1.300000 9.500000 5.100000 1.200000 0 0 0 0 0 3.100000 2.800000 7.100000 4.700000 0 0 0 0 0.000000 5.700000 10.800000 0.000000 0 0 0 0 1194 0 115 0 21 4 96 14 129 1196 4 237 10 106 7 201 0 0 1215 21 46 5 211 0 156 0 84 128 3 4 2 1 0 153 0 0 577 0 13 95 51 12 0 101 240 833 31 28 71 47 0 0 0 1 1218 0 57 108 0 0 0 0 0
1585331120.069577 3 0 1254 2676 1992 1.478621 0.407971 0.031361 0.004909 0.308160 1.012564 0.000000 1.400000 9.500000 5.100000 1.200000 0 0 0 0 0 3.300000 3.000000 7.500000 4.600000 0 0 0 0 0.000000 5.700000 10.900000 0.000000 0 0 0 0 1194 0 115 0 18 4 106 14 129 1196 4 230 10 116 7 200 0 0 1215 21 46 5 216 0 157 0 84 128 3 4 2 1 0 152 0 1 577 0 14 95 51 12 0 101 240 833 33 30 75 46 0 0 0 1 1218 0 57 109 0 0 0 0 0
1585331120.079552 3 0 1254 2676 1992 1.478621 0.407971 0.031361 0.004909 0.313887 1.012564 0.000000 1.300000 9.500000 5.100000 1.200000 0 0 0 0 0 3.100000 2.600000 7.200000 4.600000 0 0 0 0 0.000000 5.800000 11.000000 0.000000 0 0 0 0 1194 0 115 0 18 4 127 14 129 1196 4 230 10 116 7 200 0 0 1215 21 46 5 216 0 158 0 85 128 3 4 2 1 0 152 0 0 577 0 13 95 51 12 0 101 240 833 31 26 72 46 0 0 0 1 1218 0 58 110 0 0 0 0 0
1585331120.089515 3 0 1248 2685 1992 1.481348 0.412061 0.031361 0.004909 0.317704 1.012564 0.000000 1.400000 9.500000 5.100000 1.200000 0 0 0 0 0 3.200000 2.600000 7.300000 4.500000 0 0 0 0 0.000000 5.800000 11.100000 0.000000 0 0 0 0 1194 0 115 0 18 4 141 14 129 1196 4 224 10 125 7 200 0 0 1215 21 56 5 231 0 160 0 86 128 3 4 2 1 0 152 0 0 577 0 14 95 51 12 0 101 240 833 32 26 73 45 0 0 0 1 1218 0 58 111 0 0 0 0 0
1585331120.099554 3 0 1248 2685 1992 1.482712 0.414788 0.031361 0.004909 0.324522 1.013927 0.000000 1.300000 9.500000 5.100000 1.200000 0 0 0 0 0 3.200000 3.000000 7.600000 4.500000 0 0 0 0 0.000000 5.900000 11.200000 0.000000 0 0 0 0 1194 0 115 0 18 4 166 14 134 1196 4 224 10 125 7 200 0 0 1215 21 61 5 241 0 162 0 87 128 3 4 2 1 0 152 0 0 577 0 13 95 51 12 0 101 240 833 32 30 76 45 0 0 0 1 1218 0 59 112 0 0 0 0 0
1585331120.109554 3 0 1241 2694 1992 1.482712 0.418879 0.031361 0.004909 0.331067 1.012564 0.000000 1.400000 9.500000 5.100000 1.200000 0 0 0 0 0 3.100000 2.900000 7.400000 4.600000 0 0 0 0 0.000000 6.000000 11.300000 0.000000 0 0 0 0 1194 0 115 0 18 4 190 14 129 1196 4 217 10 134 7 200 0 0 1215 21 61 6 0 0 163 0 89 128 3 4 2 1 0 152 0 0 577 0 14 95 51 12 0 101 240 833 31 29 74 46 0 0 0 1 1218 0 60 113 0 0 0 0 0
1585331120.119540 3 0 1241 2694 1992 1.484075 0.424333 0.031361 0.004909 0.337885 1.012564 0.000000 1.300000 9.500000 5.100000 1.200000 0 0 0 0 0 3.200000 2.700000 7.300000 4.600000 0 0 0 0 0.000000 6.000000 11.400000 0.000000 0 0 0 0 1194 0 115 0 18 4 215 14 129 1196 4 217 10 134 7 200 0 0 1215 21 66 6 20 0 165 0 90 128 3 4 2 1 0 152 0 0 577 0 13 95 51 12 0 101 240 833 32 27 73 46 0 0 0 1 1218 0 60 114 0 0 0 0 0
1585331120.129603 3 0 1235 2704 1987 1.484075 0.428424 0.031361 0.004909 0.343339 1.012564 0.000000 1.400000 9.500000 5.100000 1.200000 0 0 0 0 0 3.200000 3.000000 7.200000 4.700000 0 0 0 0 0.000000 6.100000 11.500000 0.000000 0 0 0 0 1194 0 115 0 18 4 235 14 129 1196 4 211 10 144 7 195 0 0 1215 21 66 6 35 0 167 0 91 128 3 4 2 1 0 152 0 0 577 0 14 95 51 12 0 101 240 833 32 30 72 47 0 0 0 1 1218 0 61 115 0 0 0 0 0
1585331120.139585 3 0 1235 2704 1987 1.484075 0.432242 0.031361 0.005727 0.353975 1.012564 0.000000 1.300000 9.500000 5.100000 1.200000 0 0 0 0 0 3.300000 2.700000 7.300000 4.700000 0 0 0 0 0.000000 6.200000 11.600000 0.000000 0 0 0 0 1194 0 115 0 21 5 18 14 129 1196 4 211 10 144 7 195 0 0 1215 21 66 6 49 0 168 0 92 128 3 4 2 1 0 152 0 0 577 0 13 95 51 12 0 101 240 833 33 27 73 47 0 0 0 1 1218 0 62 116 0 0 0 0 0
1585331120.149647 3 0 1228 2715 1986 1.485439 0.436332 0.031361 0.004909 0.361610 1.012564 0.000000 1.400000 9.500000 5.100000 1.200000 0 0 0 0 0 3.500000 2.600000 7.200000 4.700000 0 0 0 0 0.000000 6.200000 11.700000 0.000000 0 0 0 0 1194 0 115 0 18 5 46 14 129 1196 4 204 10 155 7 194 0 0 1215 21 71 6 64 0 170 0 93 128 3 4 2 1 0 152 0 0 577 0 14 95 51 12 0 101 240 833 35 26 72 47 0 0 0 1 1218 0 62 117 0 0 0 0 0
1585331120.159592 3 0 1228 2715 1986 1.485439 0.440423 0.031361 0.004909 0.370064 1.012564 0.000000 1.300000 9.500000 5.100000 1.200000 0 0 0 0 0 3.500000 2.900000 6.900000 4.200000 0 0 0 0 0.000000 6.300000 11.900000 0.000000 0 0 0 0 1194 0 115 0 18 5 77 14 129 1196 4 204 10 155 7 194 0 0 1215 21 71 6 79 0 172 0 94 128 3 4 2 1 0 152 0 0 577 0 13 95 51 12 0 101 240 833 35 29 69 42 0 0 0 1 1218 0 63 119 0 0 0 0 0
1585331120.169641 3 0 1221 2725 1986 1.484075 0.445877 0.031361 0.005727 0.375791 1.012564 0.000000 1.500000 9.700000 5.300000 1.200000 0 0 0 0 0 3.400000 2.800000 7.300000 4.400000 0 0 0 0 0.000000 6.400000 12.000000 0.000000 0 0 0 0 1194 0 115 0 21 5 98 14 129 1196 4 197 10 165 7 194 0 0 1215 21 66 6 99 0 174 0 95 128 3 4 2 1 0 152 0 1 577 0 15 97 53 12 0 101 240 833 34 28 73 44 0 0 0 1 1218 0 64 120 0 0 0 0 0
1585331120.179613 3 0 1221 2725 1986 1.485439 0.452695 0.031361 0.004909 0.386154 1.012018 0.000000 1.600000 9.800000 5.400000 1.200000 0 0 0 0 0 3.300000 3.000000 7.500000 4.400000 0 0 0 0 0.000000 6.400000 12.100000 0.000000 0 0 0 0 1194 0 115 0 18 5 136 14 127 1196 4 197 10 165 7 194 0 0 1215 21 71 6 124 0 175 0 97 128 3 4 2 1 0 152 0 0 577 0 16 98 54 12 0 101 240 833 33 30 75 44 0 0 0 1 1218 0 64 121 0 0 0 0 0
1585331120.189621 3 0 1214 2734 1985 1.485439 0.456785 0.031361 0.004909 0.389972 1.012018 0.000000 1.600000 9.800000 5.400000 1.200000 0 0 0 0 0 3.400000 2.600000 7.400000 4.300000 0 0 0 0 0.000000 6.500000 12.200000 0.000000 0 0 0 0 1194 0 115 0 18 5 150 14 127 1196 4 190 10 174 7 193 0 0 1215 21 71 6 139 0 177 0 98 128 3 4 2 1 0 152 0 0 577 0 16 98 54 12 0 101 240 833 34 26 74 43 0 0 0 1 1218 0 65 122 0 0 0 0 0
1585331120.199610 3 0 1214 2734 1985 1.485439 0.460876 0.031361 0.004909 0.400608 1.012564 0.000000 1.600000 9.900000 5.400000 1.200000 0 0 0 0 0 3.400000 2.400000 6.900000 4.700000 0 0 0 0 0.000000 6.600000 12.300000 0.000000 0 0 0 0 1194 0 115 0 18 5 189 14 129 1196 4 190 10 174 7 193 0 0 1215 21 71 6 154 0 179 0 99 128 3 4 2 1 0 152 0 0 577 0 16 99 54 12 0 101 240 833 34 24 69 47 0 0 0 1 1218 0 66 123 0 0 0 0 0
1585331120.209604 3 0 1207 2744 1985 1.485439 0.464967 0.031361 0.005727 0.410152 1.012018 0.000000 1.600000 9.900000 5.400000 1.200000 0 0 0 0 0 3.500000 2.800000 7.200000 5.000000 0 0 0 0 0.000000 6.700000 12.500000 0.000000 0 0 0 0 1194 0 115 0 21 5 224 14 127 1196 4 183 10 184 7 193 0 0 1215 21 71 6 169 0 181 0 100 128 3 4 2 1 0 152 0 0 577 0 16 99 54 12 0 101 240 833 35 28 72 50 0 0 0 1 1218 0 67 125 0 0 0 0 0
1585331120.219576 3 0 1207 2744 1985 1.486802 0.467694 0.031361 0.004909 0.417788 1.012018 0.000000 1.600000 9.900000 5.400000 1.200000 0 0 0 0 0 3.500000 2.800000 7.500000 4.800000 0 0 0 0 0.000000 6.700000 12.600000 0.000000 0 0 0 0 1194 0 115 0 18 5 252 14 127 1196 4 183 10 184 7 193 0 0 1215 21 76 6 179 0 182 0 101 128 3 4 2 1 0 152 0 0 577 0 16 99 54 12 0 101 240 833 35 28 75 48 0 0 0 1 1218 0 67 126 0 0 0 0 0
1585331120.229579 3 0 1200 2753 1984 1.485439 0.473148 0.031361 0.004909 0.426242 1.012564 0.000000 1.600000 10.000000 5.400000 1.200000 0 0 0 0 0 3.700000 2.400000 7.200000 4.300000 0 0 0 0 0.000000 6.800000 12.700000 0.000000 0 0 0 0 1194 0 115 0 18 6 27 14 129 1196 4 176 10 193 7 192 0 0 1215 21 71 6 199 0 184 0 102 128 3 4 2 1 0 152 0 0 577 0 16 100 54 12 0 101 240 833 37 24 72 43 0 0 0 1 1218 0 68 127 0 0 0 0 0
1585331120.239581 3 0 1200 2753 1984 1.485439 0.481329 0.031361 0.004091 0.432787 1.012018 0.000000 1.700000 10.000000 5.400000 1.200000 0 0 0 0 0 3.800000 2.700000 7.200000 4.700000 0 0 0 0 0.000000 6.900000 12.800000 0.000000 0 0 0 0 1194 0 115 0 15 6 51 14 127 1196 4 176 10 193 7 192 0 0 1215 21 71 6 229 0 186 0 103 128 3 4 2 1 0 152 0 0 577 0 17 100 54 12 0 101 240 833 38 27 72 47 0 0 0 1 1218 0 69 128 0 0 0 0 0
1585331120.249600 3 0 1194 2762 1983 1.485439 0.485420 0.031361 0.004909 0.440423 1.012018 0.000000 1.700000 10.100000 5.400000 1.200000 0 0 0 0 0 3.500000 2.800000 7.000000 4.500000 0 0 0 0 0.000000 6.900000 12.900000 0.000000 0 0 0 0 1194 0 115 0 18 6 79 14 127 1196 4 170 10 202 7 191 0 0 1215 21 71 6 244 0 187 0 105 128 3 4 2 1 0 152 0 0 577 0 17 101 54 12 0 101 240 833 35 28 70 45 0 0 0 1 1218 0 69 129 0 0 0 0 0
1585331120.259675 3 0 1194 2762 1983 1.485439 0.488147 0.031361 0.004909 0.449150 1.012018 0.000000 1.700000 10.100000 5.500000 1.200000 0 0 0 0 0 3.400000 2.800000 6.800000 4.400000 0 0 0 0 0.000000 7.000000 13.000000 0.000000 0 0 0 0 1194 0 115 0 18 6 111 14 127 1196 4 170 10 202 7 191 0 0 1215 21 71 6 254 0 189 0 106 128 3 4 2 1 0 152 0 0 577 0 17 101 55 12 0 101 240 833 34 28 68 44 0 0 0 1 1218 0 70 130 0 0 0 0 0
1585331120.269627 3 0 1187 2770 1983 1.485439 0.490874 0.031361 0.004909 0.458694 1.012564 0.000000 1.700000 10.200000 5.500000 1.200000 0 0 0 0 0 3.500000 2.700000 7.100000 4.600000 0 0 0 0 0.000000 7.100000 13.100000 0.000000 0 0 0 0 1194 0 115 0 18 6 146 14 129 1196 4 163 10 210 7 191 0 0 1215 21 71 7 8 0 190 0 107 128 3 4 2 1 0 151 0 1 577 0 17 102 55 12 0 101 240 833 35 27 71 46 0 0 0 1 1218 0 71 131 0 0 0 0 0
1585331120.279628 3 0 1187 2770 1983 1.486802 0.496328 0.031361 0.005727 0.466330 1.012018 0.000000 1.700000 10.200000 5.500000 1.200000 0 0 0 0 0 3.500000 2.500000 7.000000 4.400000 0 0 0 0 0.000000 7.100000 13.200000 0.000000 0 0 0 0 1194 0 115 0 21 6 174 14 127 1196 4 163 10 210 7 191 0 0 1215 21 76 7 28 0 192 0 108 128 3 4 2 1 0 151 0 0 577 0 17 102 55 12 0 101 240 833 35 25 70 44 0 0 0 1 1218 0 71 132 0 0 0 0 0
1585331120.289640 3 0 1179 2778 1983 1.486802 0.499055 0.031361 0.004909 0.474784 1.011200 0.000000 1.700000 10.200000 5.500000 1.200000 0 0 0 0 0 3.800000 2.700000 7.000000 4.800000 0 0 0 0 0.000000 7.200000 13.300000 0.000000 0 0 0 0 1194 0 115 0 18 6 205 14 124 1196 4 155 10 218 7 191 0 0 1215 21 76 7 38 0 193 0 109 128 3 4 2 1 0 151 0 0 577 0 17 102 55 12 0 101 240 833 38 27 70 48 0 0 0 1 1218 0 72 133 0 0 0 0 0
1585331120.299674 3 0 1179 2778 1983 1.486802 0.504509 0.031361 0.004909 0.480511 1.012018 0.000000 1.800000 10.200000 5.600000 1.200000 0 0 0 0 0 4.000000 2.600000 7.600000 4.700000 0 0 0 0 0.000000 7.300000 13.400000 0.000000 0 0 0 0 1194 0 115 0 18 6 226 14 127 1196 4 155 10 218 7 191 0 0 1215 21 76 7 58 0 195 0 110 128 3 4 2 1 0 151 0 0 577 0 18 102 56 12 0 101 240 833 40 26 76 47 0 0 0 1 1218 0 73 134 0 0 0 0 0
1585331120.309693 3 0 1171 2788 1983 1.486802 0.508600 0.031361 0.004909 0.487056 1.012018 0.000000 1.800000 10.200000 5.600000 1.200000 0 0 0 0 0 3.800000 3.000000 7.500000 4.700000 0 0 0 0 0.000000 7.300000 13.600000 0.000000 0 0 0 0 1194 0 115 0 18 6 250 14 127 1196 4 147 10 228 7 191 0 0 1215 21 76 7 73 0 197 0 111 128 3 4 2 1 0 151 0 0 577 0 18 102 56 12 0 101 240 833 38 30 75 47 0 0 0 1 1218 0 73 136 0 0 0 0 0
1585331120.319613 3 0 1171 2788 1983 1.486802 0.512690 0.031361 0.004091 0.492783 1.015291 0.000000 1.800000 10.300000 5.600000 1.200000 0 0 0 0 0 3.800000 3.000000 6.600000 4.700000 0 0 0 0 0.000000 7.400000 13.600000 0.000000 0 0 0 0 1194 0 115 0 15 7 15 14 139 1196 4 147 10 228 7 191 0 0 1215 21 76 7 88 0 198 0 112 128 3 4 2 1 0 151 0 0 577 0 18 103 56 12 0 101 240 833 38 30 66 47 0 0 0 1 1218 0 74 136 0 0 0 0 0
1585331120.329639 3 0 1164 2795 1979 1.486802 0.516508 0.031361 0.004909 0.500419 1.012018 0.000000 1.800000 10.300000 5.600000 1.200000 0 0 0 0 0 3.800000 2.800000 6.800000 4.700000 0 0 0 0 0.000000 7.500000 13.700000 0.000000 0 0 0 0 1194 0 115 0 18 7 43 14 127 1196 4 140 10 235 7 187 0 0 1215 21 76 7 102 0 200 0 114 128 3 4 2 1 0 151 0 0 577 0 18 103 56 12 0 101 240 833 38 28 68 47 0 0 0 1 1218 0 75 137 0 0 0 0 0
1585331120.339629 3 0 1164 2795 1979 1.486802 0.520599 0.031361 0.005727 0.507236 1.012018 0.000000 1.800000 10.300000 5.600000 1.200000 0 0 0 0 0 3.600000 3.100000 7.200000 4.800000 0 0 0 0 0.000000 7.600000 13.800000 0.000000 0 0 0 0 1194 0 115 0 21 7 68 14 127 1196 4 140 10 235 7 187 0 0 1215 21 76 7 117 0 201 0 115 128 3 4 2 1 0 151 0 0 577 0 18 103 56 12 0 101 240 833 36 31 72 48 0 0 0 1 1218 0 76 138 0 0 0 0 0
1585331120.349625 3 0 1160 2810 1975 1.486802 0.526053 0.031361 0.004909 0.514872 1.012018 0.000000 1.800000 10.300000 5.600000 1.200000 0 0 0 0 0 3.600000 2.800000 7.000000 4.600000 0 0 0 0 0.000000 7.700000 13.900000 0.000000 0 0 0 0 1194 0 115 0 18 7 96 14 127 1196 4 136 10 250 7 183 0 0 1215 21 76 7 137 0 202 0 116 128 3 4 2 1 0 151 0 0 577 0 18 103 56 12 0 101 240 833 36 28 70 46 0 0 0 1 1218 0 77 139 0 0 0 0 0
1585331120.359654 3 0 1160 2810 1975 1.486802 0.524690 0.031361 0.005727 0.519508 1.012018 0.000000 1.800000 10.300000 5.600000 1.200000 0 0 0 0 0 3.900000 2.600000 6.900000 4.500000 0 0 0 0 0.000000 7.700000 14.000000 0.000000 0 0 0 0 1194 0 115 0 21 7 113 14 127 1196 4 136 10 250 7 183 0 0 1215 21 76 7 132 0 205 0 117 128 3 4 2 1 0 151 0 0 577 0 18 103 56 12 0 101 240 833 39 26 69 45 0 0 0 1 1218 0 77 140 0 0 0 0 0
1585331120.369650 3 0 1160 2835 1967 1.486802 0.526053 0.031361 0.004091 0.526053 1.012018 0.000000 1.800000 10.300000 5.600000 1.200000 0 0 0 0 0 3.900000 2.500000 7.200000 4.300000 0 0 0 0 0.000000 7.800000 14.100000 0.000000 0 0 0 0 1194 0 115 0 15 7 137 14 127 1196 4 136 11 19 7 175 0 0 1215 21 76 7 137 0 209 0 117 128 3 4 2 1 0 151 0 1 577 0 18 103 56 12 0 101 240 833 39 25 72 43 0 0 0 1 1218 0 78 141 0 0 0 0 0
1585331120.379634 3 0 1160 2835 1967 1.486802 0.535598 0.031361 0.005727 0.529871 1.012018 0.000000 1.800000 10.300000 5.600000 1.200000 0 0 0 0 0 3.900000 2.400000 7.300000 4.700000 0 0 0 0 0.000000 7.800000 14.300000 0.000000 0 0 0 0 1194 0 115 0 21 7 151 14 127 1196 4 136 11 19 7 175 0 0 1215 21 76 7 172 0 213 0 117 128 3 4 2 1 0 151 0 0 577 0 18 103 56 12 0 101 240 833 39 24 73 47 0 0 0 1 1218 0 78 143 0 0 0 0 0
1585331120.389634 3 0 1159 2867 1957 1.488166 0.541052 0.031361 0.004909 0.535598 1.012018 0.000000 1.800000 10.300000 5.600000 1.200000 0 0 0 0 0 4.100000 2.600000 7.200000 4.800000 0 0 0 0 0.000000 7.800000 14.600000 0.000000 0 0 0 0 1194 0 115 0 18 7 172 14 127 1196 4 135 11 51 7 165 0 0 1215 21 81 7 192 0 218 0 118 128 3 4 2 1 0 151 0 0 577 0 18 103 56 12 0 101 240 833 41 26 72 48 0 0 0 1 1218 0 78 146 0 0 0 0 0
1585331120.399679 3 0 1159 2867 1957 1.486802 0.545143 0.031361 0.004909 0.541325 1.012018 0.000000 1.800000 10.300000 5.600000 1.200000 0 0 0 0 0 4.000000 2.800000 7.300000 4.800000 0 0 0 0 0.000000 7.800000 14.900000 0.000000 0 0 0 0 1194 0 115 0 18 7 193 14 127 1196 4 135 11 51 7 165 0 0 1215 21 76 7 207 0 223 0 118 128 3 4 2 1 0 151 0 0 577 0 18 103 56 12 0 101 240 833 40 28 73 48 0 0 0 1 1218 0 78 149 0 0 0 0 0
1585331120.409679 3 0 1158 2902 1945 1.486802 0.550597 0.031361 0.004909 0.544325 1.012018 0.000000 1.800000 10.300000 5.600000 1.200000 0 0 0 0 0 4.100000 2.700000 7.300000 5.100000 0 0 0 0 0.000000 7.800000 15.300000 0.000000 0 0 0 0 1194 0 115 0 18 7 204 14 127 1196 4 134 11 86 7 153 0 0 1215 21 76 7 227 0 228 0 118 128 3 4 2 1 0 151 0 0 577 0 18 103 56 12 0 101 240 833 41 27 73 51 0 0 0 1 1218 0 78 153 0 0 0 0 0
1585331120.419688 3 0 1158 2902 1945 1.486802 0.557415 0.031361 0.004909 0.548142 1.012018 0.000000 1.800000 10.300000 5.600000 1.200000 0 0 0 0 0 3.900000 2.600000 7.400000 4.800000 0 0 0 0 0.000000 7.800000 15.700000 0.000000 0 0 0 0 1194 0 115 0 18 7 218 14 127 1196 4 134 11 86 7 153 0 0 1215 21 76 7 252 0 234 0 118 128 3 4 2 1 0 151 0 0 577 0 18 103 56 12 0 101 240 833 39 26 74 48 0 0 0 1 1218 0 78 157 0 0 0 0 0
1585331120.429693 3 0 1154 2924 1930 1.486802 0.561505 0.031361 0.004909 0.550870 1.012018 0.000000 1.800000 10.300000 5.600000 1.200000 0 0 0 0 0 3.600000 2.900000 7.300000 4.800000 0 0 0 0 0.000000 7.900000 16.200000 0.000000 0 0 0 0 1194 0 115 0 18 7 228 14 127 1196 4 130 11 108 7 138 0 0 1215 21 76 8 11 0 239 0 119 128 3 4 2 1 0 151 0 0 577 0 18 103 56 12 0 101 240 833 36 29 73 48 0 0 0 1 1218 0 79 162 0 0 0 0 0
1585331120.439657 3 0 1154 2924 1930 1.486802 0.564232 0.031361 0.004909 0.553869 1.012018 0.000000 1.800000 10.300000 5.600000 1.200000 0 0 0 0 0 3.900000 2.700000 6.900000 4.900000 0 0 0 0 0.000000 7.900000 16.500000 0.000000 0 0 0 0 1194 0 115 0 18 7 239 14 127 1196 4 130 11 108 7 138 0 0 1215 21 76 8 21 0 243 0 119 128 3 4 2 1 0 151 0 0 577 0 18 103 56 12 0 101 240 833 39 27 69 49 0 0 0 1 1218 0 79 165 0 0 0 0 0
1585331120.449717 3 0 1153 2943 1919 1.486802 0.564232 0.031361 0.005727 0.555778 1.012018 0.000000 1.800000 10.300000 5.600000 1.200000 0 0 0 0 0 4.100000 2.400000 7.600000 4.500000 0 0 0 0 0.000000 7.900000 16.700000 0.000000 0 0 0 0 1194 0 115 0 21 7 246 14 127 1196 4 129 11 127 7 127 0 0 1215 21 76 8 21 0 248 0 120 128 3 4 2 1 0 151 0 0 577 0 18 103 56 12 0 101 240 833 41 24 76 45 0 0 0 1 1218 0 79 167 0 0 0 0 0
1585331120.459752 3 0 1153 2943 1919 1.486802 0.566959 0.031361 0.005727 0.560414 1.012018 0.000000 4.200000 10.300000 5.600000 1.200000 0 0 0 0 0 4.100000 2.600000 7.200000 4.900000 0 0 0 0 0.000000 7.900000 17.000000 0.000000 0 0 0 0 1194 0 115 0 21 8 7 14 127 1196 4 129 11 127 7 127 0 0 1215 21 76 8 31 0 252 0 120 128 3 4 2 1 0 151 0 0 577 0 42 103 56 12 0 101 240 833 41 26 72 49 0 0 0 1 1218 0 79 170 0 0 0 0 0
1585331120.469673 3 0 1154 2957 1909 1.486802 0.569686 0.031361 0.004909 0.560414 1.012564 0.000000 5.800000 10.300000 5.600000 1.200000 0 0 0 0 0 3.900000 2.600000 7.000000 5.000000 0 0 0 0 0.000000 7.900000 17.200000 0.000000 0 0 0 0 1194 0 115 0 18 8 7 14 129 1196 4 130 11 141 7 117 0 0 1215 21 76 8 41 0 255 0 120 128 3 4 2 1 0 151 0 1 577 0 58 103 56 12 0 101 240 833 39 26 70 50 0 0 0 1 1218 0 79 172 0 0 0 0 0
1585331120.479707 3 0 1154 2957 1909 1.486802 0.566959 0.031361 0.004909 0.566141 1.012018 0.000000 5.400000 10.200000 5.600000 1.200000 0 0 0 0 0 3.600000 2.800000 7.100000 5.200000 0 0 0 0 0.000000 8.000000 17.500000 0.000000 0 0 0 0 1194 0 115 0 18 8 28 14 127 1196 4 130 11 141 7 117 0 0 1215 21 76 8 31 1 1 0 120 128 3 4 2 1 0 151 0 0 577 0 54 102 56 12 0 101 240 833 36 28 71 52 0 0 0 1 1218 0 80 175 0 0 0 0 0
1585331120.489692 3 0 1155 2965 1895 1.486802 0.568323 0.031361 0.004909 0.568868 1.012018 0.000000 5.900000 10.200000 5.600000 1.200000 0 0 0 0 0 3.800000 3.100000 6.600000 5.200000 0 0 0 0 0.000000 8.000000 17.600000 0.000000 0 0 0 0 1194 0 115 0 18 8 38 14 127 1196 4 131 11 149 7 103 0 0 1215 21 76 8 36 1 3 0 120 128 3 4 2 1 0 151 0 0 577 0 59 102 56 12 0 101 240 833 38 31 66 52 0 0 0 1 1218 0 80 176 0 0 0 0 0
1585331120.499693 3 0 1155 2965 1895 1.486802 0.568323 0.031361 0.005727 0.573777 1.012018 0.000000 6.100000 10.100000 5.500000 1.200000 0 0 0 0 0 4.100000 3.000000 6.900000 4.700000 0 0 0 0 0.000000 7.900000 17.800000 0.000000 0 0 0 0 1194 0 115 0 21 8 56 14 127 1196 4 131 11 149 7 103 0 0 1215 21 76 8 36 1 5 0 119 128 3 4 2 1 0 151 0 0 577 0 61 101 55 12 0 101 240 833 41 30 69 47 0 0 0 1 1218 0 79 178 0 0 0 0 0
1585331120.509786 3 0 1158 2976 1889 1.486802 0.568323 0.031361 0.004091 0.577595 1.012018 0.000000 6.400000 10.000000 5.500000 1.200000 0 0 0 0 0 3.900000 2.800000 6.900000 4.500000 0 0 0 0 0.000000 7.900000 17.900000 0.000000 0 0 0 0 1194 0 115 0 15 8 70 14 127 1196 4 134 11 160 7 97 0 0 1215 21 76 8 36 1 7 0 119 128 3 4 2 1 0 151 0 0 577 0 64 100 55 12 0 101 240 833 39 28 69 45 0 0 0 1 1218 0 79 179 0 0 0 0 0
1585331120.519811 3 0 1158 2976 1889 1.486802 0.568323 0.031361 0.005727 0.581413 1.012018 0.000000 6.400000 10.000000 5.500000 1.200000 0 0 0 0 0 4.000000 3.000000 7.400000 4.600000 0 0 0 0 0.000000 7.900000 18.000000 0.000000 0 0 0 0 1194 0 115 0 21 8 84 14 127 1196 4 134 11 160 7 97 0 0 1215 21 76 8 36 1 8 0 119 128 3 4 2 1 0 151 0 0 577 0 64 100 55 12 0 101 240 833 40 30 74 46 0 0 0 1 1218 0 79 180 0 0 0 0 0
1585331120.529768 3 0 1161 2984 1888 1.486802 0.568323 0.031361 0.004909 0.584140 1.011200 0.000000 6.400000 10.000000 5.500000 1.200000 0 0 0 0 0 3.800000 2.900000 7.700000 5.000000 0 0 0 0 0.000000 7.900000 18.100000 0.000000 0 0 0 0 1194 0 115 0 18 8 94 14 124 1196 4 137 11 168 7 96 0 0 1215 21 76 8 36 1 11 0 118 128 3 4 2 1 0 151 0 0 577 0 64 100 55 12 0 101 240 833 38 29 77 50 0 0 0 1 1218 0 79 181 0 0 0 0 0
1585331120.539755 3 0 1161 2984 1888 1.486802 0.568323 0.031361 0.005727 0.587140 1.012018 0.000000 6.400000 10.000000 5.500000 1.200000 0 0 0 0 0 4.100000 2.600000 7.300000 4.800000 0 0 0 0 0.000000 7.900000 18.200000 0.000000 0 0 0 0 1194 0 115 0 21 8 105 14 127 1196 4 137 11 168 7 96 0 0 1215 21 76 8 36 1 12 0 118 128 3 4 2 1 0 151 0 0 577 0 64 100 55 12 0 101 240 833 41 26 73 48 0 0 0 1 1218 0 79 182 0 0 0 0 0
1585331120.549766 3 0 1162 2987 1887 1.486802 0.568323 0.031361 0.004909 0.589049 1.012018 0.000000 6.400000 10.000000 5.500000 1.200000 0 0 0 0 0 3.900000 2.900000 6.900000 4.500000 0 0 0 0 0.000000 7.800000 18.300000 0.000000 0 0 0 0 1194 0 115 0 18 8 112 14 127 1196 4 138 11 171 7 95 0 0 1215 21 76 8 36 1 13 0 118 128 3 4 2 1 0 151 0 0 577 0 64 100 55 12 0 101 240 833 39 29 69 45 0 0 0 1 1218 0 78 183 0 0 0 0 0
1585331120.559709 3 0 1162 2987 1887 1.486802 0.568323 0.031361 0.004909 0.589867 1.012018 0.000000 6.400000 10.000000 5.500000 1.200000 0 0 0 0 0 3.600000 2.800000 6.700000 4.500000 0 0 0 0 0.000000 7.800000 18.400000 0.000000 0 0 0 0 1194 0 115 0 18 8 115 14 127 1196 4 138 11 171 7 95 0 0 1215 21 76 8 36 1 14 0 117 128 3 4 2 1 0 151 0 0 577 0 64 100 55 12 0 101 240 833 36 28 67 45 0 0 0 1 1218 0 78 184 0 0 0 0 0
1585331120.569726 3 0 1163 2988 1886 1.486802 0.568323 0.031361 0.005727 0.589867 1.012564 0.000000 6.400000 10.000000 5.500000 1.200000 0 0 0 0 0 3.900000 2.800000 6.800000 4.900000 0 0 0 0 0.000000 7.800000 18.500000 0.000000 0 0 0 0 1194 0 115 0 21 8 115 14 129 1196 4 139 11 172 7 94 0 0 1215 21 76 8 36 1 14 0 117 128 3 4 2 1 0 151 0 1 577 0 64 100 55 12 0 101 240 833 39 28 68 49 0 0 0 1 1218 0 78 185 0 0 0 0 0
1585331120.579759 3 0 1163 2988 1886 1.486802 0.568323 0.031361 0.004909 0.590958 1.012564 0.000000 7.000000 9.800000 5.500000 1.200000 0 0 0 0 0 3.600000 2.900000 7.300000 5.100000 0 0 0 0 0.000000 7.800000 18.500000 0.000000 0 0 0 0 1194 0 115 0 18 8 119 14 129 1196 4 139 11 172 7 94 0 0 1215 21 76 8 36 1 14 0 117 128 3 4 2 1 0 151 0 0 577 0 70 98 55 12 0 101 240 833 36 29 73 51 0 0 0 1 1218 0 78 185 0 0 0 0 0
1585331120.589738 3 0 1162 2987 1887 1.486802 0.568323 0.031361 0.004909 0.590958 1.012018 0.000000 7.200000 9.700000 5.500000 1.200000 0 0 0 0 0 3.800000 2.800000 7.300000 4.900000 0 0 0 0 0.000000 7.800000 18.500000 0.000000 0 0 0 0 1194 0 115 0 18 8 119 14 127 1196 4 138 11 171 7 95 0 0 1215 21 76 8 36 1 14 0 117 128 3 4 2 1 0 151 0 0 577 0 72 97 55 12 0 101 240 833 38 28 73 49 0 0 0 1 1218 0 78 185 0 0 0 0 0
1585331120.599766 3 0 1162 2987 1887 1.486802 0.568323 0.031361 0.006545 0.589867 1.012564 0.000000 7.100000 9.700000 5.500000 1.200000 0 0 0 0 0 4.200000 2.400000 7.200000 5.200000 0 0 0 0 0.000000 7.800000 18.500000 0.000000 0 0 0 0 1194 0 115 0 24 8 115 14 129 1196 4 138 11 171 7 95 0 0 1215 21 76 8 36 1 14 0 117 128 3 4 2 1 0 151 0 0 577 0 71 97 55 12 0 101 240 833 42 24 72 52 0 0 0 1 1218 0 78 185 0 0 0 0 0
1585331120.609802 3 0 1163 2983 1886 1.486802 0.568323 0.031361 0.004909 0.589867 1.012564 0.000000 7.200000 9.700000 5.500000 1.200000 0 0 0 0 0 3.800000 2.200000 7.100000 5.200000 0 0 0 0 0.000000 7.800000 18.500000 0.000000 0 0 0 0 1194 0 115 0 18 8 115 14 129 1196 4 139 11 167 7 94 0 0 1215 21 76 8 36 1 14 0 117 128 3 4 2 1 0 151 0 0 577 0 72 97 55 12 0 101 240 833 38 22 71 52 0 0 0 1 1218 0 78 185 0 0 0 0 0
1585331120.619837 3 0 1163 2983 1886 1.486802 0.568323 0.031361 0.004909 0.590958 1.012018 0.000000 7.200000 9.700000 5.500000 1.200000 0 0 0 0 0 4.000000 2.500000 6.800000 4.900000 0 0 0 0 0.000000 7.800000 18.500000 0.000000 0 0 0 0 1194 0 115 0 18 8 119 14 127 1196 4 139 11 167 7 94 0 0 1215 21 76 8 36 1 14 0 117 128 3 4 2 1 0 151 0 0 577 0 72 97 55 12 0 101 240 833 40 25 68 49 0 0 0 1 1218 0 78 185 0 0 0 0 0
1585331120.629754 3 0 1163 2984 1886 1.488166 0.569686 0.031361 0.004909 0.590958 1.012564 0.000000 7.200000 9.700000 5.500000 1.200000 0 0 0 0 0 3.800000 2.700000 7.400000 5.000000 0 0 0 0 0.000000 7.800000 18.500000 0.000000 0 0 0 0 1194 0 115 0 18 8 119 14 129 1196 4 139 11 168 7 94 0 0 1215 21 81 8 41 1 13 0 117 128 3 4 2 1 0 151 0 0 577 0 72 97 55 12 0 101 240 833 38 27 74 50 0 0 0 1 1218 0 78 185 0 0 0 0 0
1585331120.639758 3 0 1163 2984 1886 1.488166 0.569686 0.031361 0.004909 0.590958 1.012018 0.000000 7.200000 9.700000 5.500000 1.200000 0 0 0 0 0 3.700000 2.800000 7.100000 4.400000 0 0 0 0 0.000000 7.800000 18.400000 0.000000 0 0 0 0 1194 0 115 0 18 8 119 14 127 1196 4 139 11 168 7 94 0 0 1215 21 81 8 41 1 13 0 117 128 3 4 2 1 0 151 0 0 577 0 72 97 55 12 0 101 240 833 37 28 71 44 0 0 0 1 1218 0 78 184 0 0 0 0 0
1585331120.649764 3 0 1163 2981 1886 1.486802 0.568323 0.031361 0.004909 0.590958 1.012018 0.000000 7.200000 9.700000 5.500000 1.200000 0 0 0 0 0 3.900000 2.600000 7.000000 4.600000 0 0 0 0 0.000000 7.800000 18.400000 0.000000 0 0 0 0 1194 0 115 0 18 8 119 14 127 1196 4 139 11 165 7 94 0 0 1215 21 76 8 36 1 13 0 117 128 3 4 2 1 0 151 0 0 577 0 72 97 55 12 0 101 240 833 39 26 70 46 0 0 0 1 1218 0 78 184 0 0 0 0 0
1585331120.659761 3 0 1163 2981 1886 1.486802 0.568323 0.031361 0.005727 0.590958 1.012018 0.000000 7.200000 9.700000 5.500000 1.200000 0 0 0 0 0 3.600000 2.800000 7.100000 4.900000 0 0 0 0 0.000000 7.800000 18.400000 0.000000 0 0 0 0 1194 0 115 0 21 8 119 14 127 1196 4 139 11 165 7 94 0 0 1215 21 76 8 36 1 13 0 117 128 3 4 2 1 0 151 0 0 577 0 72 97 55 12 0 101 240 833 36 28 71 49 0 0 0 1 1218 0 78 184 0 0 0 0 0
1585331120.669746 3 0 1163 2981 1886 1.486802 0.568323 0.031361 0.004909 0.589867 1.012018 0.000000 7.200000 9.700000 5.500000 1.200000 0 0 0 0 0 3.900000 2.600000 7.200000 5.000000 0 0 0 0 0.000000 7.800000 18.400000 0.000000 0 0 0 0 1194 0 115 0 18 8 115 14 127 1196 4 139 11 165 7 94 0 0 1215 21 76 8 36 1 12 0 117 128 3 4 2 1 0 151 0 1 577 0 72 97 55 12 0 101 240 833 39 26 72 50 0 0 0 1 1218 0 78 184 0 0 0 0 0
1585331120.679811 3 0 1163 2981 1886 1.488166 0.569686 0.031361 0.005727 0.590958 1.012564 0.000000 7.200000 9.700000 5.500000 1.200000 0 0 0 0 0 3.800000 2.700000 7.500000 4.800000 0 0 0 0 0.000000 7.800000 18.300000 0.000000 0 0 0 0 1194 0 115 0 21 8 119 14 129 1196 4 139 11 165 7 94 0 0 1215 21 81 8 41 1 12 0 117 128 3 4 2 1 0 151 0 0 577 0 72 97 55 12 0 101 240 833 38 27 75 48 0 0 0 1 1218 0 78 183 0 0 0 0 0
1585331120.689751 3 0 1164 2979 1886 1.486802 0.568323 0.031361 0.004909 0.590958 1.012564 0.000000 7.100000 9.700000 5.400000 1.200000 0 0 0 0 0 3.700000 2.800000 7.000000 5.000000 0 0 0 0 0.000000 7.800000 18.300000 0.000000 0 0 0 0 1194 0 115 0 18 8 119 14 129 1196 4 140 11 163 7 94 0 0 1215 21 76 8 36 1 12 0 117 128 3 4 2 1 0 151 0 0 577 0 71 97 54 12 0 101 240 833 37 28 70 50 0 0 0 1 1218 0 78 183 0 0 0 0 0
1585331120.699749 3 0 1164 2979 1886 1.486802 0.566959 0.031361 0.004909 0.590958 1.012564 0.000000 7.000000 9.600000 5.400000 1.200000 0 0 0 0 0 3.700000 2.800000 6.900000 5.100000 0 0 0 0 0.000000 7.800000 18.300000 0.000000 0 0 0 0 1194 0 115 0 18 8 119 14 129 1196 4 140 11 163 7 94 0 0 1215 21 76 8 31 1 12 0 117 128 3 4 2 1 0 151 0 0 577 0 70 96 54 12 0 101 240 833 37 28 69 51 0 0 0 1 1218 0 78 183 0 0 0 0 0
1585331120.709824 3 0 1163 2978 1886 1.486802 0.568323 0.031361 0.004909 0.589867 1.012564 0.000000 7.100000 9.600000 5.400000 1.200000 0 0 0 0 0 3.500000 2.600000 7.300000 4.700000 0 0 0 0 0.000000 7.700000 18.300000 0.000000 0 0 0 0 1194 0 115 0 18 8 115 14 129 1196 4 139 11 162 7 94 0 0 1215 21 76 8 36 1 12 0 117 128 3 4 2 1 0 151 0 0 577 0 71 96 54 12 0 101 240 833 35 26 73 47 0 0 0 1 1218 0 77 183 0 0 0 0 0
1585331120.719765 3 0 1163 2978 1886 1.485439 0.566959 0.031361 0.004909 0.590958 1.012564 0.000000 7.100000 9.600000 5.400000 1.200000 0 0 0 0 0 3.800000 2.500000 7.300000 5.200000 0 0 0 0 0.000000 7.700000 18.300000 0.000000 0 0 0 0 1194 0 115 0 18 8 119 14 129 1196 4 139 11 162 7 94 0 0 1215 21 71 8 31 1 11 0 117 128 3 4 2 1 0 151 0 0 577 0 71 96 54 12 0 101 240 833 38 25 73 52 0 0 0 1 1218 0 77 183 0 0 0 0 0
1585331120.729762 3 0 1164 2978 1886 1.488166 0.569686 0.031361 0.004909 0.590958 1.012564 0.000000 7.100000 9.600000 5.400000 1.200000 0 0 0 0 0 3.700000 2.700000 7.000000 4.800000 0 0 0 0 0.000000 7.800000 18.300000 0.000000 0 0 0 0 1194 0 115 0 18 8 119 14 129 1196 4 140 11 162 7 94 0 0 1215 21 81 8 41 1 11 0 117 128 3 4 2 1 0 151 0 0 577 0 71 96 54 12 0 101 240 833 37 27 70 48 0 0 0 1 1218 0 78 183 0 0 0 0 0
1585331120.739800 3 0 1164 2978 1886 1.486802 0.568323 0.031361 0.005727 0.590958 1.012018 0.000000 7.100000 9.600000 5.400000 1.200000 0 0 0 0 0 3.600000 2.700000 7.400000 4.400000 0 0 0 0 0.000000 7.800000 18.300000 0.000000 0 0 0 0 1194 0 115 0 21 8 119 14 127 1196 4 140 11 162 7 94 0 0 1215 21 76 8 36 1 11 0 117 128 3 4 2 1 0 151 0 0 577 0 71 96 54 12 0 101 240 833 36 27 74 44 0 0 0 1 1218 0 78 183 0 0 0 0 0
1585331120.748797 3 0 1165 2977 1886 1.485439 0.566959 0.031361 0.005727 0.590958 1.012564 0.000000 7.100000 9.600000 5.400000 1.200000 0 0 0 0 0 3.900000 2.700000 7.500000 4.900000 0 0 0 0 0.000000 7.800000 18.200000 0.000000 0 0 0 0 1194 0 115 0 21 8 119 14 129 1196 4 141 11 161 7 94 0 0 1215 21 71 8 31 1 11 0 116 128 3 4 2 1 0 151 0 0 577 0 71 96 54 12 0 101 240 833 39 27 75 49 0 0 0 1 1218 0 78 182 0 0 0 0 0
1585331120.759758 3 0 1165 2977 1886 1.486802 0.568323 0.031361 0.004909 0.590958 1.012018 0.000000 7.100000 9.600000 5.400000 1.200000 0 0 0 0 0 3.900000 2.800000 7.600000 5.000000 0 0 0 0 0.000000 7.700000 18.300000 0.000000 0 0 0 0 1194 0 115 0 18 8 119 14 127 1196 4 141 11 161 7 94 0 0 1215 21 76 8 36 1 11 0 116 128 3 4 2 1 0 151 0 0 577 0 71 96 54 12 0 101 240 833 39 28 76 50 0 0 0 1 1218 0 77 183 0 0 0 0 0
1585331120.769736 3 0 1164 2975 1886 1.486802 0.568323 0.031361 0.004909 0.590958 1.012018 0.000000 7.100000 9.600000 5.400000 1.200000 0 0 0 0 0 3.700000 2.600000 7.200000 4.800000 0 0 0 0 0.000000 7.700000 18.200000 0.000000 0 0 0 0 1194 0 115 0 18 8 119 14 127 1196 4 140 11 159 7 94 0 0 1215 21 76 8 36 1 11 0 117 128 3 4 2 1 0 151 0 1 577 0 71 96 54 12 0 101 240 833 37 26 72 48 0 0 0 1 1218 0 77 182 0 0 0 0 0
1585331120.779776 3 0 1164 2975 1886 1.486802 0.568323 0.031361 0.005727 0.590958 1.012564 0.000000 7.100000 9.600000 5.400000 1.200000 0 0 0 0 0 3.900000 2.400000 7.000000 4.500000 0 0 0 0 0.000000 7.700000 18.200000 0.000000 0 0 0 0 1194 0 115 0 21 8 119 14 129 1196 4 140 11 159 7 94 0 0 1215 21 76 8 36 1 11 0 116 128 3 4 2 1 0 151 0 0 577 0 71 96 54 12 0 101 240 833 39 24 70 45 0 0 0 1 1218 0 77 182 0 0 0 0 0
1585331120.789819 3 0 1164 2974 1886 1.486802 0.568323 0.031361 0.004909 0.589867 1.012564 0.000000 7.100000 9.600000 5.400000 1.200000 0 0 0 0 0 3.700000 2.900000 7.300000 4.100000 0 0 0 0 0.000000 7.700000 18.200000 0.000000 0 0 0 0 1194 0 115 0 18 8 115 14 129 1196 4 140 11 158 7 94 0 0 1215 21 76 8 36 1 11 0 116 128 3 4 2 1 0 151 0 0 577 0 71 96 54 12 0 101 240 833 37 29 73 41 0 0 0 1 1218 0 77 182 0 0 0 0 0
1585331120.799765 3 0 1164 2974 1886 1.486802 0.568323 0.031361 0.004909 0.590958 1.012564 0.000000 7.100000 9.600000 5.400000 1.200000 0 0 0 0 0 3.700000 2.700000 6.400000 4.400000 0 0 0 0 0.000000 7.700000 18.200000 0.000000 0 0 0 0 1194 0 115 0 18 8 119 14 129 1196 4 140 11 158 7 94 0 0 1215 21 76 8 36 1 10 0 116 128 3 4 2 1 0 151 0 0 577 0 71 96 54 12 0 101 240 833 37 27 64 44 0 0 0 1 1218 0 77 182 0 0 0 0 0
1585331120.809897 3 0 1162 2974 1886 1.486802 0.568323 0.031361 0.004909 0.590958 1.012564 0.000000 7.100000 9.600000 5.400000 1.200000 0 0 0 0 0 3.900000 2.500000 6.700000 4.700000 0 0 0 0 0.000000 7.700000 18.200000 0.000000 0 0 0 0 1194 0 115 0 18 8 119 14 129 1196 4 138 11 158 7 94 0 0 1215 21 76 8 36 1 10 0 116 128 3 4 2 1 0 151 0 0 577 0 71 96 54 12 0 101 240 833 39 25 67 47 0 0 0 1 1218 0 77 182 0 0 0 0 0
1585331120.819830 3 0 1162 2974 1886 1.486802 0.568323 0.031361 0.004909 0.590958 1.012018 0.000000 7.100000 9.600000 5.400000 1.200000 0 0 0 0 0 4.000000 2.700000 7.600000 4.400000 0 0 0 0 0.000000 7.700000 18.200000 0.000000 0 0 0 0 1194 0 115 0 18 8 119 14 127 1196 4 138 11 158 7 94 0 0 1215 21 76 8 36 1 10 0 116 128 3 4 2 1 0 151 0 0 577 0 71 96 54 12 0 101 240 833 40 27 76 44 0 0 0 1 1218 0 77 182 0 0 0 0 0
1585331120.829823 3 0 1164 2974 1886 1.486802 0.569686 0.031361 0.004091 0.590958 1.012564 0.000000 7.100000 9.600000 5.400000 1.200000 0 0 0 0 0 4.000000 2.400000 7.300000 5.000000 0 0 0 0 0.000000 7.700000 18.200000 0.000000 0 0 0 0 1194 0 115 0 15 8 119 14 129 1196 4 140 11 158 7 94 0 0 1215 21 76 8 41 1 9 0 116 128 3 4 2 1 0 151 0 0 577 0 71 96 54 12 0 101 240 833 40 24 73 50 0 0 0 1 1218 0 77 182 0 0 0 0 0
1585331120.839851 3 0 1164 2974 1886 1.486802 0.568323 0.031361 0.005727 0.590958 1.012564 0.000000 7.100000 9.600000 5.400000 1.200000 0 0 0 0 0 3.400000 2.700000 7.400000 5.100000 0 0 0 0 0.000000 7.800000 18.200000 0.000000 0 0 0 0 1194 0 115 0 21 8 119 14 129 1196 4 140 11 158 7 94 0 0 1215 21 76 8 36 1 10 0 116 128 3 4 2 1 0 151 0 0 577 0 71 96 54 12 0 101 240 833 34 27 74 51 0 0 0 1 1218 0 78 182 0 0 0 0 0
1585331120.849825 3 0 1164 2973 1886 1.486802 0.568323 0.031361 0.004909 0.590958 1.012564 0.000000 7.100000 9.600000 5.400000 1.200000 0 0 0 0 0 3.300000 2.900000 7.500000 4.600000 0 0 0 0 0.000000 7.800000 18.200000 0.000000 0 0 0 0 1194 0 115 0 18 8 119 14 129 1196 4 140 11 157 7 94 0 0 1215 21 76 8 36 1 10 0 116 128 3 4 2 1 0 151 0 0 577 0 71 96 54 12 0 101 240 833 33 29 75 46 0 0 0 1 1218 0 78 182 0 0 0 0 0
1585331120.859806 3 0 1164 2973 1886 1.486802 0.568323 0.031361 0.004909 0.590958 1.012018 0.000000 7.000000 9.600000 5.400000 1.200000 0 0 0 0 0 3.600000 2.900000 7.300000 4.900000 0 0 0 0 0.000000 7.700000 18.200000 0.000000 0 0 0 0 1194 0 115 0 18 8 119 14 127 1196 4 140 11 157 7 94 0 0 1215 21 76 8 36 1 10 0 116 128 3 4 2 1 0 151 0 0 577 0 70 96 54 12 0 101 240 833 36 29 73 49 0 0 0 1 1218 0 77 182 0 0 0 0 0
1585331120.869849 3 0 1164 2972 1886 1.486802 0.566959 0.031361 0.005727 0.590958 1.012564 0.000000 7.000000 9.500000 5.400000 1.200000 0 0 0 0 0 3.800000 2.900000 7.400000 4.900000 0 0 0 0 0.000000 7.700000 18.200000 0.000000 0 0 0 0 1194 0 115 0 21 8 119 14 129 1196 4 140 11 156 7 94 0 0 1215 21 76 8 31 1 9 0 116 128 3 4 2 1 0 151 0 1 577 0 70 95 54 12 0 101 240 833 38 29 74 49 0 0 0 1 1218 0 77 182 0 0 0 0 0
1585331120.879855 3 0 1164 2972 1886 1.486802 0.568323 0.031361 0.005727 0.591776 1.012018 0.000000 7.000000 9.500000 5.400000 1.200000 0 0 0 0 0 3.900000 2.700000 7.000000 4.900000 0 0 0 0 0.000000 7.700000 18.200000 0.000000 0 0 0 0 1194 0 115 0 21 8 122 14 127 1196 4 140 11 156 7 94 0 0 1215 21 76 8 36 1 9 0 116 128 3 4 2 1 0 151 0 0 577 0 70 95 54 12 0 101 240 833 39 27 70 49 0 0 0 1 1218 0 77 182 0 0 0 0 0
1585331120.889811 3 0 1164 2972 1886 1.486802 0.568323 0.031361 0.004909 0.589867 1.012018 0.000000 7.000000 9.500000 5.400000 1.200000 0 0 0 0 0 3.600000 2.900000 7.000000 4.900000 0 0 0 0 0.000000 7.700000 18.200000 0.000000 0 0 0 0 1194 0 115 0 18 8 115 14 127 1196 4 140 11 156 7 94 0 0 1215 21 76 8 36 1 9 0 116 128 3 4 2 1 0 151 0 0 577 0 70 95 54 12 0 101 240 833 36 29 70 49 0 0 0 1 1218 0 77 182 0 0 0 0 0
1585331120.899849 3 0 1164 2972 1886 1.485439 0.566959 0.031361 0.005727 0.590958 1.012018 0.000000 7.000000 9.500000 5.400000 1.200000 0 0 0 0 0 3.700000 2.700000 7.100000 5.100000 0 0 0 0 0.000000 7.700000 18.100000 0.000000 0 0 0 0 1194 0 115 0 21 8 119 14 127 1196 4 140 11 156 7 94 0 0 1215 21 71 8 31 1 9 0 116 128 3 4 2 1 0 151 0 0 577 0 70 95 54 12 0 101 240 833 37 27 71 51 0 0 0 1 1218 0 77 181 0 0 0 0 0
1585331120.909951 3 0 1164 2971 1886 1.488166 0.571050 0.031361 0.005727 0.590958 1.012564 0.000000 7.000000 9.500000 5.400000 1.200000 0 0 0 0 0 3.700000 2.700000 7.200000 5.400000 0 0 0 0 0.000000 7.700000 18.200000 0.000000 0 0 0 0 1194 0 115 0 21 8 119 14 129 1196 4 140 11 155 7 94 0 0 1215 21 81 8 46 1 9 0 116 128 3 4 2 1 0 151 0 0 577 0 70 95 54 12 0 101 240 833 37 27 72 54 0 0 0 1 1218 0 77 182 0 0 0 0 0
1585331120.919893 3 0 1164 2971 1886 1.486802 0.568323 0.031361 0.004909 0.590958 1.012018 0.000000 7.000000 9.500000 5.400000 1.200000 0 0 0 0 0 3.600000 3.000000 7.200000 5.000000 0 0 0 0 0.000000 7.700000 18.100000 0.000000 0 0 0 0 1194 0 115 0 18 8 119 14 127 1196 4 140 11 155 7 94 0 0 1215 21 76 8 36 1 9 0 116 128 3 4 2 1 0 151 0 0 577 0 70 95 54 12 0 101 240 833 36 30 72 50 0 0 0 1 1218 0 77 181 0 0 0 0 0
1585331120.929896 3 0 1164 2971 1886 1.486802 0.566959 0.031361 0.004091 0.590958 1.012018 0.000000 7.000000 9.500000 5.400000 1.200000 0 0 0 0 0 3.600000 2.600000 6.900000 5.200000 0 0 0 0 0.000000 7.700000 18.200000 0.000000 0 0 0 0 1194 0 115 0 15 8 119 14 127 1196 4 140 11 155 7 94 0 0 1215 21 76 8 31 1 9 0 116 128 3 4 2 1 0 151 0 0 577 0 70 95 54 12 0 101 240 833 36 26 69 52 0 0 0 1 1218 0 77 182 0 0 0 0 0
1585331120.939851 3 0 1164 2971 1886 1.486802 0.568323 0.031361 0.005727 0.589867 1.012018 0.000000 7.000000 9.500000 5.400000 1.200000 0 0 0 0 0 3.500000 2.500000 7.100000 5.100000 0 0 0 0 0.000000 7.700000 18.100000 0.000000 0 0 0 0 1194 0 115 0 21 8 115 14 127 1196 4 140 11 155 7 94 0 0 1215 21 76 8 36 1 9 0 116 128 3 4 2 1 0 151 0 0 577 0 70 95 54 12 0 101 240 833 35 25 71 51 0 0 0 1 1218 0 77 181 0 0 0 0 0
1585331120.949824 3 0 1164 2970 1886 1.486802 0.568323 0.031361 0.004909 0.590958 1.012564 0.000000 7.000000 9.500000 5.400000 1.200000 0 0 0 0 0 3.800000 2.500000 7.300000 5.000000 0 0 0 0 0.000000 7.700000 18.100000 0.000000 0 0 0 0 1194 0 115 0 18 8 119 14 129 1196 4 140 11 154 7 94 0 0 1215 21 76 8 36 1 9 0 116 128 3 4 2 1 0 151 0 0 577 0 70 95 54 12 0 101 240 833 38 25 73 50 0 0 0 1 1218 0 77 181 0 0 0 0 0
1585331120.959863 3 0 1164 2970 1886 1.486802 0.568323 0.031361 0.004909 0.590958 1.012018 0.000000 7.000000 9.500000 5.400000 1.200000 0 0 0 0 0 3.700000 2.800000 6.800000 4.900000 0 0 0 0 0.000000 7.700000 18.100000 0.000000 0 0 0 0 1194 0 115 0 18 8 119 14 127 1196 4 140 11 154 7 94 0 0 1215 21 76 8 36 1 8 0 116 128 3 4 2 1 0 151 0 0 577 0 70 95 54 12 0 101 240 833 37 28 68 49 0 0 0 1 1218 0 77 181 0 0 0 0 0
1585331120.969886 3 0 1164 2970 1886 1.486802 0.568323 0.031361 0.005727 0.590958 1.012018 0.000000 7.000000 9.500000 5.400000 1.200000 0 0 0 0 0 3.600000 2.900000 7.500000 4.900000 0 0 0 0 0.000000 7.700000 18.100000 0.000000 0 0 0 0 1194 0 115 0 21 8 119 14 127 1196 4 140 11 154 7 94 0 0 1215 21 76 8 36 1 8 0 116 128 3 4 2 1 0 151 0 1 577 0 70 95 54 12 0 101 240 833 36 29 75 49 0 0 0 1 1218 0 77 181 0 0 0 0 0
1585331120.979867 3 0 1164 2970 1886 1.486802 0.568323 0.031361 0.004909 0.590958 1.012018 0.000000 7.000000 9.500000 5.400000 1.200000 0 0 0 0 0 3.800000 2.900000 7.100000 4.700000 0 0 0 0 0.000000 7.700000 18.100000 0.000000 0 0 0 0 1194 0 115 0 18 8 119 14 127 1196 4 140 11 154 7 94 0 0 1215 21 76 8 36 1 8 0 116 128 3 4 2 1 0 151 0 0 577 0 70 95 54 12 0 101 240 833 38 29 71 47 0 0 0 1 1218 0 77 181 0 0 0 0 0
1585331120.989847 3 0 1164 2969 1886 1.486802 0.568323 0.031361 0.004909 0.590958 1.012018 0.000000 6.900000 9.500000 5.400000 1.200000 0 0 0 0 0 3.700000 2.800000 7.100000 4.400000 0 0 0 0 0.000000 7.700000 18.100000 0.000000 0 0 0 0 1194 0 115 0 18 8 119 14 127 1196 4 140 11 153 7 94 0 0 1215 21 76 8 36 1 8 0 116 128 3 4 2 1 0 151 0 0 577 0 69 95 54 12 0 101 240 833 37 28 71 44 0 0 0 1 1218 0 77 181 0 0 0 0 0
1585331120.999820 3 0 1164 2969 1886 1.488166 0.569686 0.031361 0.005727 0.590958 1.012018 0.000000 6.900000 9.500000 5.400000 1.200000 0 0 0 0 0 3.400000 2.500000 7.500000 4.500000 0 0 0 0 0.000000 7.700000 18.100000 0.000000 0 0 0 0 1194 0 115 0 21 8 119 14 127 1196 4 140 11 153 7 94 0 0 1215 21 81 8 41 1 8 0 116 128 3 4 2 1 0 151 0 0 577 0 69 95 54 12 0 101 240 833 34 25 75 45 0 0 0 1 1218 0 77 181 0 0 0 0 0
1585331121.009867 3 0 1165 2969 1886 1.486802 0.568323 0.031361 0.004909 0.590958 1.012018 0.000000 6.900000 9.500000 5.400000 1.200000 0 0 0 0 0 3.600000 2.700000 7.000000 4.900000 0 0 0 0 0.000000 7.700000 18.100000 0.000000 0 0 0 0 1194 0 115 0 18 8 119 14 127 1196 4 141 11 153 7 94 0 0 1215 21 76 8 36 1 8 0 116 128 3 4 2 1 0 151 0 0 577 0 69 95 54 12 0 101 240 833 36 27 70 49 0 0 0 1 1218 0 77 181 0 0 0 0 0
1585331121.019948 3 0 1165 2969 1886 1.486802 0.566959 0.031361 0.004909 0.590958 1.012018 0.000000 6.900000 9.500000 5.400000 1.200000 0 0 0 0 0 3.700000 2.900000 6.600000 5.100000 0 0 0 0 0.000000 7.700000 18.100000 0.000000 0 0 0 0 1194 0 115 0 18 8 119 14 127 1196 4 141 11 153 7 94 0 0 1215 21 76 8 31 1 8 0 116 128 3 4 2 1 0 151 0 0 577 0 69 95 54 12 0 101 240 833 37 29 66 51 0 0 0 1 1218 0 77 181 0 0 0 0 0
1585331121.029916 3 0 1164 2968 1887 1.486802 0.568323 0.031361 0.004909 0.590958 1.012564 0.000000 6.900000 9.500000 5.400000 1.200000 0 0 0 0 0 3.600000 2.800000 6.800000 5.000000 0 0 0 0 0.000000 7.700000 18.100000 0.000000 0 0 0 0 1194 0 115 0 18 8 119 14 129 1196 4 140 11 152 7 95 0 0 1215 21 76 8 36 1 8 0 116 128 3 4 2 1 0 151 0 0 577 0 69 95 54 12 0 101 240 833 36 28 68 50 0 0 0 1 1218 0 77 181 0 0 0 0 0
1585331121.039907 3 0 1164 2968 1887 1.486802 0.568323 0.031361 0.004909 0.590958 1.012018 0.000000 6.900000 9.500000 5.400000 1.200000 0 0 0 0 0 3.700000 2.400000 7.300000 4.900000 0 0 0 0 0.000000 7.700000 18.100000 0.000000 0 0 0 0 1194 0 115 0 18 8 119 14 127 1196 4 140 11 152 7 95 0 0 1215 21 76 8 36 1 8 0 116 128 3 4 2 1 0 151 0 0 577 0 69 95 54 12 0 101 240 833 37 24 73 49 0 0 0 1 1218 0 77 181 0 0 0 0 0
1585331121.049919 3 0 1164 2968 1887 1.486802 0.569686 0.031361 0.004909 0.590958 1.012564 0.000000 6.900000 9.500000 5.400000 1.200000 0 0 0 0 0 3.700000 2.300000 7.000000 4.700000 0 0 0 0 0.000000 7.700000 18.100000 0.000000 0 0 0 0 1194 0 115 0 18 8 119 14 129 1196 4 140 11 152 7 95 0 0 1215 21 76 8 41 1 8 0 116 128 3 4 2 1 0 151 0 0 577 0 69 95 54 12 0 101 240 833 37 23 70 47 0 0 0 1 1218 0 77 181 0 0 0 0 0
1585331121.059916 3 0 1164 2968 1887 1.486802 0.566959 0.031361 0.004909 0.590958 1.012018 0.000000 6.900000 9.500000 5.400000 1.200000 0 0 0 0 0 3.400000 2.500000 7.000000 4.400000 0 0 0 0 0.000000 7.700000 18.000000 0.000000 0 0 0 0 1194 0 115 0 18 8 119 14 127 1196 4 140 11 152 7 95 0 0 1215 21 76 8 31 1 8 0 116 128 3 4 2 1 0 151 0 0 577 0 69 95 54 12 0 101 240 833 34 25 70 44 0 0 0 1 1218 0 77 180 0 0 0 0 0
1585331121.069921 3 0 1165 2968 1886 1.486802 0.566959 0.031361 0.004909 0.590958 1.012564 0.000000 6.900000 9.500000 5.400000 1.200000 0 0 0 0 0 3.600000 2.700000 7.500000 4.600000 0 0 0 0 0.000000 7.700000 18.000000 0.000000 0 0 0 0 1194 0 115 0 18 8 119 14 129 1196 4 141 11 152 7 94 0 0 1215 21 76 8 31 1 8 0 116 128 3 4 2 1 0 151 0 1 577 0 69 95 54 12 0 101 240 833 36 27 75 46 0 0 0 1 1218 0 77 180 0 0 0 0 0
1585331121.079918 3 0 1165 2968 1886 1.486802 0.568323 0.031361 0.005727 0.590958 1.012564 0.000000 6.900000 9.500000 5.400000 1.200000 0 0 0 0 0 3.600000 2.700000 7.100000 5.000000 0 0 0 0 0.000000 7.700000 18.000000 0.000000 0 0 0 0 1194 0 115 0 21 8 119 14 129 1196 4 141 11 152 7 94 0 0 1215 21 76 8 36 1 8 0 116 128 3 4 2 1 0 151 0 0 577 0 69 95 54 12 0 101 240 833 36 27 71 50 0 0 0 1 1218 0 77 180 0 0 0 0 0
1585331121.089859 3 0 1165 2970 1886 1.486802 0.568323 0.031361 0.005727 0.590958 1.012018 0.000000 6.900000 9.500000 5.400000 1.200000 0 0 0 0 0 3.700000 2.400000 7.000000 5.000000 0 0 0 0 0.000000 7.700000 18.000000 0.000000 0 0 0 0 1194 0 115 0 21 8 119 14 127 1196 4 141 11 154 7 94 0 0 1215 21 76 8 36 1 8 0 116 128 3 4 2 1 0 151 0 0 577 0 69 95 54 12 0 101 240 833 37 24 70 50 0 0 0 1 1218 0 77 180 0 0 0 0 0
1585331121.099932 3 0 1165 2970 1886 1.486802 0.568323 0.031361 0.004091 0.590958 1.012564 0.000000 6.900000 9.500000 5.400000 1.200000 0 0 0 0 0 3.800000 2.700000 7.300000 4.600000 0 0 0 0 0.000000 7.700000 18.000000 0.000000 0 0 0 0 1194 0 115 0 15 8 119 14 129 1196 4 141 11 154 7 94 0 0 1215 21 76 8 36 1 8 0 116 128 3 4 2 1 0 151 0 0 577 0 69 95 54 12 0 101 240 833 38 27 73 46 0 0 0 1 1218 0 77 180 0 0 0 0 0
1585331121.109907 3 0 1165 2967 1886 1.486802 0.568323 0.031361 0.005727 0.590958 1.012564 0.000000 6.900000 9.500000 5.400000 1.200000 0 0 0 0 0 3.900000 3.100000 7.200000 4.600000 0 0 0 0 0.000000 7.700000 18.000000 0.000000 0 0 0 0 1194 0 115 0 21 8 119 14 129 1196 4 141 11 151 7 94 0 0 1215 21 76 8 36 1 8 0 116 128 3 4 2 1 0 151 0 0 577 0 69 95 54 12 0 101 240 833 39 31 72 46 0 0 0 1 1218 0 77 180 0 0 0 0 0
1585331121.119902 3 0 1165 2967 1886 1.486802 0.568323 0.031361 0.004909 0.590958 1.012564 0.000000 6.900000 9.500000 5.400000 1.200000 0 0 0 0 0 4.000000 2.700000 7.500000 5.000000 0 0 0 0 0.000000 7.700000 18.100000 0.000000 0 0 0 0 1194 0 115 0 18 8 119 14 129 1196 4 141 11 151 7 94 0 0 1215 21 76 8 36 1 7 0 116 128 3 4 2 1 0 151 0 0 577 0 69 95 54 12 0 101 240 833 40 27 75 50 0 0 0 1 1218 0 77 181 0 0 0 0 0
1585331121.129897 3 0 1165 2966 1886 1.486802 0.568323 0.031361 0.004909 0.590958 1.012564 0.000000 6.900000 9.500000 5.400000 1.200000 0 0 0 0 0 3.600000 2.600000 7.300000 5.300000 0 0 0 0 0.000000 7.700000 18.000000 0.000000 0 0 0 0 1194 0 115 0 18 8 119 14 129 1196 4 141 11 150 7 94 0 0 1215 21 76 8 36 1 7 0 116 128 3 4 2 1 0 151 0 0 577 0 69 95 54 12 0 101 240 833 36 26 73 53 0 0 0 1 1218 0 77 180 0 0 0 0 0
1585331121.139896 3 0 1165 2966 1886 1.486802 0.568323 0.031361 0.004909 0.591776 1.011200 0.000000 6.900000 9.500000 5.400000 1.200000 0 0 0 0 0 3.700000 2.900000 7.300000 5.400000 0 0 0 0 0.000000 7.700000 18.000000 0.000000 0 0 0 0 1194 0 115 0 18 8 122 14 124 1196 4 141 11 150 7 94 0 0 1215 21 76 8 36 1 7 0 116 128 3 4 2 1 0 151 0 0 577 0 69 95 54 12 0 101 240 833 37 29 73 54 0 0 0 1 1218 0 77 180 0 0 0 0 0
1585331121.149958 3 0 1165 2967 1886 1.486802 0.568323 0.031361 0.004909 0.590958 1.012018 0.000000 6.900000 9.500000 5.400000 1.200000 0 0 0 0 0 3.600000 2.700000 7.300000 4.900000 0 0 0 0 0.000000 7.700000 18.000000 0.000000 0 0 0 0 1194 0 115 0 18 8 119 14 127 1196 4 141 11 151 7 94 0 0 1215 21 76 8 36 1 7 0 116 128 3 4 2 1 0 151 0 0 577 0 69 95 54 12 0 101 240 833 36 27 73 49 0 0 0 1 1218 0 77 180 0 0 0 0 0
1585331121.159956 3 0 1165 2967 1886 1.486802 0.568323 0.031361 0.004909 0.590958 1.012018 0.000000 6.900000 9.500000 5.400000 1.200000 0 0 0 0 0 3.500000 2.400000 7.300000 4.600000 0 0 0 0 0.000000 7.700000 18.000000 0.000000 0 0 0 0 1194 0 115 0 18 8 119 14 127 1196 4 141 11 151 7 94 0 0 1215 21 76 8 36 1 7 0 116 128 3 4 2 1 0 151 0 0 577 0 69 95 54 12 0 101 240 833 35 24 73 46 0 0 0 1 1218 0 77 180 0 0 0 0 0
1585331121.169947 3 0 1165 2966 1886 1.486802 0.568323 0.031361 0.004909 0.590958 1.012018 0.000000 6.900000 9.500000 5.400000 1.200000 0 0 0 0 0 3.800000 3.200000 7.100000 5.000000 0 0 0 0 0.000000 7.700000 18.000000 0.000000 0 0 0 0 1194 0 115 0 18 8 119 14 127 1196 4 141 11 150 7 94 0 0 1215 21 76 8 36 1 7 0 116 128 3 4 2 1 0 151 0 1 577 0 69 95 54 12 0 101 240 833 38 32 71 50 0 0 0 1 1218 0 77 180 0 0 0 0 0
1585331121.179911 3 0 1165 2966 1886 1.486802 0.568323 0.031361 0.004909 0.590958 1.012564 0.000000 6.900000 9.500000 5.400000 1.200000 0 0 0 0 0 3.600000 3.000000 7.200000 4.700000 0 0 0 0 0.000000 7.700000 18.000000 0.000000 0 0 0 0 1194 0 115 0 18 8 119 14 129 1196 4 141 11 150 7 94 0 0 1215 21 76 8 36 1 7 0 116 128 3 4 2 1 0 151 0 0 577 0 69 95 54 12 0 101 240 833 36 30 72 47 0 0 0 1 1218 0 77 180 0 0 0 0 0
1585331121.189916 3 0 1165 2965 1886 1.486802 0.568323 0.031361 0.004909 0.590958 1.012564 0.000000 6.900000 9.500000 5.400000 1.200000 0 0 0 0 0 3.500000 2.700000 7.400000 4.900000 0 0 0 0 0.000000 7.700000 18.000000 0.000000 0 0 0 0 1194 0 115 0 18 8 119 14 129 1196 4 141 11 149 7 94 0 0 1215 21 76 8 36 1 7 0 116 128 3 4 2 1 0 151 0 0 577 0 69 95 54 12 0 101 240 833 35 27 74 49 0 0 0 1 1218 0 77 180 0 0 0 0 0
1585331121.199938 3 0 1165 2965 1886 1.486802 0.568323 0.031361 0.004909 0.590958 1.012564 0.000000 6.900000 9.500000 5.400000 1.200000 0 0 0 0 0 3.900000 2.900000 7.100000 4.800000 0 0 0 0 0.000000 7.700000 18.000000 0.000000 0 0 0 0 1194 0 115 0 18 8 119 14 129 1196 4 141 11 149 7 94 0 0 1215 21 76 8 36 1 7 0 116 128 3 4 2 1 0 151 0 0 577 0 69 95 54 12 0 101 240 833 39 29 71 48 0 0 0 1 1218 0 77 180 0 0 0 0 0
1585331121.209928 3 0 1165 2965 1886 1.486802 0.566959 0.031361 0.004909 0.590958 1.012564 0.000000 6.900000 9.500000 5.400000 1.200000 0 0 0 0 0 3.800000 2.700000 7.000000 4.600000 0 0 0 0 0.000000 7.700000 18.000000 0.000000 0 0 0 0 1194 0 115 0 18 8 119 14 129 1196 4 141 11 149 7 94 0 0 1215 21 76 8 31 1 7 0 116 128 3 4 2 1 0 151 0 0 577 0 69 95 54 12 0 101 240 833 38 27 70 46 0 0 0 1 1218 0 77 180 0 0 0 0 0
1585331121.219906 3 0 1165 2965 1886 1.488166 0.569686 0.031361 0.005727 0.590958 1.012564 0.000000 6.900000 9.500000 5.400000 1.200000 0 0 0 0 0 3.500000 2.700000 7.200000 5.300000 0 0 0 0 0.000000 7.700000 18.000000 0.000000 0 0 0 0 1194 0 115 0 21 8 119 14 129 1196 4 141 11 149 7 94 0 0 1215 21 81 8 41 1 7 0 116 128 3 4 2 1 0 151 0 0 577 0 69 95 54 12 0 101 240 833 35 27 72 53 0 0 0 1 1218 0 77 180 0 0 0 0 0
1585331121.229917 3 0 1164 2965 1887 1.488166 0.569686 0.031361 0.004909 0.590958 1.012564 0.000000 6.900000 9.500000 5.400000 1.200000 0 0 0 0 0 3.600000 2.800000 7.200000 5.100000 0 0 0 0 0.000000 7.700000 18.000000 0.000000 0 0 0 0 1194 0 115 0 18 8 119 14 129 1196 4 140 11 149 7 95 0 0 1215 21 81 8 41 1 7 0 116 128 3 4 2 1 0 151 0 0 577 0 69 95 54 12 0 101 240 833 36 28 72 51 0 0 0 1 1218 0 77 180 0 0 0 0 0
1585331121.239910 3 0 1164 2965 1887 1.486802 0.568323 0.031361 0.004909 0.591776 1.012564 0.000000 6.900000 9.500000 5.400000 1.200000 0 0 0 0 0 3.500000 2.800000 7.000000 4.800000 0 0 0 0 0.000000 7.700000 18.000000 0.000000 0 0 0 0 1194 0 115 0 18 8 122 14 129 1196 4 140 11 149 7 95 0 0 1215 21 76 8 36 1 7 0 116 128 3 4 2 1 0 151 0 0 577 0 69 95 54 12 0 101 240 833 35 28 70 48 0 0 0 1 1218 0 77 180 0 0 0 0 0
1585331121.250022 3 0 1164 2965 1886 1.486802 0.568323 0.031361 0.004909 0.589867 1.012564 0.000000 6.900000 9.500000 5.400000 1.200000 0 0 0 0 0 3.400000 2.700000 7.000000 4.900000 0 0 0 0 0.000000 7.700000 18.000000 0.000000 0 0 0 0 1194 0 115 0 18 8 115 14 129 1196 4 140 11 149 7 94 0 0 1215 21 76 8 36 1 7 0 116 128 3 4 2 1 0 151 0 0 577 0 69 95 54 12 0 101 240 833 34 27 70 49 0 0 0 1 1218 0 77 180 0 0 0 0 0
1585331121.259986 3 0 1164 2965 1886 1.486802 0.569686 0.031361 0.004909 0.590958 1.012018 0.000000 6.900000 9.500000 5.400000 1.200000 0 0 0 0 0 3.800000 2.500000 7.200000 4.700000 0 0 0 0 0.000000 7.700000 18.000000 0.000000 0 0 0 0 1194 0 115 0 18 8 119 14 127 1196 4 140 11 149 7 94 0 0 1215 21 76 8 41 1 7 0 116 128 3 4 2 1 0 151 0 0 577 0 69 95 54 12 0 101 240 833 38 25 72 47 0 0 0 1 1218 0 77 180 0 0 0 0 0
1585331121.269977 3 0 1165 2964 1886 1.486802 0.568323 0.031361 0.004909 0.591776 1.012564 0.000000 6.900000 9.500000 5.400000 1.200000 0 0 0 0 0 3.900000 2.500000 7.300000 5.000000 0 0 0 0 0.000000 7.700000 18.000000 0.000000 0 0 0 0 1194 0 115 0 18 8 122 14 129 1196 4 141 11 148 7 94 0 0 1215 21 76 8 36 1 7 0 116 128 3 4 2 1 0 151 0 1 577 0 69 95 54 12 0 101 240 833 39 25 73 50 0 0 0 1 1218 0 77 180 0 0 0 0 0
1585331121.279907 3 0 1165 2964 1886 1.486802 0.568323 0.031361 0.004091 0.591776 1.012564 0.000000 6.900000 9.400000 5.400000 1.200000 0 0 0 0 0 3.800000 2.400000 7.200000 5.600000 0 0 0 0 0.000000 7.700000 18.000000 0.000000 0 0 0 0 1194 0 115 0 15 8 122 14 129 1196 4 141 11 148 7 94 0 0 1215 21 76 8 36 1 7 0 116 128 3 4 2 1 0 151 0 0 577 0 69 94 54 12 0 101 240 833 38 24 72 56 0 0 0 1 1218 0 77 180 0 0 0 0 0
1585331121.289972 3 0 1165 2964 1886 1.486802 0.568323 0.031361 0.004909 0.590958 1.012018 0.000000 6.900000 9.500000 5.400000 1.200000 0 0 0 0 0 3.800000 2.700000 7.300000 5.000000 0 0 0 0 0.000000 7.700000 18.000000 0.000000 0 0 0 0 1194 0 115 0 18 8 119 14 127 1196 4 141 11 148 7 94 0 0 1215 21 76 8 36 1 7 0 116 128 3 4 2 1 0 151 0 0 577 0 69 95 54 12 0 101 240 833 38 27 73 50 0 0 0 1 1218 0 77 180 0 0 0 0 0
1585331121.300005 3 0 1165 2964 1886 1.486802 0.568323 0.031361 0.004909 0.591776 1.012018 0.000000 6.900000 9.400000 5.400000 1.200000 0 0 0 0 0 3.500000 2.500000 7.500000 4.500000 0 0 0 0 0.000000 7.700000 17.900000 0.000000 0 0 0 0 1194 0 115 0 18 8 122 14 127 1196 4 141 11 148 7 94 0 0 1215 21 76 8 36 1 6 0 116 128 3 4 2 1 0 151 0 0 577 0 69 94 54 12 0 101 240 833 35 25 75 45 0 0 0 1 1218 0 77 179 0 0 0 0 0
1585331121.309967 3 0 1165 2964 1887 1.486802 0.568323 0.031361 0.004909 0.590958 1.012564 0.000000 6.900000 9.500000 5.400000 1.200000 0 0 0 0 0 3.600000 2.100000 7.000000 4.600000 0 0 0 0 0.000000 7.700000 18.100000 0.000000 0 0 0 0 1194 0 115 0 18 8 119 14 129 1196 4 141 11 148 7 95 0 0 1215 21 76 8 36 1 6 0 116 128 3 4 2 1 0 151 0 0 577 0 69 95 54 12 0 101 240 833 36 21 70 46 0 0 0 1 1218 0 77 181 0 0 0 0 0
1585331121.320028 3 0 1165 2964 1887 1.486802 0.568323 0.031361 0.005727 0.590958 1.012018 0.000000 6.900000 9.400000 5.400000 1.200000 0 0 0 0 0 3.700000 2.900000 7.000000 5.100000 0 0 0 0 0.000000 7.700000 17.900000 0.000000 0 0 0 0 1194 0 115 0 21 8 119 14 127 1196 4 141 11 148 7 95 0 0 1215 21 76 8 36 1 6 0 116 128 3 4 2 1 0 151 0 0 577 0 69 94 54 12 0 101 240 833 37 29 70 51 0 0 0 1 1218 0 77 179 0 0 0 0 0
1585331121.329967 3 0 1165 2964 1886 1.486802 0.568323 0.031361 0.004909 0.590958 1.012564 0.000000 6.900000 9.400000 5.400000 1.200000 0 0 0 0 0 3.800000 2.900000 7.800000 4.900000 0 0 0 0 0.000000 7.700000 17.900000 0.000000 0 0 0 0 1194 0 115 0 18 8 119 14 129 1196 4 141 11 148 7 94 0 0 1215 21 76 8 36 1 6 0 116 128 3 4 2 1 0 151 0 0 577 0 69 94 54 12 0 101 240 833 38 29 78 49 0 0 0 1 1218 0 77 179 0 0 0 0 0
1585331121.339975 3 0 1165 2964 1886 1.486802 0.568323 0.031361 0.004909 0.590958 1.012018 0.000000 6.900000 9.500000 5.400000 1.200000 0 0 0 0 0 3.500000 2.800000 7.300000 4.700000 0 0 0 0 0.000000 7.700000 17.900000 0.000000 0 0 0 0 1194 0 115 0 18 8 119 14 127 1196 4 141 11 148 7 94 0 0 1215 21 76 8 36 1 6 0 116 128 3 4 2 1 0 151 0 0 577 0 69 95 54 12 0 101 240 833 35 28 73 47 0 0 0 1 1218 0 77 179 0 0 0 0 0
1585331121.350052 3 0 1165 2963 1886 1.486802 0.566959 0.031361 0.004091 0.590958 1.012564 0.000000 6.900000 9.400000 5.400000 1.200000 0 0 0 0 0 3.600000 2.700000 7.000000 4.600000 0 0 0 0 0.000000 7.700000 18.000000 0.000000 0 0 0 0 1194 0 115 0 15 8 119 14 129 1196 4 141 11 147 7 94 0 0 1215 21 76 8 31 1 6 0 116 128 3 4 2 1 0 151 0 0 577 0 69 94 54 12 0 101 240 833 36 27 70 46 0 0 0 1 1218 0 77 180 0 0 0 0 0
1585331121.359982 3 0 1165 2963 1886 1.486802 0.568323 0.031361 0.005727 0.590958 1.012564 0.000000 6.900000 9.400000 5.400000 1.200000 0 0 0 0 0 3.400000 2.300000 7.200000 4.400000 0 0 0 0 0.000000 7.700000 17.900000 0.000000 0 0 0 0 1194 0 115 0 21 8 119 14 129 1196 4 141 11 147 7 94 0 0 1215 21 76 8 36 1 6 0 116 128 3 4 2 1 0 151 0 0 577 0 69 94 54 12 0 101 240 833 34 23 72 44 0 0 0 1 1218 0 77 179 0 0 0 0 0
1585331121.369946 3 0 1165 2963 1886 1.486802 0.568323 0.031361 0.004909 0.590958 1.012564 0.000000 6.900000 9.400000 5.400000 1.200000 0 0 0 0 0 3.600000 2.900000 6.900000 4.800000 0 0 0 0 0.000000 7.700000 17.900000 0.000000 0 0 0 0 1194 0 115 0 18 8 119 14 129 1196 4 141 11 147 7 94 0 0 1215 21 76 8 36 1 6 0 116 128 3 4 2 1 0 151 0 1 577 0 69 94 54 12 0 101 240 833 36 29 69 48 0 0 0 1 1218 0 77 179 0 0 0 0 0
1585331121.380087 3 0 1165 2963 1886 1.486802 0.568323 0.031361 0.004909 0.590958 1.012564 0.000000 6.900000 9.400000 5.400000 1.200000 0 0 0 0 0 3.800000 2.800000 6.800000 5.000000 0 0 0 0 0.000000 7.700000 17.900000 0.000000 0 0 0 0 1194 0 115 0 18 8 119 14 129 1196 4 141 11 147 7 94 0 0 1215 21 76 8 36 1 6 0 116 128 3 4 2 1 0 151 0 0 577 0 69 94 54 12 0 101 240 833 38 28 68 50 0 0 0 1 1218 0 77 179 0 0 0 0 0
1585331121.389986 3 0 1166 2963 1886 1.489529 0.571050 0.031361 0.004909 0.590958 1.012018 0.000000 6.900000 9.400000 5.400000 1.200000 0 0 0 0 0 3.700000 2.500000 7.300000 5.000000 0 0 0 0 0.000000 7.700000 17.900000 0.000000 0 0 0 0 1194 0 115 0 18 8 119 14 127 1196 4 142 11 147 7 94 0 0 1215 21 86 8 46 1 6 0 116 128 3 4 2 1 0 151 0 0 577 0 69 94 54 12 0 101 240 833 37 25 73 50 0 0 0 1 1218 0 77 179 0 0 0 0 0
1585331121.399999 3 0 1166 2963 1886 1.486802 0.568323 0.031361 0.005727 0.590958 1.012564 0.000000 6.900000 9.400000 5.400000 1.200000 0 0 0 0 0 3.600000 2.700000 7.300000 5.000000 0 0 0 0 0.000000 7.700000 17.900000 0.000000 0 0 0 0 1194 0 115 0 21 8 119 14 129 1196 4 142 11 147 7 94 0 0 1215 21 76 8 36 1 6 0 116 128 3 4 2 1 0 151 0 0 577 0 69 94 54 12 0 101 240 833 36 27 73 50 0 0 0 1 1218 0 77 179 0 0 0 0 0
1585331121.410031 3 0 1165 2962 1886 1.486802 0.566959 0.031361 0.004909 0.589867 1.012564 0.000000 6.900000 9.400000 5.400000 1.200000 0 0 0 0 0 3.200000 3.000000 7.300000 4.800000 0 0 0 0 0.000000 7.700000 17.900000 0.000000 0 0 0 0 1194 0 115 0 18 8 115 14 129 1196 4 141 11 146 7 94 0 0 1215 21 76 8 31 1 6 0 116 128 3 4 2 1 0 151 0 0 577 0 69 94 54 12 0 101 240 833 32 30 73 48 0 0 0 1 1218 0 77 179 0 0 0 0 0
1585331121.420078 3 0 1165 2962 1886 1.486802 0.568323 0.031361 0.004909 0.590958 1.012564 0.000000 6.900000 9.400000 5.400000 1.200000 0 0 0 0 0 3.600000 3.200000 7.300000 4.600000 0 0 0 0 0.000000 7.700000 17.900000 0.000000 0 0 0 0 1194 0 115 0 18 8 119 14 129 1196 4 141 11 146 7 94 0 0 1215 21 76 8 36 1 6 0 116 128 3 4 2 1 0 151 0 0 577 0 69 94 54 12 0 101 240 833 36 32 73 46 0 0 0 1 1218 0 77 179 0 0 0 0 0
1585331121.429999 3 0 1166 2963 1886 1.486802 0.568323 0.031361 0.004909 0.592867 1.012564 0.000000 6.900000 9.400000 5.400000 1.200000 0 0 0 0 0 3.800000 2.800000 7.300000 4.400000 0 0 0 0 0.000000 7.700000 17.900000 0.000000 0 0 0 0 1194 0 115 0 18 8 126 14 129 1196 4 142 11 147 7 94 0 0 1215 21 76 8 36 1 6 0 116 128 3 4 2 1 0 151 0 0 577 0 69 94 54 12 0 101 240 833 38 28 73 44 0 0 0 1 1218 0 77 179 0 0 0 0 0
1585331121.439983 3 0 1166 2963 1886 1.486802 0.568323 0.031361 0.004909 0.590958 1.012564 0.000000 6.900000 9.400000 5.400000 1.200000 0 0 0 0 0 3.700000 2.700000 7.200000 4.500000 0 0 0 0 0.000000 7.700000 17.900000 0.000000 0 0 0 0 1194 0 115 0 18 8 119 14 129 1196 4 142 11 147 7 94 0 0 1215 21 76 8 36 1 6 0 116 128 3 4 2 1 0 151 0 0 577 0 69 94 54 12 0 101 240 833 37 27 72 45 0 0 0 1 1218 0 77 179 0 0 0 0 0
1585331121.450038 3 0 1165 2962 1886 1.486802 0.568323 0.031361 0.005727 0.589867 1.012018 0.000000 6.900000 9.400000 5.400000 1.200000 0 0 0 0 0 3.600000 2.700000 7.100000 5.300000 0 0 0 0 0.000000 7.700000 17.900000 0.000000 0 0 0 0 1194 0 115 0 21 8 115 14 127 1196 4 141 11 146 7 94 0 0 1215 21 76 8 36 1 6 0 116 128 3 4 2 1 0 151 0 0 577 0 69 94 54 12 0 101 240 833 36 27 71 53 0 0 0 1 1218 0 77 179 0 0 0 0 0
1585331121.459993 3 0 1165 2962 1886 1.486802 0.568323 0.031361 0.005727 0.591776 1.012018 0.000000 6.900000 9.400000 5.400000 1.200000 0 0 0 0 0 3.300000 2.700000 7.500000 4.800000 0 0 0 0 0.000000 7.700000 17.900000 0.000000 0 0 0 0 1194 0 115 0 21 8 122 14 127 1196 4 141 11 146 7 94 0 0 1215 21 76 8 36 1 6 0 116 128 3 4 2 1 0 151 0 0 577 0 69 94 54 12 0 101 240 833 33 27 75 48 0 0 0 1 1218 0 77 179 0 0 0 0 0
1585331121.469992 3 0 1165 2962 1886 1.485439 0.566959 0.031361 0.004909 0.590958 1.012564 0.000000 6.900000 9.400000 5.400000 1.200000 0 0 0 0 0 3.700000 2.600000 7.300000 4.700000 0 0 0 0 0.000000 7.700000 17.900000 0.000000 0 0 0 0 1194 0 115 0 18 8 119 14 129 1196 4 141 11 146 7 94 0 0 1215 21 71 8 31 1 6 0 116 128 3 4 2 1 0 151 0 1 577 0 69 94 54 12 0 101 240 833 37 26 73 47 0 0 0 1 1218 0 77 179 0 0 0 0 0
1585331121.479991 3 0 1165 2962 1886 1.486802 0.568323 0.031361 0.004091 0.590958 1.012564 0.000000 6.900000 9.400000 5.400000 1.200000 0 0 0 0 0 3.600000 2.600000 6.900000 4.600000 0 0 0 0 0.000000 7.700000 17.900000 0.000000 0 0 0 0 1194 0 115 0 15 8 119 14 129 1196 4 141 11 146 7 94 0 0 1215 21 76 8 36 1 6 0 116 128 3 4 2 1 0 151 0 0 577 0 69 94 54 12 0 101 240 833 36 26 69 46 0 0 0 1 1218 0 77 179 0 0 0 0 0
1585331121.490012 3 0 1166 2962 1890 1.486802 0.568323 0.031361 0.004909 0.590958 1.012564 0.000000 6.900000 9.400000 5.400000 1.200000 0 0 0 0 0 3.700000 2.600000 7.400000 4.900000 0 0 0 0 0.000000 7.700000 17.900000 0.000000 0 0 0 0 1194 0 115 0 18 8 119 14 129 1196 4 142 11 146 7 98 0 0 1215 21 76 8 36 1 6 0 116 128 3 4 2 1 0 151 0 0 577 0 69 94 54 12 0 101 240 833 37 26 74 49 0 0 0 1 1218 0 77 179 0 0 0 0 0
1585331121.500034 3 0 1166 2962 1890 1.486802 0.568323 0.031361 0.004909 0.590958 1.012018 0.000000 6.800000 9.400000 5.400000 1.200000 0 0 0 0 0 4.000000 2.600000 7.500000 5.200000 0 0 0 0 0.000000 7.700000 17.900000 0.000000 0 0 0 0 1194 0 115 0 18 8 119 14 127 1196 4 142 11 146 7 98 0 0 1215 21 76 8 36 1 6 0 116 128 3 4 2 1 0 151 0 0 577 0 68 94 54 12 0 101 240 833 40 26 75 52 0 0 0 1 1218 0 77 179 0 0 0 0 0
1585331121.510094 3 0 1166 2962 1886 1.488166 0.569686 0.031361 0.004909 0.590958 1.012018 0.000000 6.900000 9.400000 5.400000 1.200000 0 0 0 0 0 4.100000 2.800000 7.000000 5.500000 0 0 0 0 0.000000 7.700000 17.900000 0.000000 0 0 0 0 1194 0 115 0 18 8 119 14 127 1196 4 142 11 146 7 94 0 0 1215 21 81 8 41 1 6 0 116 128 3 4 2 1 0 151 0 0 577 0 69 94 54 12 0 101 240 833 41 28 70 55 0 0 0 1 1218 0 77 179 0 0 0 0 0
1585331121.520076 3 0 1166 2962 1886 1.486802 0.568323 0.031361 0.005727 0.589867 1.012018 0.000000 6.800000 9.400000 5.400000 1.200000 0 0 0 0 0 3.900000 3.000000 6.800000 5.500000 0 0 0 0 0.000000 7.700000 17.900000 0.000000 0 0 0 0 1194 0 115 0 21 8 115 14 127 1196 4 142 11 146 7 94 0 0 1215 21 76 8 36 1 6 0 116 128 3 4 2 1 0 151 0 0 577 0 68 94 54 12 0 101 240 833 39 30 68 55 0 0 0 1 1218 0 77 179 0 0 0 0 0
1585331121.530011 3 0 1165 2961 1886 1.486802 0.568323 0.031361 0.004909 0.590958 1.012564 0.000000 6.900000 9.400000 5.400000 1.200000 0 0 0 0 0 3.200000 2.700000 6.800000 5.100000 0 0 0 0 0.000000 7.700000 17.900000 0.000000 0 0 0 0 1194 0 115 0 18 8 119 14 129 1196 4 141 11 145 7 94 0 0 1215 21 76 8 36 1 6 0 116 128 3 4 2 1 0 151 0 0 577 0 69 94 54 12 0 101 240 833 32 27 68 51 0 0 0 1 1218 0 77 179 0 0 0 0 0
1585331121.540076 3 0 1165 2961 1886 1.486802 0.568323 0.031361 0.004909 0.590958 1.012564 0.000000 6.800000 9.400000 5.400000 1.200000 0 0 0 0 0 3.300000 2.700000 7.100000 5.100000 0 0 0 0 0.000000 7.700000 17.900000 0.000000 0 0 0 0 1194 0 115 0 18 8 119 14 129 1196 4 141 11 145 7 94 0 0 1215 21 76 8 36 1 5 0 116 128 3 4 2 1 0 151 0 0 577 0 68 94 54 12 0 101 240 833 33 27 71 51 0 0 0 1 1218 0 77 179 0 0 0 0 0
1585331121.549995 3 0 1166 2961 1887 1.486802 0.568323 0.031361 0.004909 0.590958 1.012564 0.000000 6.900000 9.400000 5.400000 1.200000 0 0 0 0 0 3.600000 2.700000 7.100000 4.900000 0 0 0 0 0.000000 7.700000 17.900000 0.000000 0 0 0 0 1194 0 115 0 18 8 119 14 129 1196 4 142 11 145 7 95 0 0 1215 21 76 8 36 1 5 0 116 128 3 4 2 1 0 151 0 0 577 0 69 94 54 12 0 101 240 833 36 27 71 49 0 0 0 1 1218 0 77 179 0 0 0 0 0
1585331121.560042 3 0 1166 2961 1887 1.486802 0.568323 0.031361 0.004909 0.590958 1.012564 0.000000 6.800000 9.400000 5.400000 1.200000 0 0 0 0 0 3.600000 2.600000 7.300000 4.900000 0 0 0 0 0.000000 7.700000 17.900000 0.000000 0 0 0 0 1194 0 115 0 18 8 119 14 129 1196 4 142 11 145 7 95 0 0 1215 21 76 8 36 1 5 0 116 128 3 4 2 1 0 151 0 0 577 0 68 94 54 12 0 101 240 833 36 26 73 49 0 0 0 1 1218 0 77 179 0 0 0 0 0
1585331121.570059 3 0 1166 2961 1886 1.486802 0.568323 0.031361 0.004909 0.590958 1.012564 0.000000 6.900000 9.400000 5.400000 1.200000 0 0 0 0 0 3.700000 2.700000 7.500000 4.800000 0 0 0 0 0.000000 7.700000 17.900000 0.000000 0 0 0 0 1194 0 115 0 18 8 119 14 129 1196 4 142 11 145 7 94 0 0 1215 21 76 8 36 1 5 0 116 128 3 4 2 1 0 151 0 1 577 0 69 94 54 12 0 101 240 833 37 27 75 48 0 0 0 1 1218 0 77 179 0 0 0 0 0
1585331121.580028 3 0 1166 2961 1886 1.486802 0.568323 0.031361 0.004909 0.591776 1.012564 0.000000 6.800000 9.400000 5.400000 1.200000 0 0 0 0 0 3.500000 2.500000 7.000000 4.600000 0 0 0 0 0.000000 7.700000 17.900000 0.000000 0 0 0 0 1194 0 115 0 18 8 122 14 129 1196 4 142 11 145 7 94 0 0 1215 21 76 8 36 1 5 0 116 128 3 4 2 1 0 151 0 0 577 0 68 94 54 12 0 101 240 833 35 25 70 46 0 0 0 1 1218 0 77 179 0 0 0 0 0
1585331121.590039 3 0 1166 2961 1886 1.486802 0.568323 0.031361 0.004909 0.590958 1.012018 0.000000 6.900000 9.400000 5.400000 1.200000 0 0 0 0 0 3.600000 2.800000 6.700000 4.400000 0 0 0 0 0.000000 7.700000 17.900000 0.000000 0 0 0 0 1194 0 115 0 18 8 119 14 127 1196 4 142 11 145 7 94 0 0 1215 21 76 8 36 1 5 0 116 128 3 4 2 1 0 151 0 0 577 0 69 94 54 12 0 101 240 833 36 28 67 44 0 0 0 1 1218 0 77 179 0 0 0 0 0
1585331121.600151 3 0 1166 2961 1886 1.486802 0.569686 0.031361 0.005727 0.591776 1.012018 0.000000 6.800000 9.400000 5.400000 1.200000 0 0 0 0 0 3.700000 2.800000 7.300000 4.900000 0 0 0 0 0.000000 7.700000 17.900000 0.000000 0 0 0 0 1194 0 115 0 21 8 122 14 127 1196 4 142 11 145 7 94 0 0 1215 21 76 8 41 1 5 0 116 128 3 4 2 1 0 151 0 0 577 0 68 94 54 12 0 101 240 833 37 28 73 49 0 0 0 1 1218 0 77 179 0 0 0 0 0
1585331121.610180 3 0 1165 2961 1886 1.486802 0.571050 0.031361 0.004909 0.590958 1.012564 0.000000 6.900000 9.400000 5.400000 1.200000 0 0 0 0 0 3.500000 2.600000 8.000000 5.100000 0 0 0 0 0.000000 7.700000 17.900000 0.000000 0 0 0 0 1194 0 115 0 18 8 119 14 129 1196 4 141 11 145 7 94 0 0 1215 21 76 8 46 1 5 0 116 128 3 4 2 1 0 151 0 0 577 0 69 94 54 12 0 101 240 833 35 26 80 51 0 0 0 1 1218 0 77 179 0 0 0 0 0
1585331121.620068 3 0 1165 2961 1886 1.486802 0.568323 0.031361 0.005727 0.590958 1.012018 0.000000 6.800000 9.400000 5.400000 1.200000 0 0 0 0 0 3.500000 2.900000 7.000000 5.000000 0 0 0 0 0.000000 7.700000 17.900000 0.000000 0 0 0 0 1194 0 115 0 21 8 119 14 127 1196 4 141 11 145 7 94 0 0 1215 21 76 8 36 1 5 0 116 128 3 4 2 1 0 151 0 0 577 0 68 94 54 12 0 101 240 833 35 29 70 50 0 0 0 1 1218 0 77 179 0 0 0 0 0
1585331121.630090 3 0 1166 2960 1886 1.486802 0.568323 0.031361 0.004091 0.590958 1.012018 0.000000 6.900000 9.400000 5.400000 1.200000 0 0 0 0 0 3.600000 2.900000 6.500000 4.800000 0 0 0 0 0.000000 7.700000 17.900000 0.000000 0 0 0 0 1194 0 115 0 15 8 119 14 127 1196 4 142 11 144 7 94 0 0 1215 21 76 8 36 1 5 0 116 128 3 4 2 1 0 151 0 0 577 0 69 94 54 12 0 101 240 833 36 29 65 48 0 0 0 1 1218 0 77 179 0 0 0 0 0
1585331121.640146 3 0 1166 2960 1886 1.486802 0.568323 0.031361 0.004909 0.590958 1.013382 0.000000 6.800000 9.400000 5.400000 1.200000 0 0 0 0 0 3.400000 2.400000 6.900000 4.500000 0 0 0 0 0.000000 7.700000 17.900000 0.000000 0 0 0 0 1194 0 115 0 18 8 119 14 132 1196 4 142 11 144 7 94 0 0 1215 21 76 8 36 1 5 0 116 128 3 4 2 1 0 151 0 0 577 0 68 94 54 12 0 101 240 833 34 24 69 45 0 0 0 1 1218 0 77 179 0 0 0 0 0
1585331121.650056 3 0 1166 2960 1887 1.486802 0.568323 0.031361 0.004909 0.590958 1.012018 0.000000 6.900000 9.400000 5.400000 1.200000 0 0 0 0 0 3.600000 2.200000 7.500000 4.800000 0 0 0 0 0.000000 7.700000 17.900000 0.000000 0 0 0 0 1194 0 115 0 18 8 119 14 127 1196 4 142 11 144 7 95 0 0 1215 21 76 8 36 1 5 0 116 128 3 4 2 1 0 151 0 0 577 0 69 94 54 12 0 101 240 833 36 22 75 48 0 0 0 1 1218 0 77 179 0 0 0 0 0
1585331121.660059 3 0 1166 2960 1887 1.486802 0.568323 0.031361 0.004909 0.591776 1.012564 0.000000 6.800000 9.400000 5.400000 1.200000 0 0 0 0 0 3.800000 2.700000 7.200000 5.000000 0 0 0 0 0.000000 7.700000 17.900000 0.000000 0 0 0 0 1194 0 115 0 18 8 122 14 129 1196 4 142 11 144 7 95 0 0 1215 21 76 8 36 1 5 0 116 128 3 4 2 1 0 151 0 0 577 0 68 94 54 12 0 101 240 833 38 27 72 50 0 0 0 1 1218 0 77 179 0 0 0 0 0
1585331121.670077 3 0 1166 2960 1886 1.486802 0.569686 0.031361 0.005727 0.590958 1.012564 0.000000 6.900000 9.400000 5.400000 1.200000 0 0 0 0 0 3.400000 2.600000 7.300000 4.800000 0 0 0 0 0.000000 7.700000 17.900000 0.000000 0 0 0 0 1194 0 115 0 21 8 119 14 129 1196 4 142 11 144 7 94 0 0 1215 21 76 8 41 1 5 0 116 128 3 4 2 1 0 151 0 1 577 0 69 94 54 12 0 101 240 833 34 26 73 48 0 0 0 1 1218 0 77 179 0 0 0 0 0
1585331121.680094 3 0 1166 2960 1886 1.492257 0.573777 0.031361 0.004909 0.590958 1.012018 0.000000 6.800000 9.400000 5.400000 1.200000 0 0 0 0 0 3.600000 2.700000 7.600000 5.000000 0 0 0 0 0.000000 7.700000 17.900000 0.000000 0 0 0 0 1194 0 115 0 18 8 119 14 127 1196 4 142 11 144 7 94 0 0 1215 21 96 8 56 1 5 0 116 128 3 4 2 1 0 151 0 0 577 0 68 94 54 12 0 101 240 833 36 27 76 50 0 0 0 1 1218 0 77 179 0 0 0 0 0
1585331121.690086 3 0 1166 2960 1886 1.486802 0.568323 0.031361 0.004909 0.590958 1.012018 0.000000 6.800000 9.400000 5.400000 1.200000 0 0 0 0 0 3.500000 2.900000 7.100000 4.800000 0 0 0 0 0.000000 7.700000 17.900000 0.000000 0 0 0 0 1194 0 115 0 18 8 119 14 127 1196 4 142 11 144 7 94 0 0 1215 21 76 8 36 1 5 0 116 128 3 4 2 1 0 151 0 0 577 0 68 94 54 12 0 101 240 833 35 29 71 48 0 0 0 1 1218 0 77 179 0 0 0 0 0
1585331121.700066 3 0 1166 2960 1886 1.486802 0.568323 0.031361 0.004909 0.590958 1.012018 0.000000 6.800000 9.400000 5.400000 1.200000 0 0 0 0 0 3.700000 2.900000 7.000000 4.900000 0 0 0 0 0.000000 7.700000 17.900000 0.000000 0 0 0 0 1194 0 115 0 18 8 119 14 127 1196 4 142 11 144 7 94 0 0 1215 21 76 8 36 1 5 0 116 128 3 4 2 1 0 151 0 0 577 0 68 94 54 12 0 101 240 833 37 29 70 49 0 0 0 1 1218 0 77 179 0 0 0 0 0
1585331121.710062 3 0 1166 2960 1887 1.486802 0.568323 0.031361 0.004909 0.590958 1.012564 0.000000 6.800000 9.400000 5.400000 1.200000 0 0 0 0 0 3.500000 2.600000 7.500000 5.000000 0 0 0 0 0.000000 7.700000 17.800000 0.000000 0 0 0 0 1194 0 115 0 18 8 119 14 129 1196 4 142 11 144 7 95 0 0 1215 21 76 8 36 1 5 0 116 128 3 4 2 1 0 151 0 0 577 0 68 94 54 12 0 101 240 833 35 26 75 50 0 0 0 1 1218 0 77 178 0 0 0 0 0
1585331121.720059 3 0 1166 2960 1887 1.486802 0.568323 0.031361 0.004909 0.590958 1.012564 0.000000 6.800000 9.400000 5.400000 1.200000 0 0 0 0 0 3.600000 2.700000 7.100000 5.200000 0 0 0 0 0.000000 7.700000 17.900000 0.000000 0 0 0 0 1194 0 115 0 18 8 119 14 129 1196 4 142 11 144 7 95 0 0 1215 21 76 8 36 1 5 0 116 128 3 4 2 1 0 151 0 0 577 0 68 94 54 12 0 101 240 833 36 27 71 52 0 0 0 1 1218 0 77 179 0 0 0 0 0
1585331121.730095 3 0 1166 2960 1886 1.486802 0.564232 0.031361 0.004909 0.589867 1.012018 0.000000 6.800000 9.400000 5.400000 1.200000 0 0 0 0 0 3.900000 3.200000 7.000000 4.900000 0 0 0 0 0.000000 7.700000 17.900000 0.000000 0 0 0 0 1194 0 115 0 18 8 115 14 127 1196 4 142 11 144 7 94 0 0 1215 21 76 8 21 1 5 0 116 128 3 4 2 1 0 151 0 0 577 0 68 94 54 12 0 101 240 833 39 32 70 49 0 0 0 1 1218 0 77 179 0 0 0 0 0
1585331121.740130 3 0 1166 2960 1886 1.486802 0.566959 0.031361 0.004909 0.590958 1.012018 0.000000 6.800000 9.400000 5.400000 1.200000 0 0 0 0 0 3.500000 2.900000 7.300000 4.600000 0 0 0 0 0.000000 7.700000 17.900000 0.000000 0 0 0 0 1194 0 115 0 18 8 119 14 127 1196 4 142 11 144 7 94 0 0 1215 21 76 8 31 1 5 0 116 128 3 4 2 1 0 151 0 0 577 0 68 94 54 12 0 101 240 833 35 29 73 46 0 0 0 1 1218 0 77 179 0 0 0 0 0
1585331121.749120 3 0 1166 2960 1886 1.486802 0.568323 0.031361 0.004909 0.590958 1.012018 0.000000 6.800000 9.400000 5.400000 1.200000 0 0 0 0 0 3.200000 2.600000 6.800000 4.600000 0 0 0 0 0.000000 7.700000 17.900000 0.000000 0 0 0 0 1194 0 115 0 18 8 119 14 127 1196 4 142 11 144 7 94 0 0 1215 21 76 8 36 1 5 0 115 128 3 4 2 1 0 151 0 0 577 0 68 94 54 12 0 101 240 833 32 26 68 46 0 0 0 1 1218 0 77 179 0 0 0 0 0
1585331121.760112 3 0 1166 2960 1886 1.486802 0.569686 0.031361 0.004909 0.590958 1.012018 0.000000 6.800000 9.400000 5.400000 1.200000 0 0 0 0 0 3.400000 2.500000 7.400000 5.000000 0 0 0 0 0.000000 7.700000 17.900000 0.000000 0 0 0 0 1194 0 115 0 18 8 119 14 127 1196 4 142 11 144 7 94 0 0 1215 21 76 8 41 1 5 0 116 128 3 4 2 1 0 151 0 0 577 0 68 94 54 12 0 101 240 833 34 25 74 50 0 0 0 1 1218 0 77 179 0 0 0 0 0
1585331121.770171 3 0 1166 2959 1886 1.486802 0.568323 0.031361 0.004909 0.589867 1.012564 0.000000 6.800000 9.400000 5.400000 1.200000 0 0 0 0 0 3.600000 2.600000 7.700000 5.300000 0 0 0 0 0.000000 7.700000 17.900000 0.000000 0 0 0 0 1194 0 115 0 18 8 115 14 129 1196 4 142 11 143 7 94 0 0 1215 21 76 8 36 1 4 0 116 128 3 4 2 1 0 151 0 1 577 0 68 94 54 12 0 101 240 833 36 26 77 53 0 0 0 1 1218 0 77 179 0 0 0 0 0
1585331121.780133 3 0 1166 2959 1886 1.488166 0.569686 0.031361 0.004909 0.590958 1.012564 0.000000 6.800000 9.400000 5.400000 1.200000 0 0 0 0 0 3.700000 2.900000 7.400000 4.800000 0 0 0 0 0.000000 7.700000 17.900000 0.000000 0 0 0 0 1194 0 115 0 18 8 119 14 129 1196 4 142 11 143 7 94 0 0 1215 21 81 8 41 1 4 0 116 128 3 4 2 1 0 151 0 0 577 0 68 94 54 12 0 101 240 833 37 29 74 48 0 0 0 1 1218 0 77 179 0 0 0 0 0
1585331121.790081 3 0 1166 2959 1886 1.486802 0.566959 0.031361 0.004909 0.590958 1.012564 0.000000 6.800000 9.400000 5.400000 1.200000 0 0 0 0 0 3.600000 2.500000 7.000000 4.700000 0 0 0 0 0.000000 7.700000 17.800000 0.000000 0 0 0 0 1194 0 115 0 18 8 119 14 129 1196 4 142 11 143 7 94 0 0 1215 21 76 8 31 1 4 0 115 128 3 4 2 1 0 151 0 0 577 0 68 94 54 12 0 101 240 833 36 25 70 47 0 0 0 1 1218 0 77 178 0 0 0 0 0
1585331121.800171 3 0 1166 2959 1886 1.488166 0.569686 0.031361 0.004091 0.590958 1.012018 0.000000 6.800000 9.400000 5.400000 1.200000 0 0 0 0 0 3.300000 2.600000 7.000000 4.900000 0 0 0 0 0.000000 7.700000 17.800000 0.000000 0 0 0 0 1194 0 115 0 15 8 119 14 127 1196 4 142 11 143 7 94 0 0 1215 21 81 8 41 1 4 0 116 128 3 4 2 1 0 151 0 0 577 0 68 94 54 12 0 101 240 833 33 26 70 49 0 0 0 1 1218 0 77 178 0 0 0 0 0
1585331121.810128 3 0 1166 2958 1886 1.486802 0.568323 0.031361 0.004909 0.589867 1.012564 0.000000 6.800000 9.400000 5.400000 1.200000 0 0 0 0 0 3.600000 2.600000 7.000000 5.200000 0 0 0 0 0.000000 7.700000 17.800000 0.000000 0 0 0 0 1194 0 115 0 18 8 115 14 129 1196 4 142 11 142 7 94 0 0 1215 21 76 8 36 1 4 0 116 128 3 4 2 1 0 151 0 0 577 0 68 94 54 12 0 101 240 833 36 26 70 52 0 0 0 1 1218 0 77 178 0 0 0 0 0
1585331121.820179 3 0 1166 2958 1886 1.486802 0.568323 0.031361 0.004909 0.590958 1.012564 0.000000 6.800000 9.400000 5.400000 1.200000 0 0 0 0 0 3.700000 2.300000 6.800000 5.100000 0 0 0 0 0.000000 7.700000 17.800000 0.000000 0 0 0 0 1194 0 115 0 18 8 119 14 129 1196 4 142 11 142 7 94 0 0 1215 21 76 8 36 1 4 0 116 128 3 4 2 1 0 151 0 0 577 0 68 94 54 12 0 101 240 833 37 23 68 51 0 0 0 1 1218 0 77 178 0 0 0 0 0
1585331121.830207 3 0 1166 2959 1886 1.486802 0.568323 0.031361 0.005727 0.590958 1.012564 0.000000 6.800000 9.400000 5.400000 1.200000 0 0 0 0 0 3.700000 2.400000 7.200000 4.800000 0 0 0 0 0.000000 7.700000 17.800000 0.000000 0 0 0 0 1194 0 115 0 21 8 119 14 129 1196 4 142 11 143 7 94 0 0 1215 21 76 8 36 1 4 0 115 128 3 4 2 1 0 151 0 0 577 0 68 94 54 12 0 101 240 833 37 24 72 48 0 0 0 1 1218 0 77 178 0 0 0 0 0
1585331121.840105 3 0 1166 2959 1886 1.486802 0.568323 0.031361 0.004909 0.590958 1.012564 0.000000 6.800000 9.400000 5.400000 1.200000 0 0 0 0 0 3.700000 2.200000 7.100000 5.100000 0 0 0 0 0.000000 7.700000 17.800000 0.000000 0 0 0 0 1194 0 115 0 18 8 119 14 129 1196 4 142 11 143 7 94 0 0 1215 21 76 8 36 1 4 0 116 128 3 4 2 1 0 151 0 0 577 0 68 94 54 12 0 101 240 833 37 22 71 51 0 0 0 1 1218 0 77 178 0 0 0 0 0
1585331121.850148 3 0 1166 2958 1887 1.486802 0.568323 0.031361 0.004909 0.590958 1.012564 0.000000 6.800000 9.400000 5.400000 1.200000 0 0 0 0 0 3.800000 2.400000 7.200000 4.800000 0 0 0 0 0.000000 7.700000 17.800000 0.000000 0 0 0 0 1194 0 115 0 18 8 119 14 129 1196 4 142 11 142 7 95 0 0 1215 21 76 8 36 1 4 0 116 128 3 4 2 1 0 151 0 0 577 0 68 94 54 12 0 101 240 833 38 24 72 48 0 0 0 1 1218 0 77 178 0 0 0 0 0
1585331121.860142 3 0 1166 2958 1887 1.486802 0.568323 0.031361 0.005727 0.590958 1.012564 0.000000 6.800000 9.400000 5.400000 1.200000 0 0 0 0 0 3.900000 3.100000 7.000000 4.500000 0 0 0 0 0.000000 7.700000 17.800000 0.000000 0 0 0 0 1194 0 115 0 21 8 119 14 129 1196 4 142 11 142 7 95 0 0 1215 21 76 8 36 1 4 0 116 128 3 4 2 1 0 151 0 0 577 0 68 94 54 12 0 101 240 833 39 31 70 45 0 0 0 1 1218 0 77 178 0 0 0 0 0
1585331121.870102 3 0 1166 2959 1886 1.486802 0.568323 0.031361 0.005727 0.590958 1.012018 0.000000 6.800000 9.400000 5.400000 1.200000 0 0 0 0 0 3.600000 2.800000 7.000000 5.100000 0 0 0 0 0.000000 7.700000 17.800000 0.000000 0 0 0 0 1194 0 115 0 21 8 119 14 127 1196 4 142 11 143 7 94 0 0 1215 21 76 8 36 1 4 0 116 128 3 4 2 1 0 151 0 1 577 0 68 94 54 12 0 101 240 833 36 28 70 51 0 0 0 1 1218 0 77 178 0 0 0 0 0
1585331121.880146 3 0 1166 2959 1886 1.486802 0.568323 0.031361 0.005727 0.590958 1.012564 0.000000 6.800000 9.400000 5.400000 1.200000 0 0 0 0 0 3.400000 2.300000 7.600000 4.900000 0 0 0 0 0.000000 7.700000 17.800000 0.000000 0 0 0 0 1194 0 115 0 21 8 119 14 129 1196 4 142 11 143 7 94 0 0 1215 21 76 8 36 1 4 0 116 128 3 4 2 1 0 151 0 0 577 0 68 94 54 12 0 101 240 833 34 23 76 49 0 0 0 1 1218 0 77 178 0 0 0 0 0
1585331121.890150 3 0 1167 2959 1886 1.488166 0.568323 0.031361 0.004909 0.590958 1.012018 0.000000 6.800000 9.400000 5.400000 1.200000 0 0 0 0 0 3.500000 2.400000 7.400000 5.300000 0 0 0 0 0.000000 7.700000 17.800000 0.000000 0 0 0 0 1194 0 115 0 18 8 119 14 127 1196 4 143 11 143 7 94 0 0 1215 21 81 8 36 1 4 0 115 128 3 4 2 1 0 151 0 0 577 0 68 94 54 12 0 101 240 833 35 24 74 53 0 0 0 1 1218 0 77 178 0 0 0 0 0
1585331121.900168 3 0 1167 2959 1886 1.488166 0.569686 0.031361 0.005727 0.590958 1.012564 0.000000 6.800000 9.400000 5.400000 1.200000 0 0 0 0 0 3.500000 2.800000 7.100000 5.400000 0 0 0 0 0.000000 7.700000 17.800000 0.000000 0 0 0 0 1194 0 115 0 21 8 119 14 129 1196 4 143 11 143 7 94 0 0 1215 21 81 8 41 1 4 0 115 128 3 4 2 1 0 151 0 0 577 0 68 94 54 12 0 101 240 833 35 28 71 54 0 0 0 1 1218 0 77 178 0 0 0 0 0
1585331121.910138 3 0 1166 2958 1886 1.486802 0.568323 0.031361 0.004909 0.590958 1.012564 0.000000 6.800000 9.400000 5.400000 1.200000 0 0 0 0 0 3.500000 2.600000 7.100000 5.100000 0 0 0 0 0.000000 7.700000 17.800000 0.000000 0 0 0 0 1194 0 115 0 18 8 119 14 129 1196 4 142 11 142 7 94 0 0 1215 21 76 8 36 1 4 0 115 128 3 4 2 1 0 151 0 0 577 0 68 94 54 12 0 101 240 833 35 26 71 51 0 0 0 1 1218 0 77 178 0 0 0 0 0
1585331121.920198 3 0 1166 2958 1886 1.486802 0.568323 0.031361 0.005727 0.590958 1.012018 0.000000 6.800000 9.400000 5.400000 1.200000 0 0 0 0 0 3.500000 2.400000 7.200000 4.700000 0 0 0 0 0.000000 7.700000 17.800000 0.000000 0 0 0 0 1194 0 115 0 21 8 119 14 127 1196 4 142 11 142 7 94 0 0 1215 21 76 8 36 1 4 0 115 128 3 4 2 1 0 151 0 0 577 0 68 94 54 12 0 101 240 833 35 24 72 47 0 0 0 1 1218 0 77 178 0 0 0 0 0
1585331121.930250 3 0 1166 2962 1886 1.486802 0.568323 0.031361 0.004909 0.590958 1.012564 0.000000 6.800000 9.400000 5.400000 1.200000 0 0 0 0 0 3.800000 2.800000 7.300000 4.800000 0 0 0 0 0.000000 7.700000 17.800000 0.000000 0 0 0 0 1194 0 115 0 18 8 119 14 129 1196 4 142 11 146 7 94 0 0 1215 21 76 8 36 1 4 0 115 128 3 4 2 1 0 151 0 0 577 0 68 94 54 12 0 101 240 833 38 28 73 48 0 0 0 1 1218 0 77 178 0 0 0 0 0
1585331121.940158 3 0 1166 2962 1886 1.486802 0.568323 0.031361 0.004909 0.590958 1.012564 0.000000 6.800000 9.400000 5.400000 1.200000 0 0 0 0 0 4.000000 2.700000 7.200000 5.100000 0 0 0 0 0.000000 7.700000 17.800000 0.000000 0 0 0 0 1194 0 115 0 18 8 119 14 129 1196 4 142 11 146 7 94 0 0 1215 21 76 8 36 1 4 0 115 128 3 4 2 1 0 151 0 0 577 0 68 94 54 12 0 101 240 833 40 27 72 51 0 0 0 1 1218 0 77 178 0 0 0 0 0
1585331121.950217 3 0 1166 2958 1887 1.486802 0.566959 0.031361 0.004909 0.590958 1.012564 0.000000 6.800000 9.400000 5.400000 1.200000 0 0 0 0 0 3.800000 2.700000 7.400000 4.800000 0 0 0 0 0.000000 7.700000 17.800000 0.000000 0 0 0 0 1194 0 115 0 18 8 119 14 129 1196 4 142 11 142 7 95 0 0 1215 21 76 8 31 1 4 0 116 128 3 4 2 1 0 151 0 0 577 0 68 94 54 12 0 101 240 833 38 27 74 48 0 0 0 1 1218 0 77 178 0 0 0 0 0
1585331121.960294 3 0 1166 2958 1887 1.486802 0.566959 0.031361 0.004909 0.590958 1.012564 0.000000 6.800000 9.400000 5.400000 1.200000 0 0 0 0 0 3.800000 2.600000 7.800000 5.100000 0 0 0 0 0.000000 7.700000 17.900000 0.000000 0 0 0 0 1194 0 115 0 18 8 119 14 129 1196 4 142 11 142 7 95 0 0 1215 21 76 8 31 1 4 0 116 128 3 4 2 1 0 151 0 0 577 0 68 94 54 12 0 101 240 833 38 26 78 51 0 0 0 1 1218 0 77 179 0 0 0 0 0
1585331121.970202 3 0 1167 2958 1886 1.486802 0.568323 0.031361 0.004909 0.590958 1.012018 0.000000 6.800000 9.400000 5.400000 1.200000 0 0 0 0 0 3.800000 2.800000 7.100000 5.000000 0 0 0 0 0.000000 7.700000 17.800000 0.000000 0 0 0 0 1194 0 115 0 18 8 119 14 127 1196 4 143 11 142 7 94 0 0 1215 21 76 8 36 1 4 0 115 128 3 4 2 1 0 151 0 1 577 0 68 94 54 12 0 101 240 833 38 28 71 50 0 0 0 1 1218 0 77 178 0 0 0 0 0
1585331121.980171 3 0 1167 2958 1886 1.485439 0.558778 0.031361 0.005727 0.589867 1.012564 0.000000 6.800000 9.400000 5.400000 1.200000 0 0 0 0 0 3.500000 2.700000 6.900000 4.800000 0 0 0 0 0.000000 7.700000 17.800000 0.000000 0 0 0 0 1194 0 115 0 21 8 115 14 129 1196 4 143 11 142 7 94 0 0 1215 21 71 8 1 1 4 0 116 128 3 4 2 1 0 151 0 0 577 0 68 94 54 12 0 101 240 833 35 27 69 48 0 0 0 1 1218 0 77 178 0 0 0 0 0
1585331121.990162 3 0 1166 2958 1887 1.486802 0.566959 0.031361 0.004909 0.590958 1.012564 0.000000 6.800000 9.400000 5.400000 1.200000 0 0 0 0 0 3.400000 2.600000 7.400000 5.200000 0 0 0 0 0.000000 7.700000 17.800000 0.000000 0 0 0 0 1194 0 115 0 18 8 119 14 129 1196 4 142 11 142 7 95 0 0 1215 21 76 8 31 1 4 0 116 128 3 4 2 1 0 151 0 0 577 0 68 94 54 12 0 101 240 833 34 26 74 52 0 0 0 1 1218 0 77 178 0 0 0 0 0
1585331122.000243 3 0 1166 2958 1887 1.486802 0.568323 0.031361 0.005727 0.590958 1.012564 0.000000 6.800000 9.400000 5.400000 1.200000 0 0 0 0 0 3.500000 2.700000 7.600000 4.900000 0 0 0 0 0.000000 7.700000 17.800000 0.000000 0 0 0 0 1194 0 115 0 21 8 119 14 129 1196 4 142 11 142 7 95 0 0 1215 21 76 8 36 1 4 0 116 128 3 4 2 1 0 151 0 0 577 0 68 94 54 12 0 101 240 833 35 27 76 49 0 0 0 1 1218 0 77 178 0 0 0 0 0
1585331122.010179 3 0 1167 2957 1886 1.486802 0.568323 0.031361 0.005727 0.590958 1.012564 0.000000 6.800000 9.400000 5.400000 1.200000 0 0 0 0 0 3.600000 2.600000 7.400000 5.000000 0 0 0 0 0.000000 7.700000 17.800000 0.000000 0 0 0 0 1194 0 115 0 21 8 119 14 129 1196 4 143 11 141 7 94 0 0 1215 21 76 8 36 1 4 0 116 128 3 4 2 1 0 151 0 0 577 0 68 94 54 12 0 101 240 833 36 26 74 50 0 0 0 1 1218 0 77 178 0 0 0 0 0
1585331122.020224 3 0 1167 2957 1886 1.486802 0.568323 0.031361 0.004909 0.590958 1.012564 0.000000 6.800000 9.400000 5.400000 1.200000 0 0 0 0 0 3.800000 2.400000 6.900000 5.100000 0 0 0 0 0.000000 7.700000 17.800000 0.000000 0 0 0 0 1194 0 115 0 18 8 119 14 129 1196 4 143 11 141 7 94 0 0 1215 21 76 8 36 1 4 0 116 128 3 4 2 1 0 151 0 0 577 0 68 94 54 12 0 101 240 833 38 24 69 51 0 0 0 1 1218 0 77 178 0 0 0 0 0
1585331122.030174 3 0 1167 2957 1887 1.486802 0.568323 0.031361 0.005727 0.590958 1.012018 0.000000 6.800000 9.400000 5.400000 1.200000 0 0 0 0 0 3.700000 2.600000 7.000000 4.800000 0 0 0 0 0.000000 7.700000 17.800000 0.000000 0 0 0 0 1194 0 115 0 21 8 119 14 127 1196 4 143 11 141 7 95 0 0 1215 21 76 8 36 1 4 0 115 128 3 4 2 1 0 151 0 0 577 0 68 94 54 12 0 101 240 833 37 26 70 48 0 0 0 1 1218 0 77 178 0 0 0 0 0
1585331122.040180 3 0 1167 2957 1887 1.486802 0.568323 0.031361 0.004909 0.590958 1.012018 0.000000 6.800000 9.400000 5.400000 1.200000 0 0 0 0 0 3.600000 3.000000 7.400000 4.600000 0 0 0 0 0.000000 7.700000 17.800000 0.000000 0 0 0 0 1194 0 115 0 18 8 119 14 127 1196 4 143 11 141 7 95 0 0 1215 21 76 8 36 1 4 0 115 128 3 4 2 1 0 151 0 0 577 0 68 94 54 12 0 101 240 833 36 30 74 46 0 0 0 1 1218 0 77 178 0 0 0 0 0
1585331122.050324 3 0 1167 2957 1887 1.486802 0.568323 0.031361 0.004909 0.590958 1.012018 0.000000 6.800000 9.400000 5.400000 1.200000 0 0 0 0 0 3.800000 2.800000 6.700000 4.700000 0 0 0 0 0.000000 7.700000 17.800000 0.000000 0 0 0 0 1194 0 115 0 18 8 119 14 127 1196 4 143 11 141 7 95 0 0 1215 21 76 8 36 1 4 0 115 128 3 4 2 1 0 151 0 0 577 0 68 94 54 12 0 101 240 833 38 28 67 47 0 0 0 1 1218 0 77 178 0 0 0 0 0
1585331122.060306 3 0 1167 2957 1887 1.486802 0.568323 0.031361 0.004909 0.590958 1.012564 0.000000 6.800000 9.400000 5.400000 1.200000 0 0 0 0 0 3.600000 2.800000 6.700000 5.000000 0 0 0 0 0.000000 7.700000 17.800000 0.000000 0 0 0 0 1194 0 115 0 18 8 119 14 129 1196 4 143 11 141 7 95 0 0 1215 21 76 8 36 1 4 0 115 128 3 4 2 1 0 151 0 0 577 0 68 94 54 12 0 101 240 833 36 28 67 50 0 0 0 1 1218 0 77 178 0 0 0 0 0
1585331122.070318 3 0 1167 2957 1886 1.486802 0.566959 0.031361 0.004909 0.590958 1.012018 0.000000 6.800000 9.400000 5.400000 1.200000 0 0 0 0 0 3.400000 2.900000 7.200000 4.900000 0 0 0 0 0.000000 7.700000 17.800000 0.000000 0 0 0 0 1194 0 115 0 18 8 119 14 127 1196 4 143 11 141 7 94 0 0 1215 21 76 8 31 1 4 0 115 128 3 4 2 1 0 151 0 1 577 0 68 94 54 12 0 101 240 833 34 29 72 49 0 0 0 1 1218 0 77 178 0 0 0 0 0
1585331122.080175 3 0 1167 2957 1886 1.486802 0.569686 0.031361 0.004909 0.590958 1.012564 0.000000 6.800000 9.400000 5.400000 1.200000 0 0 0 0 0 3.500000 2.700000 7.000000 4.600000 0 0 0 0 0.000000 7.700000 17.800000 0.000000 0 0 0 0 1194 0 115 0 18 8 119 14 129 1196 4 143 11 141 7 94 0 0 1215 21 76 8 41 1 4 0 116 128 3 4 2 1 0 151 0 0 577 0 68 94 54 12 0 101 240 833 35 27 70 46 0 0 0 1 1218 0 77 178 0 0 0 0 0
1585331122.090222 3 0 1166 2957 1886 1.486802 0.568323 0.031361 0.005727 0.590958 1.012564 0.000000 6.800000 9.400000 5.400000 1.200000 0 0 0 0 0 3.500000 2.300000 7.200000 4.500000 0 0 0 0 0.000000 7.700000 17.800000 0.000000 0 0 0 0 1194 0 115 0 21 8 119 14 129 1196 4 142 11 141 7 94 0 0 1215 21 76 8 36 1 4 0 115 128 3 4 2 1 0 151 0 0 577 0 68 94 54 12 0 101 240 833 35 23 72 45 0 0 0 1 1218 0 77 178 0 0 0 0 0
1585331122.100229 3 0 1166 2957 1886 1.486802 0.568323 0.031361 0.005727 0.590958 1.012018 0.000000 6.800000 9.400000 5.400000 1.200000 0 0 0 0 0 3.500000 2.600000 6.800000 4.600000 0 0 0 0 0.000000 7.700000 17.800000 0.000000 0 0 0 0 1194 0 115 0 21 8 119 14 127 1196 4 142 11 141 7 94 0 0 1215 21 76 8 36 1 4 0 115 128 3 4 2 1 0 151 0 0 577 0 68 94 54 12 0 101 240 833 35 26 68 46 0 0 0 1 1218 0 77 178 0 0 0 0 0
1585331122.110178 3 0 1167 2957 1885 1.486802 0.568323 0.031361 0.004909 0.590958 1.012564 0.000000 6.800000 9.400000 5.400000 1.200000 0 0 0 0 0 3.600000 2.800000 6.900000 5.000000 0 0 0 0 0.000000 7.700000 17.800000 0.000000 0 0 0 0 1194 0 115 0 18 8 119 14 129 1196 4 143 11 141 7 93 0 0 1215 21 76 8 36 1 4 0 115 128 3 4 2 1 0 151 0 0 577 0 68 94 54 12 0 101 240 833 36 28 69 50 0 0 0 1 1218 0 77 178 0 0 0 0 0
1585331122.120184 3 0 1167 2957 1885 1.486802 0.568323 0.031361 0.004909 0.589867 1.012564 0.000000 6.800000 9.400000 5.400000 1.200000 0 0 0 0 0 3.600000 2.500000 7.200000 4.900000 0 0 0 0 0.000000 7.700000 17.800000 0.000000 0 0 0 0 1194 0 115 0 18 8 115 14 129 1196 4 143 11 141 7 93 0 0 1215 21 76 8 36 1 4 0 116 128 3 4 2 1 0 151 0 0 577 0 68 94 54 12 0 101 240 833 36 25 72 49 0 0 0 1 1218 0 77 178 0 0 0 0 0
1585331122.130194 3 0 1166 2957 1886 1.485439 0.566959 0.031361 0.004909 0.590958 1.012564 0.000000 6.800000 9.400000 5.400000 1.200000 0 0 0 0 0 3.600000 2.800000 7.000000 4.700000 0 0 0 0 0.000000 7.700000 17.800000 0.000000 0 0 0 0 1194 0 115 0 18 8 119 14 129 1196 4 142 11 141 7 94 0 0 1215 21 71 8 31 1 4 0 115 128 3 4 2 1 0 151 0 0 577 0 68 94 54 12 0 101 240 833 36 28 70 47 0 0 0 1 1218 0 77 178 0 0 0 0 0
1585331122.140248 3 0 1166 2957 1886 1.486802 0.568323 0.031361 0.004909 0.590958 1.012018 0.000000 6.800000 9.400000 5.400000 1.200000 0 0 0 0 0 3.600000 2.700000 7.300000 5.000000 0 0 0 0 0.000000 7.700000 17.800000 0.000000 0 0 0 0 1194 0 115 0 18 8 119 14 127 1196 4 142 11 141 7 94 0 0 1215 21 76 8 36 1 4 0 115 128 3 4 2 1 0 151 0 0 577 0 68 94 54 12 0 101 240 833 36 27 73 50 0 0 0 1 1218 0 77 178 0 0 0 0 0
1585331122.150277 3 0 1167 2956 1886 1.486802 0.568323 0.031361 0.004909 0.590958 1.012018 0.000000 6.800000 9.400000 5.400000 1.200000 0 0 0 0 0 3.600000 2.200000 7.000000 4.900000 0 0 0 0 0.000000 7.700000 17.800000 0.000000 0 0 0 0 1194 0 115 0 18 8 119 14 127 1196 4 143 11 140 7 94 0 0 1215 21 76 8 36 1 3 0 115 128 3 4 2 1 0 151 0 0 577 0 68 94 54 12 0 101 240 833 36 22 70 49 0 0 0 1 1218 0 77 178 0 0 0 0 0
1585331122.160249 3 0 1167 2956 1886 1.486802 0.568323 0.031361 0.004909 0.590958 1.012564 0.000000 6.800000 9.400000 5.400000 1.200000 0 0 0 0 0 3.800000 2.600000 7.400000 4.900000 0 0 0 0 0.000000 7.700000 17.800000 0.000000 0 0 0 0 1194 0 115 0 18 8 119 14 129 1196 4 143 11 140 7 94 0 0 1215 21 76 8 36 1 4 0 115 128 3 4 2 1 0 151 0 0 577 0 68 94 54 12 0 101 240 833 38 26 74 49 0 0 0 1 1218 0 77 178 0 0 0 0 0
1585331122.170213 3 0 1167 2956 1886 1.486802 0.568323 0.031361 0.005727 0.590958 1.012564 0.000000 6.800000 9.400000 5.400000 1.200000 0 0 0 0 0 3.600000 2.700000 7.600000 4.500000 0 0 0 0 0.000000 7.700000 17.800000 0.000000 0 0 0 0 1194 0 115 0 21 8 119 14 129 1196 4 143 11 140 7 94 0 0 1215 21 76 8 36 1 3 0 115 128 3 4 2 1 0 151 0 1 577 0 68 94 54 12 0 101 240 833 36 27 76 45 0 0 0 1 1218 0 77 178 0 0 0 0 0
1585331122.180253 3 0 1167 2956 1886 1.486802 0.568323 0.031361 0.004909 0.591776 1.012564 0.000000 6.800000 9.400000 5.400000 1.200000 0 0 0 0 0 3.600000 2.700000 6.800000 4.800000 0 0 0 0 0.000000 7.700000 17.800000 0.000000 0 0 0 0 1194 0 115 0 18 8 122 14 129 1196 4 143 11 140 7 94 0 0 1215 21 76 8 36 1 3 0 115 128 3 4 2 1 0 151 0 0 577 0 68 94 54 12 0 101 240 833 36 27 68 48 0 0 0 1 1218 0 77 178 0 0 0 0 0
1585331122.190253 3 0 1167 2956 1886 1.486802 0.568323 0.031361 0.004909 0.590958 1.013927 0.000000 6.800000 9.400000 5.400000 1.200000 0 0 0 0 0 3.700000 2.600000 7.400000 5.100000 0 0 0 0 0.000000 7.700000 17.800000 0.000000 0 0 0 0 1194 0 115 0 18 8 119 14 134 1196 4 143 11 140 7 94 0 0 1215 21 76 8 36 1 3 0 115 128 3 4 2 1 0 151 0 0 577 0 68 94 54 12 0 101 240 833 37 26 74 51 0 0 0 1 1218 0 77 178 0 0 0 0 0
1585331122.200268 3 0 1167 2956 1886 1.486802 0.568323 0.031361 0.005727 0.590958 1.012564 0.000000 6.800000 9.400000 5.400000 1.200000 0 0 0 0 0 3.200000 2.600000 7.600000 4.700000 0 0 0 0 0.000000 7.700000 17.800000 0.000000 0 0 0 0 1194 0 115 0 21 8 119 14 129 1196 4 143 11 140 7 94 0 0 1215 21 76 8 36 1 3 0 115 128 3 4 2 1 0 151 0 0 577 0 68 94 54 12 0 101 240 833 32 26 76 47 0 0 0 1 1218 0 77 178 0 0 0 0 0
1585331122.210255 3 0 1167 2956 1886 1.486802 0.568323 0.031361 0.004909 0.590958 1.012564 0.000000 6.800000 9.400000 5.400000 1.200000 0 0 0 0 0 3.500000 2.600000 7.600000 4.800000 0 0 0 0 0.000000 7.700000 17.800000 0.000000 0 0 0 0 1194 0 115 0 18 8 119 14 129 1196 4 143 11 140 7 94 0 0 1215 21 76 8 36 1 3 0 115 128 3 4 2 1 0 151 0 0 577 0 68 94 54 12 0 101 240 833 35 26 76 48 0 0 0 1 1218 0 77 178 0 0 0 0 0
1585331122.220328 3 0 1167 2956 1886 1.490893 0.572413 0.031361 0.004909 0.590958 1.012564 0.000000 6.800000 9.400000 5.400000 1.200000 0 0 0 0 0 3.600000 2.400000 7.900000 4.700000 0 0 0 0 0.000000 7.700000 17.800000 0.000000 0 0 0 0 1194 0 115 0 18 8 119 14 129 1196 4 143 11 140 7 94 0 0 1215 21 91 8 51 1 3 0 115 128 3 4 2 1 0 151 0 0 577 0 68 94 54 12 0 101 240 833 36 24 79 47 0 0 0 1 1218 0 77 178 0 0 0 0 0
1585331122.230246 3 0 1167 2956 1886 1.486802 0.568323 0.031361 0.005727 0.590958 1.012564 0.000000 6.800000 9.400000 5.400000 1.200000 0 0 0 0 0 3.300000 2.400000 7.100000 5.400000 0 0 0 0 0.000000 7.700000 17.800000 0.000000 0 0 0 0 1194 0 115 0 21 8 119 14 129 1196 4 143 11 140 7 94 0 0 1215 21 76 8 36 1 3 0 115 128 3 4 2 1 0 151 0 0 577 0 68 94 54 12 0 101 240 833 33 24 71 54 0 0 0 1 1218 0 77 178 0 0 0 0 0
1585331122.240343 3 0 1167 2956 1886 1.486802 0.568323 0.031361 0.004909 0.590958 1.012018 0.000000 6.800000 9.400000 5.400000 1.200000 0 0 0 0 0 3.700000 2.800000 7.100000 5.300000 0 0 0 0 0.000000 7.700000 17.800000 0.000000 0 0 0 0 1194 0 115 0 18 8 119 14 127 1196 4 143 11 140 7 94 0 0 1215 21 76 8 36 1 3 0 115 128 3 4 2 1 0 151 0 0 577 0 68 94 54 12 0 101 240 833 37 28 71 53 0 0 0 1 1218 0 77 178 0 0 0 0 0
1585331122.250374 3 0 1166 2956 1886 1.486802 0.568323 0.031361 0.004909 0.590958 1.012018 0.000000 6.800000 9.400000 5.400000 1.200000 0 0 0 0 0 3.700000 3.100000 7.400000 4.600000 0 0 0 0 0.000000 7.700000 17.800000 0.000000 0 0 0 0 1194 0 115 0 18 8 119 14 127 1196 4 142 11 140 7 94 0 0 1215 21 76 8 36 1 3 0 115 128 3 4 2 1 0 151 0 0 577 0 68 94 54 12 0 101 240 833 37 31 74 46 0 0 0 1 1218 0 77 178 0 0 0 0 0
1585331122.260276 3 0 1166 2956 1886 1.486802 0.568323 0.031361 0.005727 0.590958 1.014745 0.000000 6.800000 9.400000 5.400000 1.200000 0 0 0 0 0 4.000000 2.600000 6.900000 4.900000 0 0 0 0 0.000000 7.700000 17.800000 0.000000 0 0 0 0 1194 0 115 0 21 8 119 14 137 1196 4 142 11 140 7 94 0 0 1215 21 76 8 36 1 3 0 116 128 3 4 2 1 0 151 0 0 577 0 68 94 54 12 0 101 240 833 40 26 69 49 0 0 0 1 1218 0 77 178 0 0 0 0 0
1585331122.270264 3 0 1167 2955 1887 1.486802 0.568323 0.031361 0.004909 0.591776 1.012564 0.000000 6.800000 9.400000 5.400000 1.200000 0 0 0 0 0 3.500000 2.600000 7.400000 5.200000 0 0 0 0 0.000000 7.700000 17.800000 0.000000 0 0 0 0 1194 0 115 0 18 8 122 14 129 1196 4 143 11 139 7 95 0 0 1215 21 76 8 36 1 3 0 115 128 3 4 2 1 0 151 0 1 577 0 68 94 54 12 0 101 240 833 35 26 74 52 0 0 0 1 1218 0 77 178 0 0 0 0 0
1585331122.280288 3 0 1167 2955 1887 1.486802 0.568323 0.031361 0.004909 0.590958 1.012564 0.000000 6.800000 9.400000 5.400000 1.200000 0 0 0 0 0 3.300000 2.600000 7.500000 5.200000 0 0 0 0 0.000000 7.700000 17.800000 0.000000 0 0 0 0 1194 0 115 0 18 8 119 14 129 1196 4 143 11 139 7 95 0 0 1215 21 76 8 36 1 3 0 115 128 3 4 2 1 0 151 0 0 577 0 68 94 54 12 0 101 240 833 33 26 75 52 0 0 0 1 1218 0 77 178 0 0 0 0 0
1585331122.290260 3 0 1167 2956 1886 1.486802 0.568323 0.031361 0.004091 0.590958 1.012564 0.000000 6.800000 9.400000 5.400000 1.200000 0 0 0 0 0 3.600000 2.900000 7.000000 5.300000 0 0 0 0 0.000000 7.700000 17.800000 0.000000 0 0 0 0 1194 0 115 0 15 8 119 14 129 1196 4 143 11 140 7 94 0 0 1215 21 76 8 36 1 3 0 115 128 3 4 2 1 0 151 0 0 577 0 68 94 54 12 0 101 240 833 36 29 70 53 0 0 0 1 1218 0 77 178 0 0 0 0 0
1585331122.300311 3 0 1167 2956 1886 1.486802 0.569686 0.031361 0.005727 0.590958 1.012018 0.000000 6.800000 9.400000 5.400000 1.200000 0 0 0 0 0 3.200000 2.700000 7.400000 4.800000 0 0 0 0 0.000000 7.700000 17.700000 0.000000 0 0 0 0 1194 0 115 0 21 8 119 14 127 1196 4 143 11 140 7 94 0 0 1215 21 76 8 41 1 3 0 115 128 3 4 2 1 0 151 0 0 577 0 68 94 54 12 0 101 240 833 32 27 74 48 0 0 0 1 1218 0 77 177 0 0 0 0 0
1585331122.310309 3 0 1167 2955 1886 1.488166 0.569686 0.031361 0.004909 0.590958 1.012018 0.000000 6.800000 9.400000 5.400000 1.200000 0 0 0 0 0 3.600000 2.400000 7.200000 4.700000 0 0 0 0 0.000000 7.700000 17.800000 0.000000 0 0 0 0 1194 0 115 0 18 8 119 14 127 1196 4 143 11 139 7 94 0 0 1215 21 81 8 41 1 3 0 115 128 3 4 2 1 0 151 0 0 577 0 68 94 54 12 0 101 240 833 36 24 72 47 0 0 0 1 1218 0 77 178 0 0 0 0 0
1585331122.320343 3 0 1167 2955 1886 1.486802 0.568323 0.031361 0.004909 0.591776 1.012564 0.000000 6.800000 9.400000 5.400000 1.200000 0 0 0 0 0 3.600000 2.900000 6.900000 5.000000 0 0 0 0 0.000000 7.700000 17.800000 0.000000 0 0 0 0 1194 0 115 0 18 8 122 14 129 1196 4 143 11 139 7 94 0 0 1215 21 76 8 36 1 3 0 115 128 3 4 2 1 0 151 0 0 577 0 68 94 54 12 0 101 240 833 36 29 69 50 0 0 0 1 1218 0 77 178 0 0 0 0 0
1585331122.330332 3 0 1167 2955 1886 1.486802 0.568323 0.031361 0.005727 0.590958 1.012018 0.000000 6.800000 9.400000 5.400000 1.200000 0 0 0 0 0 3.500000 2.600000 7.100000 5.000000 0 0 0 0 0.000000 7.700000 17.800000 0.000000 0 0 0 0 1194 0 115 0 21 8 119 14 127 1196 4 143 11 139 7 94 0 0 1215 21 76 8 36 1 3 0 115 128 3 4 2 1 0 151 0 0 577 0 68 94 54 12 0 101 240 833 35 26 71 50 0 0 0 1 1218 0 77 178 0 0 0 0 0
1585331122.340295 3 0 1167 2955 1886 1.486802 0.568323 0.031361 0.004909 0.591776 1.012564 0.000000 6.800000 9.400000 5.400000 1.200000 0 0 0 0 0 3.600000 2.600000 7.300000 4.700000 0 0 0 0 0.000000 7.700000 17.700000 0.000000 0 0 0 0 1194 0 115 0 18 8 122 14 129 1196 4 143 11 139 7 94 0 0 1215 21 76 8 36 1 3 0 115 128 3 4 2 1 0 151 0 0 577 0 68 94 54 12 0 101 240 833 36 26 73 47 0 0 0 1 1218 0 77 177 0 0 0 0 0
1585331122.350287 3 0 1167 2955 1887 1.482712 0.564232 0.031361 0.004909 0.590958 1.012564 0.000000 6.800000 9.400000 5.400000 1.200000 0 0 0 0 0 3.300000 2.800000 7.400000 4.500000 0 0 0 0 0.000000 7.700000 17.700000 0.000000 0 0 0 0 1194 0 115 0 18 8 119 14 129 1196 4 143 11 139 7 95 0 0 1215 21 61 8 21 1 3 0 115 128 3 4 2 1 0 151 0 0 577 0 68 94 54 12 0 101 240 833 33 28 74 45 0 0 0 1 1218 0 77 177 0 0 0 0 0
1585331122.360388 3 0 1167 2955 1887 1.488166 0.569686 0.031361 0.004909 0.590958 1.012564 0.000000 6.800000 9.400000 5.400000 1.200000 0 0 0 0 0 4.000000 3.100000 7.100000 4.800000 0 0 0 0 0.000000 7.700000 17.700000 0.000000 0 0 0 0 1194 0 115 0 18 8 119 14 129 1196 4 143 11 139 7 95 0 0 1215 21 81 8 41 1 3 0 115 128 3 4 2 1 0 151 0 0 577 0 68 94 54 12 0 101 240 833 40 31 71 48 0 0 0 1 1218 0 77 177 0 0 0 0 0
1585331122.370353 3 0 1167 2955 1887 1.486802 0.568323 0.031361 0.005727 0.590958 1.012564 0.000000 6.800000 9.400000 5.400000 1.200000 0 0 0 0 0 4.000000 2.700000 7.100000 5.100000 0 0 0 0 0.000000 7.700000 17.700000 0.000000 0 0 0 0 1194 0 115 0 21 8 119 14 129 1196 4 143 11 139 7 95 0 0 1215 21 76 8 36 1 3 0 115 128 3 4 2 1 0 151 0 1 577 0 68 94 54 12 0 101 240 833 40 27 71 51 0 0 0 1 1218 0 77 177 0 0 0 0 0
1585331122.380303 3 0 1167 2955 1887 1.486802 0.566959 0.031361 0.004909 0.590958 1.012564 0.000000 6.800000 9.400000 5.400000 1.200000 0 0 0 0 0 3.300000 2.700000 6.900000 5.200000 0 0 0 0 0.000000 7.700000 17.700000 0.000000 0 0 0 0 1194 0 115 0 18 8 119 14 129 1196 4 143 11 139 7 95 0 0 1215 21 76 8 31 1 3 0 115 128 3 4 2 1 0 151 0 0 577 0 68 94 54 12 0 101 240 833 33 27 69 52 0 0 0 1 1218 0 77 177 0 0 0 0 0
1585331122.390293 3 0 1167 2956 1886 1.486802 0.568323 0.031361 0.004909 0.590958 1.012564 0.000000 6.800000 9.400000 5.400000 1.200000 0 0 0 0 0 3.600000 3.000000 7.400000 4.800000 0 0 0 0 0.000000 7.700000 17.700000 0.000000 0 0 0 0 1194 0 115 0 18 8 119 14 129 1196 4 143 11 140 7 94 0 0 1215 21 76 8 36 1 3 0 115 128 3 4 2 1 0 151 0 0 577 0 68 94 54 12 0 101 240 833 36 30 74 48 0 0 0 1 1218 0 77 177 0 0 0 0 0
1585331122.400321 3 0 1167 2956 1886 1.486802 0.568323 0.031361 0.005727 0.592867 1.012018 0.000000 6.800000 9.400000 5.400000 1.200000 0 0 0 0 0 3.700000 2.700000 7.500000 4.700000 0 0 0 0 0.000000 7.700000 17.700000 0.000000 0 0 0 0 1194 0 115 0 21 8 126 14 127 1196 4 143 11 140 7 94 0 0 1215 21 76 8 36 1 3 0 115 128 3 4 2 1 0 151 0 0 577 0 68 94 54 12 0 101 240 833 37 27 75 47 0 0 0 1 1218 0 77 177 0 0 0 0 0
1585331122.410355 3 0 1167 2955 1886 1.486802 0.568323 0.031361 0.004909 0.590958 1.012564 0.000000 6.800000 9.400000 5.400000 1.200000 0 0 0 0 0 3.700000 2.700000 7.200000 4.900000 0 0 0 0 0.000000 7.700000 17.700000 0.000000 0 0 0 0 1194 0 115 0 18 8 119 14 129 1196 4 143 11 139 7 94 0 0 1215 21 76 8 36 1 3 0 115 128 3 4 2 1 0 151 0 0 577 0 68 94 54 12 0 101 240 833 37 27 72 49 0 0 0 1 1218 0 77 177 0 0 0 0 0
1585331122.420325 3 0 1167 2955 1886 1.486802 0.566959 0.031361 0.004909 0.590958 1.012564 0.000000 6.800000 9.400000 5.400000 1.200000 0 0 0 0 0 3.800000 2.700000 7.700000 5.300000 0 0 0 0 0.000000 7.700000 17.800000 0.000000 0 0 0 0 1194 0 115 0 18 8 119 14 129 1196 4 143 11 139 7 94 0 0 1215 21 76 8 31 1 3 0 115 128 3 4 2 1 0 151 0 0 577 0 68 94 54 12 0 101 240 833 38 27 77 53 0 0 0 1 1218 0 77 178 0 0 0 0 0
1585331122.430272 3 0 1168 2955 1886 1.486802 0.568323 0.031361 0.004909 0.590958 1.012018 0.000000 6.800000 9.400000 5.400000 1.200000 0 0 0 0 0 3.600000 2.500000 7.700000 5.400000 0 0 0 0 0.000000 7.700000 17.800000 0.000000 0 0 0 0 1194 0 115 0 18 8 119 14 127 1196 4 144 11 139 7 94 0 0 1215 21 76 8 36 1 3 0 115 128 3 4 2 1 0 151 0 0 577 0 68 94 54 12 0 101 240 833 36 25 77 54 0 0 0 1 1218 0 77 178 0 0 0 0 0
1585331122.440343 3 0 1168 2955 1886 1.486802 0.568323 0.031361 0.004091 0.589867 1.012564 0.000000 6.800000 9.400000 5.400000 1.200000 0 0 0 0 0 3.400000 2.900000 7.100000 4.900000 0 0 0 0 0.000000 7.700000 17.700000 0.000000 0 0 0 0 1194 0 115 0 15 8 115 14 129 1196 4 144 11 139 7 94 0 0 1215 21 76 8 36 1 3 0 115 128 3 4 2 1 0 151 0 0 577 0 68 94 54 12 0 101 240 833 34 29 71 49 0 0 0 1 1218 0 77 177 0 0 0 0 0
1585331122.450310 3 0 1168 2955 1887 1.486802 0.568323 0.031361 0.004909 0.590958 1.012018 0.000000 6.800000 9.400000 5.400000 1.200000 0 0 0 0 0 3.700000 2.700000 7.500000 4.500000 0 0 0 0 0.000000 7.700000 17.700000 0.000000 0 0 0 0 1194 0 115 0 18 8 119 14 127 1196 4 144 11 139 7 95 0 0 1215 21 76 8 36 1 3 0 115 128 3 4 2 1 0 151 0 0 577 0 68 94 54 12 0 101 240 833 37 27 75 45 0 0 0 1 1218 0 77 177 0 0 0 0 0
1585331122.460412 3 0 1168 2955 1887 1.486802 0.568323 0.031361 0.004909 0.590958 1.012018 0.000000 6.800000 9.400000 5.400000 1.200000 0 0 0 0 0 3.900000 2.400000 7.800000 4.900000 0 0 0 0 0.000000 7.700000 17.700000 0.000000 0 0 0 0 1194 0 115 0 18 8 119 14 127 1196 4 144 11 139 7 95 0 0 1215 21 76 8 36 1 3 0 115 128 3 4 2 1 0 151 0 0 577 0 68 94 54 12 0 101 240 833 39 24 78 49 0 0 0 1 1218 0 77 177 0 0 0 0 0
1585331122.470342 3 0 1167 2954 1887 1.486802 0.569686 0.031361 0.004909 0.590958 1.012018 0.000000 6.800000 9.400000 5.400000 1.200000 0 0 0 0 0 3.800000 2.400000 7.600000 4.900000 0 0 0 0 0.000000 7.700000 17.700000 0.000000 0 0 0 0 1194 0 115 0 18 8 119 14 127 1196 4 143 11 138 7 95 0 0 1215 21 76 8 41 1 3 0 115 128 3 4 2 1 0 151 0 1 577 0 68 94 54 12 0 101 240 833 38 24 76 49 0 0 0 1 1218 0 77 177 0 0 0 0 0
1585331122.480343 3 0 1167 2954 1887 1.486802 0.568323 0.031361 0.004909 0.590958 1.012564 0.000000 6.800000 9.400000 5.400000 1.200000 0 0 0 0 0 3.700000 2.700000 7.700000 5.000000 0 0 0 0 0.000000 7.700000 17.700000 0.000000 0 0 0 0 1194 0 115 0 18 8 119 14 129 1196 4 143 11 138 7 95 0 0 1215 21 76 8 36 1 3 0 115 128 3 4 2 1 0 151 0 0 577 0 68 94 54 12 0 101 240 833 37 27 77 50 0 0 0 1 1218 0 77 177 0 0 0 0 0
1585331122.490340 3 0 1168 2955 1886 1.486802 0.568323 0.031361 0.005727 0.590958 1.012564 0.000000 6.800000 9.400000 5.400000 1.200000 0 0 0 0 0 3.600000 2.800000 7.400000 5.300000 0 0 0 0 0.000000 7.700000 17.700000 0.000000 0 0 0 0 1194 0 115 0 21 8 119 14 129 1196 4 144 11 139 7 94 0 0 1215 21 76 8 36 1 3 0 115 128 3 4 2 1 0 151 0 0 577 0 68 94 54 12 0 101 240 833 36 28 74 53 0 0 0 1 1218 0 77 177 0 0 0 0 0
1585331122.500312 3 0 1168 2955 1886 1.486802 0.568323 0.031361 0.005727 0.590958 1.012018 0.000000 6.800000 9.400000 5.400000 1.200000 0 0 0 0 0 3.500000 2.500000 6.600000 4.900000 0 0 0 0 0.000000 7.700000 17.700000 0.000000 0 0 0 0 1194 0 115 0 21 8 119 14 127 1196 4 144 11 139 7 94 0 0 1215 21 76 8 36 1 3 0 115 128 3 4 2 1 0 151 0 0 577 0 68 94 54 12 0 101 240 833 35 25 66 49 0 0 0 1 1218 0 77 177 0 0 0 0 0
1585331122.510364 3 0 1167 2955 1886 1.486802 0.568323 0.031361 0.004909 0.590958 1.012018 0.000000 6.800000 9.400000 5.400000 1.200000 0 0 0 0 0 3.500000 2.700000 6.700000 5.000000 0 0 0 0 0.000000 7.700000 17.700000 0.000000 0 0 0 0 1194 0 115 0 18 8 119 14 127 1196 4 143 11 139 7 94 0 0 1215 21 76 8 36 1 3 0 115 128 3 4 2 1 0 151 0 0 577 0 68 94 54 12 0 101 240 833 35 27 67 50 0 0 0 1 1218 0 77 177 0 0 0 0 0
1585331122.520334 3 0 1167 2955 1886 1.486802 0.566959 0.031361 0.004091 0.590958 1.012564 0.000000 6.800000 9.400000 5.400000 1.200000 0 0 0 0 0 3.700000 2.500000 7.100000 4.600000 0 0 0 0 0.000000 7.700000 17.700000 0.000000 0 0 0 0 1194 0 115 0 15 8 119 14 129 1196 4 143 11 139 7 94 0 0 1215 21 76 8 31 1 3 0 115 128 3 4 2 1 0 151 0 0 577 0 68 94 54 12 0 101 240 833 37 25 71 46 0 0 0 1 1218 0 77 177 0 0 0 0 0
1585331122.530399 3 0 1167 2954 1887 1.486802 0.568323 0.031361 0.004909 0.590958 1.012564 0.000000 6.800000 9.400000 5.400000 1.200000 0 0 0 0 0 3.400000 2.600000 7.300000 4.500000 0 0 0 0 0.000000 7.700000 17.700000 0.000000 0 0 0 0 1194 0 115 0 18 8 119 14 129 1196 4 143 11 138 7 95 0 0 1215 21 76 8 36 1 3 0 115 128 3 4 2 1 0 151 0 0 577 0 68 94 54 12 0 101 240 833 34 26 73 45 0 0 0 1 1218 0 77 177 0 0 0 0 0
1585331122.540404 3 0 1167 2954 1887 1.486802 0.568323 0.031361 0.004909 0.590958 1.012564 0.000000 6.800000 9.400000 5.400000 1.200000 0 0 0 0 0 3.600000 2.500000 7.400000 4.800000 0 0 0 0 0.000000 7.700000 17.700000 0.000000 0 0 0 0 1194 0 115 0 18 8 119 14 129 1196 4 143 11 138 7 95 0 0 1215 21 76 8 36 1 3 0 115 128 3 4 2 1 0 151 0 0 577 0 68 94 54 12 0 101 240 833 36 25 74 48 0 0 0 1 1218 0 77 177 0 0 0 0 0
1585331122.550335 3 0 1167 2954 1887 1.486802 0.568323 0.031361 0.004909 0.590958 1.012564 0.000000 6.800000 9.400000 5.400000 1.200000 0 0 0 0 0 3.700000 2.600000 7.200000 5.000000 0 0 0 0 0.000000 7.700000 17.700000 0.000000 0 0 0 0 1194 0 115 0 18 8 119 14 129 1196 4 143 11 138 7 95 0 0 1215 21 76 8 36 1 3 0 115 128 3 4 2 1 0 151 0 0 577 0 68 94 54 12 0 101 240 833 37 26 72 50 0 0 0 1 1218 0 77 177 0 0 0 0 0
1585331122.560423 3 0 1167 2954 1887 1.486802 0.568323 0.031361 0.005727 0.590958 1.012018 0.000000 6.800000 9.400000 5.400000 1.200000 0 0 0 0 0 3.900000 2.500000 7.200000 5.100000 0 0 0 0 0.000000 7.700000 17.700000 0.000000 0 0 0 0 1194 0 115 0 21 8 119 14 127 1196 4 143 11 138 7 95 0 0 1215 21 76 8 36 1 3 0 115 128 3 4 2 1 0 151 0 0 577 0 68 94 54 12 0 101 240 833 39 25 72 51 0 0 0 1 1218 0 77 177 0 0 0 0 0
1585331122.570406 3 0 1167 2954 1887 1.486802 0.568323 0.031361 0.004909 0.591776 1.012018 0.000000 6.800000 9.400000 5.400000 1.200000 0 0 0 0 0 4.000000 2.800000 6.800000 4.900000 0 0 0 0 0.000000 7.700000 17.700000 0.000000 0 0 0 0 1194 0 115 0 18 8 122 14 127 1196 4 143 11 138 7 95 0 0 1215 21 76 8 36 1 3 0 115 128 3 4 2 1 0 151 0 1 577 0 68 94 54 12 0 101 240 833 40 28 68 49 0 0 0 1 1218 0 77 177 0 0 0 0 0
1585331122.580409 3 0 1167 2954 1887 1.486802 0.568323 0.031361 0.004909 0.590958 1.012564 0.000000 6.800000 9.400000 5.400000 1.200000 0 0 0 0 0 3.500000 2.800000 7.000000 4.900000 0 0 0 0 0.000000 7.700000 17.700000 0.000000 0 0 0 0 1194 0 115 0 18 8 119 14 129 1196 4 143 11 138 7 95 0 0 1215 21 76 8 36 1 3 0 115 128 3 4 2 1 0 151 0 0 577 0 68 94 54 12 0 101 240 833 35 28 70 49 0 0 0 1 1218 0 77 177 0 0 0 0 0
1585331122.590406 3 0 1167 2953 1887 1.486802 0.568323 0.031361 0.004909 0.590958 1.012018 0.000000 6.800000 9.400000 5.400000 1.200000 0 0 0 0 0 3.500000 2.500000 7.300000 4.900000 0 0 0 0 0.000000 7.700000 17.700000 0.000000 0 0 0 0 1194 0 115 0 18 8 119 14 127 1196 4 143 11 137 7 95 0 0 1215 21 76 8 36 1 3 0 115 128 3 4 2 1 0 151 0 0 577 0 68 94 54 12 0 101 240 833 35 25 73 49 0 0 0 1 1218 0 77 177 0 0 0 0 0
1585331122.600476 3 0 1167 2953 1887 1.486802 0.568323 0.031361 0.004909 0.590958 1.012564 0.000000 6.800000 9.400000 5.400000 1.200000 0 0 0 0 0 3.800000 3.000000 7.300000 4.500000 0 0 0 0 0.000000 7.700000 17.700000 0.000000 0 0 0 0 1194 0 115 0 18 8 119 14 129 1196 4 143 11 137 7 95 0 0 1215 21 76 8 36 1 3 0 115 128 3 4 2 1 0 151 0 0 577 0 68 94 54 12 0 101 240 833 38 30 73 45 0 0 0 1 1218 0 77 177 0 0 0 0 0
1585331122.610416 3 0 1168 2954 1888 1.486802 0.568323 0.031361 0.005727 0.591776 1.012564 0.000000 6.800000 9.400000 5.400000 1.200000 0 0 0 0 0 3.700000 2.800000 7.400000 4.700000 0 0 0 0 0.000000 7.700000 17.700000 0.000000 0 0 0 0 1194 0 115 0 21 8 122 14 129 1196 4 144 11 138 7 96 0 0 1215 21 76 8 36 1 3 0 115 128 3 4 2 1 0 151 0 0 577 0 68 94 54 12 0 101 240 833 37 28 74 47 0 0 0 1 1218 0 77 177 0 0 0 0 0
1585331122.620357 3 0 1168 2954 1888 1.484075 0.564232 0.031361 0.004909 0.589867 1.012564 0.000000 6.800000 9.400000 5.400000 1.200000 0 0 0 0 0 3.700000 2.500000 6.900000 5.100000 0 0 0 0 0.000000 7.700000 17.700000 0.000000 0 0 0 0 1194 0 115 0 18 8 115 14 129 1196 4 144 11 138 7 96 0 0 1215 21 66 8 21 1 3 0 115 128 3 4 2 1 0 151 0 0 577 0 68 94 54 12 0 101 240 833 37 25 69 51 0 0 0 1 1218 0 77 177 0 0 0 0 0
1585331122.630368 3 0 1168 2955 1886 1.485439 0.566959 0.031361 0.004909 0.590958 1.012564 0.000000 6.800000 9.400000 5.400000 1.200000 0 0 0 0 0 3.700000 2.700000 6.700000 5.200000 0 0 0 0 0.000000 7.700000 17.700000 0.000000 0 0 0 0 1194 0 115 0 18 8 119 14 129 1196 4 144 11 139 7 94 0 0 1215 21 71 8 31 1 3 0 115 128 3 4 2 1 0 151 0 0 577 0 68 94 54 12 0 101 240 833 37 27 67 52 0 0 0 1 1218 0 77 177 0 0 0 0 0
1585331122.640429 3 0 1168 2955 1886 1.486802 0.568323 0.031361 0.004909 0.590958 1.012564 0.000000 6.800000 9.400000 5.400000 1.200000 0 0 0 0 0 3.600000 2.900000 7.400000 4.800000 0 0 0 0 0.000000 7.700000 17.700000 0.000000 0 0 0 0 1194 0 115 0 18 8 119 14 129 1196 4 144 11 139 7 94 0 0 1215 21 76 8 36 1 3 0 115 128 3 4 2 1 0 151 0 0 577 0 68 94 54 12 0 101 240 833 36 29 74 48 0 0 0 1 1218 0 77 177 0 0 0 0 0
1585331122.650382 3 0 1167 2954 1886 1.486802 0.568323 0.031361 0.005727 0.590958 1.012564 0.000000 6.800000 9.400000 5.400000 1.200000 0 0 0 0 0 3.600000 2.800000 7.400000 4.400000 0 0 0 0 0.000000 7.700000 17.700000 0.000000 0 0 0 0 1194 0 115 0 21 8 119 14 129 1196 4 143 11 138 7 94 0 0 1215 21 76 8 36 1 3 0 115 128 3 4 2 1 0 151 0 0 577 0 68 94 54 12 0 101 240 833 36 28 74 44 0 0 0 1 1218 0 77 177 0 0 0 0 0
1585331122.660412 3 0 1167 2954 1886 1.486802 0.568323 0.031361 0.005727 0.590958 1.012564 0.000000 6.800000 9.400000 5.400000 1.200000 0 0 0 0 0 3.600000 2.200000 7.200000 4.500000 0 0 0 0 0.000000 7.700000 17.700000 0.000000 0 0 0 0 1194 0 115 0 21 8 119 14 129 1196 4 143 11 138 7 94 0 0 1215 21 76 8 36 1 3 0 115 128 3 4 2 1 0 151 0 0 577 0 68 94 54 12 0 101 240 833 36 22 72 45 0 0 0 1 1218 0 77 177 0 0 0 0 0
1585331122.670389 3 0 1168 2954 1886 1.486802 0.568323 0.031361 0.004909 0.591776 1.012018 0.000000 6.800000 9.400000 5.400000 1.200000 0 0 0 0 0 3.300000 2.500000 7.200000 5.100000 0 0 0 0 0.000000 7.700000 17.700000 0.000000 0 0 0 0 1194 0 115 0 18 8 122 14 127 1196 4 144 11 138 7 94 0 0 1215 21 76 8 36 1 3 0 115 128 3 4 2 1 0 151 0 1 577 0 68 94 54 12 0 101 240 833 33 25 72 51 0 0 0 1 1218 0 77 177 0 0 0 0 0
1585331122.680369 3 0 1168 2954 1886 1.486802 0.568323 0.031361 0.004909 0.591776 1.012564 0.000000 6.800000 9.400000 5.400000 1.200000 0 0 0 0 0 3.500000 2.500000 6.800000 5.100000 0 0 0 0 0.000000 7.700000 17.700000 0.000000 0 0 0 0 1194 0 115 0 18 8 122 14 129 1196 4 144 11 138 7 94 0 0 1215 21 76 8 36 1 3 0 115 128 3 4 2 1 0 151 0 0 577 0 68 94 54 12 0 101 240 833 35 25 68 51 0 0 0 1 1218 0 77 177 0 0 0 0 0
1585331122.690463 3 0 1167 2954 1886 1.485439 0.566959 0.031361 0.005727 0.590958 1.012018 0.000000 6.800000 9.400000 5.400000 1.200000 0 0 0 0 0 3.400000 2.700000 6.800000 5.100000 0 0 0 0 0.000000 7.700000 17.700000 0.000000 0 0 0 0 1194 0 115 0 21 8 119 14 127 1196 4 143 11 138 7 94 0 0 1215 21 71 8 31 1 3 0 115 128 3 4 2 1 0 151 0 0 577 0 68 94 54 12 0 101 240 833 34 27 68 51 0 0 0 1 1218 0 77 177 0 0 0 0 0
1585331122.700480 3 0 1167 2954 1886 1.486802 0.568323 0.031361 0.005727 0.590958 1.012564 0.000000 6.800000 9.400000 5.400000 1.200000 0 0 0 0 0 3.400000 2.600000 7.400000 5.100000 0 0 0 0 0.000000 7.700000 17.700000 0.000000 0 0 0 0 1194 0 115 0 21 8 119 14 129 1196 4 143 11 138 7 94 0 0 1215 21 76 8 36 1 3 0 115 128 3 4 2 1 0 151 0 0 577 0 68 94 54 12 0 101 240 833 34 26 74 51 0 0 0 1 1218 0 77 177 0 0 0 0 0
1585331122.710469 3 0 1167 2953 1886 1.486802 0.568323 0.031361 0.004909 0.590958 1.012018 0.000000 6.800000 9.400000 5.400000 1.200000 0 0 0 0 0 3.500000 2.400000 7.400000 4.600000 0 0 0 0 0.000000 7.700000 17.700000 0.000000 0 0 0 0 1194 0 115 0 18 8 119 14 127 1196 4 143 11 137 7 94 0 0 1215 21 76 8 36 1 2 0 115 128 3 4 2 1 0 151 0 0 577 0 68 94 54 12 0 101 240 833 35 24 74 46 0 0 0 1 1218 0 77 177 0 0 0 0 0
1585331122.720412 3 0 1167 2953 1886 1.486802 0.568323 0.031361 0.004909 0.590958 1.012564 0.000000 6.800000 9.400000 5.400000 1.200000 0 0 0 0 0 3.200000 2.800000 7.200000 4.900000 0 0 0 0 0.000000 7.700000 17.700000 0.000000 0 0 0 0 1194 0 115 0 18 8 119 14 129 1196 4 143 11 137 7 94 0 0 1215 21 76 8 36 1 2 0 115 128 3 4 2 1 0 151 0 0 577 0 68 94 54 12 0 101 240 833 32 28 72 49 0 0 0 1 1218 0 77 177 0 0 0 0 0
1585331122.730434 3 0 1167 2955 1886 1.486802 0.568323 0.031361 0.004909 0.590958 1.012564 0.000000 6.800000 9.400000 5.400000 1.200000 0 0 0 0 0 3.800000 2.600000 7.600000 5.000000 0 0 0 0 0.000000 7.700000 17.700000 0.000000 0 0 0 0 1194 0 115 0 18 8 119 14 129 1196 4 143 11 139 7 94 0 0 1215 21 76 8 36 1 3 0 115 128 3 4 2 1 0 151 0 0 577 0 68 94 54 12 0 101 240 833 38 26 76 50 0 0 0 1 1218 0 77 177 0 0 0 0 0
1585331122.740417 3 0 1167 2955 1886 1.486802 0.568323 0.031361 0.004909 0.590958 1.012564 0.000000 6.800000 9.400000 5.400000 1.200000 0 0 0 0 0 4.100000 2.700000 7.100000 5.000000 0 0 0 0 0.000000 7.700000 17.700000 0.000000 0 0 0 0 1194 0 115 0 18 8 119 14 129 1196 4 143 11 139 7 94 0 0 1215 21 76 8 36 1 3 0 115 128 3 4 2 1 0 151 0 0 577 0 68 94 54 12 0 101 240 833 41 27 71 50 0 0 0 1 1218 0 77 177 0 0 0 0 0
1585331122.750434 3 0 1167 2953 1886 1.486802 0.568323 0.031361 0.004909 0.590958 1.012564 0.000000 6.800000 9.400000 5.400000 1.200000 0 0 0 0 0 3.800000 2.500000 6.900000 4.900000 0 0 0 0 0.000000 7.700000 17.700000 0.000000 0 0 0 0 1194 0 115 0 18 8 119 14 129 1196 4 143 11 137 7 94 0 0 1215 21 76 8 36 1 2 0 115 128 3 4 2 1 0 151 0 0 577 0 68 94 54 12 0 101 240 833 38 25 69 49 0 0 0 1 1218 0 77 177 0 0 0 0 0
1585331122.760516 3 0 1167 2953 1886 1.486802 0.568323 0.031361 0.004091 0.590958 1.012018 0.000000 6.800000 9.400000 5.400000 1.200000 0 0 0 0 0 3.600000 2.400000 7.500000 4.500000 0 0 0 0 0.000000 7.700000 17.700000 0.000000 0 0 0 0 1194 0 115 0 15 8 119 14 127 1196 4 143 11 137 7 94 0 0 1215 21 76 8 36 1 2 0 115 128 3 4 2 1 0 151 0 0 577 0 68 94 54 12 0 101 240 833 36 24 75 45 0 0 0 1 1218 0 77 177 0 0 0 0 0
1585331122.770464 3 0 1168 2953 1886 1.486802 0.568323 0.031361 0.005727 0.590958 1.012564 0.000000 6.800000 9.400000 5.400000 1.200000 0 0 0 0 0 3.600000 2.600000 7.300000 4.900000 0 0 0 0 0.000000 7.700000 17.700000 0.000000 0 0 0 0 1194 0 115 0 21 8 119 14 129 1196 4 144 11 137 7 94 0 0 1215 21 76 8 36 1 2 0 115 128 3 4 2 1 0 151 0 1 577 0 68 94 54 12 0 101 240 833 36 26 73 49 0 0 0 1 1218 0 77 177 0 0 0 0 0
1585331122.780428 3 0 1168 2953 1886 1.486802 0.568323 0.031361 0.005727 0.590958 1.012564 0.000000 6.800000 9.400000 5.400000 1.200000 0 0 0 0 0 4.000000 2.600000 6.900000 4.900000 0 0 0 0 0.000000 7.700000 17.700000 0.000000 0 0 0 0 1194 0 115 0 21 8 119 14 129 1196 4 144 11 137 7 94 0 0 1215 21 76 8 36 1 2 0 115 128 3 4 2 1 0 151 0 0 577 0 68 94 54 12 0 101 240 833 40 26 69 49 0 0 0 1 1218 0 77 177 0 0 0 0 0
1585331122.790418 3 0 1167 2953 1886 1.486802 0.568323 0.031361 0.004909 0.590958 1.012564 0.000000 6.800000 9.400000 5.400000 1.200000 0 0 0 0 0 3.900000 2.800000 7.000000 4.800000 0 0 0 0 0.000000 7.700000 17.700000 0.000000 0 0 0 0 1194 0 115 0 18 8 119 14 129 1196 4 143 11 137 7 94 0 0 1215 21 76 8 36 1 2 0 115 128 3 4 2 1 0 151 0 0 577 0 68 94 54 12 0 101 240 833 39 28 70 48 0 0 0 1 1218 0 77 177 0 0 0 0 0
1585331122.800469 3 0 1167 2953 1886 1.486802 0.568323 0.031361 0.005727 0.590958 1.012564 0.000000 6.800000 9.400000 5.400000 1.200000 0 0 0 0 0 3.700000 2.800000 6.700000 4.900000 0 0 0 0 0.000000 7.700000 17.700000 0.000000 0 0 0 0 1194 0 115 0 21 8 119 14 129 1196 4 143 11 137 7 94 0 0 1215 21 76 8 36 1 2 0 115 128 3 4 2 1 0 151 0 0 577 0 68 94 54 12 0 101 240 833 37 28 67 49 0 0 0 1 1218 0 77 177 0 0 0 0 0
1585331122.810454 3 0 1167 2953 1887 1.486802 0.568323 0.031361 0.004909 0.590958 1.012018 0.000000 6.800000 9.400000 5.400000 1.200000 0 0 0 0 0 3.600000 2.700000 7.200000 4.700000 0 0 0 0 0.000000 7.700000 17.700000 0.000000 0 0 0 0 1194 0 115 0 18 8 119 14 127 1196 4 143 11 137 7 95 0 0 1215 21 76 8 36 1 3 0 115 128 3 4 2 1 0 151 0 0 577 0 68 94 54 12 0 101 240 833 36 27 72 47 0 0 0 1 1218 0 77 177 0 0 0 0 0
1585331122.820541 3 0 1167 2953 1887 1.486802 0.568323 0.031361 0.004909 0.591776 1.012564 0.000000 6.800000 9.400000 5.400000 1.200000 0 0 0 0 0 3.600000 2.700000 7.600000 5.100000 0 0 0 0 0.000000 7.700000 17.700000 0.000000 0 0 0 0 1194 0 115 0 18 8 122 14 129 1196 4 143 11 137 7 95 0 0 1215 21 76 8 36 1 2 0 115 128 3 4 2 1 0 151 0 0 577 0 68 94 54 12 0 101 240 833 36 27 76 51 0 0 0 1 1218 0 77 177 0 0 0 0 0
1585331122.830486 3 0 1168 2953 1886 1.486802 0.566959 0.031361 0.004909 0.590958 1.012564 0.000000 6.800000 9.400000 5.400000 1.200000 0 0 0 0 0 3.600000 2.700000 7.000000 5.200000 0 0 0 0 0.000000 7.700000 17.700000 0.000000 0 0 0 0 1194 0 115 0 18 8 119 14 129 1196 4 144 11 137 7 94 0 0 1215 21 76 8 31 1 3 0 115 128 3 4 2 1 0 151 0 0 577 0 68 94 54 12 0 101 240 833 36 27 70 52 0 0 0 1 1218 0 77 177 0 0 0 0 0
1585331122.840499 3 0 1168 2953 1886 1.486802 0.568323 0.031361 0.005727 0.590958 1.012018 0.000000 6.800000 9.400000 5.400000 1.200000 0 0 0 0 0 3.400000 2.900000 7.300000 4.800000 0 0 0 0 0.000000 7.700000 17.700000 0.000000 0 0 0 0 1194 0 115 0 21 8 119 14 127 1196 4 144 11 137 7 94 0 0 1215 21 76 8 36 1 2 0 115 128 3 4 2 1 0 151 0 0 577 0 68 94 54 12 0 101 240 833 34 29 73 48 0 0 0 1 1218 0 77 177 0 0 0 0 0
1585331122.850480 3 0 1167 2954 1886 1.486802 0.568323 0.031361 0.004091 0.590958 1.012564 0.000000 6.800000 9.400000 5.400000 1.200000 0 0 0 0 0 3.800000 3.000000 7.300000 5.000000 0 0 0 0 0.000000 7.700000 17.700000 0.000000 0 0 0 0 1194 0 115 0 15 8 119 14 129 1196 4 143 11 138 7 94 0 0 1215 21 76 8 36 1 2 0 115 128 3 4 2 1 0 151 0 0 577 0 68 94 54 12 0 101 240 833 38 30 73 50 0 0 0 1 1218 0 77 177 0 0 0 0 0
1585331122.860556 3 0 1167 2954 1886 1.486802 0.568323 0.031361 0.004909 0.590958 1.012564 0.000000 6.800000 9.400000 5.400000 1.200000 0 0 0 0 0 3.700000 2.500000 6.800000 4.800000 0 0 0 0 0.000000 7.700000 17.700000 0.000000 0 0 0 0 1194 0 115 0 18 8 119 14 129 1196 4 143 11 138 7 94 0 0 1215 21 76 8 36 1 3 0 115 128 3 4 2 1 0 151 0 0 577 0 68 94 54 12 0 101 240 833 37 25 68 48 0 0 0 1 1218 0 77 177 0 0 0 0 0
1585331122.870448 3 0 1168 2953 1887 1.486802 0.568323 0.031361 0.005727 0.590958 1.012018 0.000000 6.800000 9.400000 5.400000 1.200000 0 0 0 0 0 3.400000 2.500000 6.900000 4.700000 0 0 0 0 0.000000 7.700000 17.700000 0.000000 0 0 0 0 1194 0 115 0 21 8 119 14 127 1196 4 144 11 137 7 95 0 0 1215 21 76 8 36 1 2 0 115 128 3 4 2 1 0 151 0 1 577 0 68 94 54 12 0 101 240 833 34 25 69 47 0 0 0 1 1218 0 77 177 0 0 0 0 0
1585331122.880485 3 0 1168 2953 1887 1.486802 0.568323 0.031361 0.004909 0.590958 1.012018 0.000000 6.800000 9.400000 5.400000 1.200000 0 0 0 0 0 3.600000 2.700000 6.600000 4.800000 0 0 0 0 0.000000 7.700000 17.700000 0.000000 0 0 0 0 1194 0 115 0 18 8 119 14 127 1196 4 144 11 137 7 95 0 0 1215 21 76 8 36 1 2 0 115 128 3 4 2 1 0 151 0 0 577 0 68 94 54 12 0 101 240 833 36 27 66 48 0 0 0 1 1218 0 77 177 0 0 0 0 0
1585331122.890475 3 0 1168 2952 1886 1.486802 0.568323 0.031361 0.004909 0.590958 1.012564 0.000000 6.800000 9.400000 5.400000 1.200000 0 0 0 0 0 3.700000 2.600000 7.300000 5.100000 0 0 0 0 0.000000 7.700000 17.700000 0.000000 0 0 0 0 1194 0 115 0 18 8 119 14 129 1196 4 144 11 136 7 94 0 0 1215 21 76 8 36 1 2 0 115 128 3 4 2 1 0 151 0 0 577 0 68 94 54 12 0 101 240 833 37 26 73 51 0 0 0 1 1218 0 77 177 0 0 0 0 0
1585331122.900492 3 0 1168 2952 1886 1.486802 0.568323 0.031361 0.004909 0.591776 1.012564 0.000000 6.800000 9.400000 5.400000 1.200000 0 0 0 0 0 3.700000 2.300000 7.600000 5.200000 0 0 0 0 0.000000 7.700000 17.700000 0.000000 0 0 0 0 1194 0 115 0 18 8 122 14 129 1196 4 144 11 136 7 94 0 0 1215 21 76 8 36 1 2 0 115 128 3 4 2 1 0 151 0 0 577 0 68 94 54 12 0 101 240 833 37 23 76 52 0 0 0 1 1218 0 77 177 0 0 0 0 0
1585331122.910526 3 0 1168 2952 1887 1.486802 0.568323 0.031361 0.005727 0.590958 1.012018 0.000000 6.800000 9.400000 5.400000 1.200000 0 0 0 0 0 3.300000 2.500000 7.000000 4.800000 0 0 0 0 0.000000 7.700000 17.700000 0.000000 0 0 0 0 1194 0 115 0 21 8 119 14 127 1196 4 144 11 136 7 95 0 0 1215 21 76 8 36 1 2 0 115 128 3 4 2 1 0 151 0 0 577 0 68 94 54 12 0 101 240 833 33 25 70 48 0 0 0 1 1218 0 77 177 0 0 0 0 0
1585331122.920503 3 0 1168 2952 1887 1.485439 0.571050 0.031361 0.004909 0.591776 1.012564 0.000000 6.800000 9.400000 5.400000 1.200000 0 0 0 0 0 3.400000 3.000000 7.300000 4.800000 0 0 0 0 0.000000 7.700000 17.700000 0.000000 0 0 0 0 1194 0 115 0 18 8 122 14 129 1196 4 144 11 136 7 95 0 0 1215 21 71 8 46 1 2 0 115 128 3 4 2 1 0 151 0 0 577 0 68 94 54 12 0 101 240 833 34 30 73 48 0 0 0 1 1218 0 77 177 0 0 0 0 0
1585331122.930492 3 0 1168 2952 1886 1.486802 0.568323 0.031361 0.004091 0.590958 1.012018 0.000000 6.800000 9.400000 5.400000 1.200000 0 0 0 0 0 3.900000 3.000000 7.400000 4.800000 0 0 0 0 0.000000 7.700000 17.700000 0.000000 0 0 0 0 1194 0 115 0 15 8 119 14 127 1196 4 144 11 136 7 94 0 0 1215 21 76 8 36 1 2 0 115 128 3 4 2 1 0 151 0 0 577 0 68 94 54 12 0 101 240 833 39 30 74 48 0 0 0 1 1218 0 77 177 0 0 0 0 0
1585331122.940528 3 0 1168 2952 1886 1.486802 0.568323 0.031361 0.005727 0.590958 1.012564 0.000000 6.800000 9.400000 5.400000 1.200000 0 0 0 0 0 3.600000 2.400000 7.400000 5.200000 0 0 0 0 0.000000 7.700000 17.700000 0.000000 0 0 0 0 1194 0 115 0 21 8 119 14 129 1196 4 144 11 136 7 94 0 0 1215 21 76 8 36 1 2 0 115 128 3 4 2 1 0 151 0 0 577 0 68 94 54 12 0 101 240 833 36 24 74 52 0 0 0 1 1218 0 77 177 0 0 0 0 0
1585331122.950578 3 0 1167 2953 1886 1.486802 0.568323 0.031361 0.004909 0.590958 1.012018 0.000000 6.800000 9.400000 5.400000 1.200000 0 0 0 0 0 3.500000 2.100000 7.500000 5.300000 0 0 0 0 0.000000 7.600000 17.700000 0.000000 0 0 0 0 1194 0 115 0 18 8 119 14 127 1196 4 143 11 137 7 94 0 0 1215 21 76 8 36 1 2 0 115 128 3 4 2 1 0 151 0 0 577 0 68 94 54 12 0 101 240 833 35 21 75 53 0 0 0 1 1218 0 76 177 0 0 0 0 0
1585331122.960543 3 0 1167 2953 1886 1.486802 0.568323 0.031361 0.004909 0.590958 1.012564 0.000000 6.800000 9.400000 5.400000 1.200000 0 0 0 0 0 3.700000 2.700000 7.700000 5.100000 0 0 0 0 0.000000 7.700000 17.700000 0.000000 0 0 0 0 1194 0 115 0 18 8 119 14 129 1196 4 143 11 137 7 94 0 0 1215 21 76 8 36 1 2 0 115 128 3 4 2 1 0 151 0 0 577 0 68 94 54 12 0 101 240 833 37 27 77 51 0 0 0 1 1218 0 77 177 0 0 0 0 0
1585331122.970512 3 0 1168 2953 1886 1.486802 0.568323 0.031361 0.005727 0.590958 1.012564 0.000000 6.800000 9.400000 5.400000 1.200000 0 0 0 0 0 3.500000 2.600000 7.600000 4.500000 0 0 0 0 0.000000 7.700000 17.700000 0.000000 0 0 0 0 1194 0 115 0 21 8 119 14 129 1196 4 144 11 137 7 94 0 0 1215 21 76 8 36 1 2 0 115 128 3 4 2 1 0 151 0 1 577 0 68 94 54 12 0 101 240 833 35 26 76 45 0 0 0 1 1218 0 77 177 0 0 0 0 0
1585331122.980478 3 0 1168 2953 1886 1.486802 0.568323 0.031361 0.004909 0.590958 1.012018 0.000000 6.800000 9.400000 5.400000 1.200000 0 0 0 0 0 3.400000 2.300000 7.100000 4.900000 0 0 0 0 0.000000 7.700000 17.700000 0.000000 0 0 0 0 1194 0 115 0 18 8 119 14 127 1196 4 144 11 137 7 94 0 0 1215 21 76 8 36 1 2 0 115 128 3 4 2 1 0 151 0 0 577 0 68 94 54 12 0 101 240 833 34 23 71 49 0 0 0 1 1218 0 77 177 0 0 0 0 0
1585331122.990477 3 0 1166 2952 1887 1.486802 0.568323 0.031361 0.005727 0.590958 1.012018 0.000000 6.800000 9.400000 5.400000 1.200000 0 0 0 0 0 3.400000 2.500000 7.000000 4.900000 0 0 0 0 0.000000 7.700000 17.600000 0.000000 0 0 0 0 1194 0 115 0 21 8 119 14 127 1196 4 142 11 136 7 95 0 0 1215 21 76 8 36 1 2 0 115 128 3 4 2 1 0 151 0 0 577 0 68 94 54 12 0 101 240 833 34 25 70 49 0 0 0 1 1218 0 77 176 0 0 0 0 0
1585331123.000516 3 0 1166 2952 1887 1.486802 0.568323 0.031361 0.005727 0.590958 1.012564 0.000000 6.800000 9.400000 5.400000 1.200000 0 0 0 0 0 3.800000 2.700000 6.800000 4.800000 0 0 0 0 0.000000 7.700000 17.700000 0.000000 0 0 0 0 1194 0 115 0 21 8 119 14 129 1196 4 142 11 136 7 95 0 0 1215 21 76 8 36 1 2 0 115 128 3 4 2 1 0 151 0 0 577 0 68 94 54 12 0 101 240 833 38 27 68 48 0 0 0 1 1218 0 77 177 0 0 0 0 0
1585331123.010549 3 0 1168 2952 1886 1.486802 0.568323 0.031361 0.004909 0.590958 1.012564 0.000000 6.800000 9.400000 5.400000 1.200000 0 0 0 0 0 3.600000 2.800000 6.700000 5.400000 0 0 0 0 0.000000 7.700000 17.700000 0.000000 0 0 0 0 1194 0 115 0 18 8 119 14 129 1196 4 144 11 136 7 94 0 0 1215 21 76 8 36 1 2 0 115 128 3 4 2 1 0 151 0 0 577 0 68 94 54 12 0 101 240 833 36 28 67 54 0 0 0 1 1218 0 77 177 0 0 0 0 0
1585331123.020537 3 0 1168 2952 1886 1.486802 0.569686 0.031361 0.004909 0.590958 1.012018 0.000000 6.800000 9.400000 5.400000 1.200000 0 0 0 0 0 3.300000 2.700000 7.300000 5.300000 0 0 0 0 0.000000 7.700000 17.700000 0.000000 0 0 0 0 1194 0 115 0 18 8 119 14 127 1196 4 144 11 136 7 94 0 0 1215 21 76 8 41 1 2 0 115 128 3 4 2 1 0 151 0 0 577 0 68 94 54 12 0 101 240 833 33 27 73 53 0 0 0 1 1218 0 77 177 0 0 0 0 0
1585331123.030526 3 0 1168 2952 1886 1.486802 0.568323 0.031361 0.004909 0.590958 1.012564 0.000000 6.800000 9.400000 5.400000 1.200000 0 0 0 0 0 3.600000 2.800000 7.500000 5.200000 0 0 0 0 0.000000 7.700000 17.700000 0.000000 0 0 0 0 1194 0 115 0 18 8 119 14 129 1196 4 144 11 136 7 94 0 0 1215 21 76 8 36 1 2 0 115 128 3 4 2 1 0 151 0 0 577 0 68 94 54 12 0 101 240 833 36 28 75 52 0 0 0 1 1218 0 77 177 0 0 0 0 0
1585331123.040577 3 0 1168 2952 1886 1.486802 0.568323 0.031361 0.004909 0.590958 1.012564 0.000000 6.800000 9.400000 5.400000 1.200000 0 0 0 0 0 3.700000 3.000000 7.000000 5.000000 0 0 0 0 0.000000 7.700000 17.700000 0.000000 0 0 0 0 1194 0 115 0 18 8 119 14 129 1196 4 144 11 136 7 94 0 0 1215 21 76 8 36 1 2 0 115 128 3 4 2 1 0 151 0 0 577 0 68 94 54 12 0 101 240 833 37 30 70 50 0 0 0 1 1218 0 77 177 0 0 0 0 0
1585331123.050649 3 0 1168 2952 1886 1.486802 0.568323 0.031361 0.004909 0.590958 1.012564 0.000000 6.800000 9.400000 5.400000 1.200000 0 0 0 0 0 3.400000 2.500000 7.400000 5.100000 0 0 0 0 0.000000 7.700000 17.700000 0.000000 0 0 0 0 1194 0 115 0 18 8 119 14 129 1196 4 144 11 136 7 94 0 0 1215 21 76 8 36 1 2 0 115 128 3 4 2 1 0 151 0 0 577 0 68 94 54 12 0 101 240 833 34 25 74 51 0 0 0 1 1218 0 77 177 0 0 0 0 0
1585331123.060569 3 0 1168 2952 1886 1.486802 0.569686 0.031361 0.004909 0.590958 1.012564 0.000000 6.800000 9.400000 5.400000 1.200000 0 0 0 0 0 3.400000 2.300000 7.800000 4.600000 0 0 0 0 0.000000 7.700000 17.700000 0.000000 0 0 0 0 1194 0 115 0 18 8 119 14 129 1196 4 144 11 136 7 94 0 0 1215 21 76 8 41 1 2 0 115 128 3 4 2 1 0 151 0 0 577 0 68 94 54 12 0 101 240 833 34 23 78 46 0 0 0 1 1218 0 77 177 0 0 0 0 0
1585331123.070523 3 0 1168 2952 1887 1.486802 0.568323 0.031361 0.005727 0.590958 1.012564 0.000000 6.800000 9.400000 5.400000 1.200000 0 0 0 0 0 3.800000 2.200000 6.900000 4.600000 0 0 0 0 0.000000 7.700000 17.700000 0.000000 0 0 0 0 1194 0 115 0 21 8 119 14 129 1196 4 144 11 136 7 95 0 0 1215 21 76 8 36 1 2 0 115 128 3 4 2 1 0 151 0 1 577 0 68 94 54 12 0 101 240 833 38 22 69 46 0 0 0 1 1218 0 77 177 0 0 0 0 0
1585331123.080521 3 0 1168 2952 1887 1.486802 0.568323 0.031361 0.004909 0.590958 1.012564 0.000000 6.800000 9.400000 5.400000 1.200000 0 0 0 0 0 3.600000 2.000000 6.800000 4.900000 0 0 0 0 0.000000 7.700000 17.700000 0.000000 0 0 0 0 1194 0 115 0 18 8 119 14 129 1196 4 144 11 136 7 95 0 0 1215 21 76 8 36 1 2 0 115 128 3 4 2 1 0 151 0 0 577 0 68 94 54 12 0 101 240 833 36 20 68 49 0 0 0 1 1218 0 77 177 0 0 0 0 0
1585331123.090536 3 0 1168 2951 1886 1.488166 0.569686 0.031361 0.004909 0.590958 1.012564 0.000000 6.800000 9.400000 5.400000 1.200000 0 0 0 0 0 3.600000 2.500000 7.100000 4.500000 0 0 0 0 0.000000 7.700000 17.700000 0.000000 0 0 0 0 1194 0 115 0 18 8 119 14 129 1196 4 144 11 135 7 94 0 0 1215 21 81 8 41 1 2 0 115 128 3 4 2 1 0 151 0 0 577 0 68 94 54 12 0 101 240 833 36 25 71 45 0 0 0 1 1218 0 77 177 0 0 0 0 0
1585331123.100560 3 0 1168 2951 1886 1.486802 0.568323 0.031361 0.004909 0.590958 1.012564 0.000000 6.800000 9.400000 5.400000 1.200000 0 0 0 0 0 3.400000 2.700000 6.900000 4.900000 0 0 0 0 0.000000 7.700000 17.700000 0.000000 0 0 0 0 1194 0 115 0 18 8 119 14 129 1196 4 144 11 135 7 94 0 0 1215 21 76 8 36 1 2 0 115 128 3 4 2 1 0 151 0 0 577 0 68 94 54 12 0 101 240 833 34 27 69 49 0 0 0 1 1218 0 77 177 0 0 0 0 0
1585331123.110534 3 0 1168 2952 1886 1.486802 0.568323 0.031361 0.005727 0.590958 1.012564 0.000000 6.800000 9.400000 5.400000 1.200000 0 0 0 0 0 3.400000 2.400000 7.400000 5.000000 0 0 0 0 0.000000 7.700000 17.700000 0.000000 0 0 0 0 1194 0 115 0 21 8 119 14 129 1196 4 144 11 136 7 94 0 0 1215 21 76 8 36 1 2 0 115 128 3 4 2 1 0 151 0 0 577 0 68 94 54 12 0 101 240 833 34 24 74 50 0 0 0 1 1218 0 77 177 0 0 0 0 0
1585331123.120562 3 0 1168 2952 1886 1.486802 0.568323 0.031361 0.004909 0.590958 1.012564 0.000000 6.800000 9.400000 5.400000 1.200000 0 0 0 0 0 3.600000 2.300000 7.600000 4.600000 0 0 0 0 0.000000 7.700000 17.600000 0.000000 0 0 0 0 1194 0 115 0 18 8 119 14 129 1196 4 144 11 136 7 94 0 0 1215 21 76 8 36 1 2 0 115 128 3 4 2 1 0 151 0 0 577 0 68 94 54 12 0 101 240 833 36 23 76 46 0 0 0 1 1218 0 77 176 0 0 0 0 0
1585331123.130527 3 0 1168 2952 1887 1.486802 0.568323 0.031361 0.004909 0.590958 1.012564 0.000000 6.800000 9.400000 5.400000 1.200000 0 0 0 0 0 3.300000 2.600000 6.800000 4.900000 0 0 0 0 0.000000 7.700000 17.700000 0.000000 0 0 0 0 1194 0 115 0 18 8 119 14 129 1196 4 144 11 136 7 95 0 0 1215 21 76 8 36 1 2 0 115 128 3 4 2 1 0 151 0 0 577 0 68 94 54 12 0 101 240 833 33 26 68 49 0 0 0 1 1218 0 77 177 0 0 0 0 0
1585331123.140573 3 0 1168 2952 1887 1.486802 0.568323 0.031361 0.004909 0.591776 1.012564 0.000000 6.800000 9.400000 5.400000 1.200000 0 0 0 0 0 3.600000 2.700000 6.600000 4.700000 0 0 0 0 0.000000 7.700000 17.700000 0.000000 0 0 0 0 1194 0 115 0 18 8 122 14 129 1196 4 144 11 136 7 95 0 0 1215 21 76 8 36 1 2 0 115 128 3 4 2 1 0 151 0 0 577 0 68 94 54 12 0 101 240 833 36 27 66 47 0 0 0 1 1218 0 77 177 0 0 0 0 0
1585331123.150566 3 0 1168 2951 1886 1.486802 0.568323 0.031361 0.004909 0.590958 1.012564 0.000000 6.800000 9.400000 5.400000 1.200000 0 0 0 0 0 4.100000 2.700000 6.700000 5.000000 0 0 0 0 0.000000 7.700000 17.700000 0.000000 0 0 0 0 1194 0 115 0 18 8 119 14 129 1196 4 144 11 135 7 94 0 0 1215 21 76 8 36 1 2 0 115 128 3 4 2 1 0 151 0 0 577 0 68 94 54 12 0 101 240 833 41 27 67 50 0 0 0 1 1218 0 77 177 0 0 0 0 0
1585331123.160626 3 0 1168 2951 1886 1.486802 0.568323 0.031361 0.005727 0.591776 1.012564 0.000000 6.800000 9.400000 5.400000 1.200000 0 0 0 0 0 3.900000 2.700000 7.000000 5.100000 0 0 0 0 0.000000 7.700000 17.700000 0.000000 0 0 0 0 1194 0 115 0 21 8 122 14 129 1196 4 144 11 135 7 94 0 0 1215 21 76 8 36 1 2 0 115 128 3 4 2 1 0 151 0 0 577 0 68 94 54 12 0 101 240 833 39 27 70 51 0 0 0 1 1218 0 77 177 0 0 0 0 0
1585331123.170535 3 0 1168 2951 1886 1.486802 0.568323 0.031361 0.004909 0.590958 1.012564 0.000000 6.800000 9.400000 5.400000 1.200000 0 0 0 0 0 3.400000 2.700000 7.000000 4.700000 0 0 0 0 0.000000 7.700000 17.600000 0.000000 0 0 0 0 1194 0 115 0 18 8 119 14 129 1196 4 144 11 135 7 94 0 0 1215 21 76 8 36 1 2 0 115 128 3 4 2 1 0 151 0 1 577 0 68 94 54 12 0 101 240 833 34 27 70 47 0 0 0 1 1218 0 77 176 0 0 0 0 0
1585331123.180572 3 0 1168 2951 1886 1.486802 0.568323 0.031361 0.004909 0.590958 1.012018 0.000000 6.800000 9.400000 5.400000 1.200000 0 0 0 0 0 3.500000 2.600000 7.000000 4.800000 0 0 0 0 0.000000 7.700000 17.600000 0.000000 0 0 0 0 1194 0 115 0 18 8 119 14 127 1196 4 144 11 135 7 94 0 0 1215 21 76 8 36 1 2 0 115 128 3 4 2 1 0 151 0 0 577 0 68 94 54 12 0 101 240 833 35 26 70 48 0 0 0 1 1218 0 77 176 0 0 0 0 0
1585331123.190526 3 0 1168 2952 1886 1.486802 0.568323 0.031361 0.004909 0.591776 1.012564 0.000000 6.800000 9.400000 5.400000 1.200000 0 0 0 0 0 3.600000 2.500000 7.200000 5.100000 0 0 0 0 0.000000 7.700000 17.600000 0.000000 0 0 0 0 1194 0 115 0 18 8 122 14 129 1196 4 144 11 136 7 94 0 0 1215 21 76 8 36 1 2 0 115 128 3 4 2 1 0 151 0 0 577 0 68 94 54 12 0 101 240 833 36 25 72 51 0 0 0 1 1218 0 77 176 0 0 0 0 0
1585331123.200612 3 0 1168 2952 1886 1.486802 0.568323 0.031361 0.005727 0.590958 1.012564 0.000000 6.800000 9.400000 5.400000 1.200000 0 0 0 0 0 3.400000 2.600000 6.900000 4.700000 0 0 0 0 0.000000 7.700000 17.600000 0.000000 0 0 0 0 1194 0 115 0 21 8 119 14 129 1196 4 144 11 136 7 94 0 0 1215 21 76 8 36 1 2 0 115 128 3 4 2 1 0 151 0 0 577 0 68 94 54 12 0 101 240 833 34 26 69 47 0 0 0 1 1218 0 77 176 0 0 0 0 0
1585331123.210666 3 0 1168 2951 1887 1.486802 0.568323 0.031361 0.005727 0.590958 1.013382 0.000000 6.800000 9.400000 5.400000 1.200000 0 0 0 0 0 3.700000 3.000000 7.100000 4.500000 0 0 0 0 0.000000 7.700000 17.600000 0.000000 0 0 0 0 1194 0 115 0 21 8 119 14 132 1196 4 144 11 135 7 95 0 0 1215 21 76 8 36 1 2 0 115 128 3 4 2 1 0 151 0 0 577 0 68 94 54 12 0 101 240 833 37 30 71 45 0 0 0 1 1218 0 77 176 0 0 0 0 0
1585331123.220510 3 0 1168 2951 1887 1.486802 0.568323 0.031361 0.004909 0.590958 1.012564 0.000000 6.800000 9.400000 5.400000 1.200000 0 0 0 0 0 3.700000 2.800000 7.000000 4.900000 0 0 0 0 0.000000 7.700000 17.700000 0.000000 0 0 0 0 1194 0 115 0 18 8 119 14 129 1196 4 144 11 135 7 95 0 0 1215 21 76 8 36 1 2 0 115 128 3 4 2 1 0 151 0 0 577 0 68 94 54 12 0 101 240 833 37 28 70 49 0 0 0 1 1218 0 77 177 0 0 0 0 0
1585331123.230565 3 0 1168 2951 1886 1.486802 0.568323 0.031361 0.004909 0.591776 1.012564 0.000000 6.800000 9.400000 5.400000 1.200000 0 0 0 0 0 3.600000 2.600000 6.900000 4.700000 0 0 0 0 0.000000 7.700000 17.700000 0.000000 0 0 0 0 1194 0 115 0 18 8 122 14 129 1196 4 144 11 135 7 94 0 0 1215 21 76 8 36 1 2 0 115 128 3 4 2 1 0 151 0 0 577 0 68 94 54 12 0 101 240 833 36 26 69 47 0 0 0 1 1218 0 77 177 0 0 0 0 0
1585331123.240576 3 0 1168 2951 1886 1.486802 0.562869 0.031361 0.004909 0.590958 1.012564 0.000000 6.800000 9.400000 5.400000 1.200000 0 0 0 0 0 3.700000 2.900000 6.900000 5.100000 0 0 0 0 0.000000 7.700000 17.600000 0.000000 0 0 0 0 1194 0 115 0 18 8 119 14 129 1196 4 144 11 135 7 94 0 0 1215 21 76 8 16 1 2 0 115 128 3 4 2 1 0 151 0 0 577 0 68 94 54 12 0 101 240 833 37 29 69 51 0 0 0 1 1218 0 77 176 0 0 0 0 0
1585331123.250566 3 0 1168 2951 1886 1.489529 0.571050 0.031361 0.004909 0.590958 1.012564 0.000000 6.800000 9.400000 5.400000 1.200000 0 0 0 0 0 3.500000 2.800000 6.900000 5.400000 0 0 0 0 0.000000 7.700000 17.700000 0.000000 0 0 0 0 1194 0 115 0 18 8 119 14 129 1196 4 144 11 135 7 94 0 0 1215 21 86 8 46 1 2 0 115 128 3 4 2 1 0 151 0 0 577 0 68 94 54 12 0 101 240 833 35 28 69 54 0 0 0 1 1218 0 77 177 0 0 0 0 0
1585331123.260570 3 0 1168 2951 1886 1.486802 0.568323 0.031361 0.004909 0.590958 1.012018 0.000000 6.800000 9.400000 5.400000 1.200000 0 0 0 0 0 3.600000 2.600000 7.300000 4.700000 0 0 0 0 0.000000 7.700000 17.600000 0.000000 0 0 0 0 1194 0 115 0 18 8 119 14 127 1196 4 144 11 135 7 94 0 0 1215 21 76 8 36 1 2 0 115 128 3 4 2 1 0 151 0 0 577 0 68 94 54 12 0 101 240 833 36 26 73 47 0 0 0 1 1218 0 77 176 0 0 0 0 0
1585331123.270637 3 0 1168 2951 1887 1.486802 0.568323 0.031361 0.004909 0.591776 1.012564 0.000000 6.800000 9.400000 5.400000 1.200000 0 0 0 0 0 3.900000 2.800000 7.100000 4.700000 0 0 0 0 0.000000 7.700000 17.600000 0.000000 0 0 0 0 1194 0 115 0 18 8 122 14 129 1196 4 144 11 135 7 95 0 0 1215 21 76 8 36 1 2 0 115 128 3 4 2 1 0 151 0 1 577 0 68 94 54 12 0 101 240 833 39 28 71 47 0 0 0 1 1218 0 77 176 0 0 0 0 0
1585331123.280570 3 0 1168 2951 1887 1.488166 0.569686 0.031361 0.004909 0.590958 1.012564 0.000000 6.800000 9.400000 5.400000 1.200000 0 0 0 0 0 3.700000 2.800000 7.000000 4.900000 0 0 0 0 0.000000 7.700000 17.600000 0.000000 0 0 0 0 1194 0 115 0 18 8 119 14 129 1196 4 144 11 135 7 95 0 0 1215 21 81 8 41 1 2 0 115 128 3 4 2 1 0 151 0 0 577 0 68 94 54 12 0 101 240 833 37 28 70 49 0 0 0 1 1218 0 77 176 0 0 0 0 0
1585331123.290631 3 0 1168 2951 1887 1.486802 0.568323 0.031361 0.004909 0.590958 1.012564 0.000000 6.800000 9.400000 5.400000 1.200000 0 0 0 0 0 3.600000 2.700000 7.300000 4.500000 0 0 0 0 0.000000 7.700000 17.600000 0.000000 0 0 0 0 1194 0 115 0 18 8 119 14 129 1196 4 144 11 135 7 95 0 0 1215 21 76 8 36 1 2 0 115 128 3 4 2 1 0 151 0 0 577 0 68 94 54 12 0 101 240 833 36 27 73 45 0 0 0 1 1218 0 77 176 0 0 0 0 0
1585331123.300663 3 0 1168 2951 1887 1.488166 0.569686 0.031361 0.004909 0.590958 1.012018 0.000000 6.800000 9.400000 5.400000 1.200000 0 0 0 0 0 3.600000 2.500000 7.000000 4.900000 0 0 0 0 0.000000 7.700000 17.600000 0.000000 0 0 0 0 1194 0 115 0 18 8 119 14 127 1196 4 144 11 135 7 95 0 0 1215 21 81 8 41 1 2 0 115 128 3 4 2 1 0 151 0 0 577 0 68 94 54 12 0 101 240 833 36 25 70 49 0 0 0 1 1218 0 77 176 0 0 0 0 0
1585331123.310624 3 0 1168 2951 1886 1.486802 0.566959 0.031361 0.004909 0.590958 1.012564 0.000000 6.800000 9.400000 5.400000 1.200000 0 0 0 0 0 3.600000 2.600000 7.300000 5.000000 0 0 0 0 0.000000 7.700000 17.600000 0.000000 0 0 0 0 1194 0 115 0 18 8 119 14 129 1196 4 144 11 135 7 94 0 0 1215 21 76 8 31 1 2 0 115 128 3 4 2 1 0 151 0 0 577 0 68 94 54 12 0 101 240 833 36 26 73 50 0 0 0 1 1218 0 77 176 0 0 0 0 0
1585331123.320624 3 0 1168 2951 1886 1.486802 0.568323 0.031361 0.004091 0.590958 1.012564 0.000000 6.800000 9.400000 5.400000 1.200000 0 0 0 0 0 3.500000 2.900000 7.600000 4.700000 0 0 0 0 0.000000 7.700000 17.600000 0.000000 0 0 0 0 1194 0 115 0 15 8 119 14 129 1196 4 144 11 135 7 94 0 0 1215 21 76 8 36 1 2 0 115 128 3 4 2 1 0 151 0 0 577 0 68 94 54 12 0 101 240 833 35 29 76 47 0 0 0 1 1218 0 77 176 0 0 0 0 0
1585331123.330601 3 0 1168 2951 1886 1.486802 0.568323 0.031361 0.005727 0.590958 1.012564 0.000000 6.800000 9.400000 5.400000 1.200000 0 0 0 0 0 3.600000 2.900000 7.200000 4.900000 0 0 0 0 0.000000 7.700000 17.600000 0.000000 0 0 0 0 1194 0 115 0 21 8 119 14 129 1196 4 144 11 135 7 94 0 0 1215 21 76 8 36 1 2 0 115 128 3 4 2 1 0 151 0 0 577 0 68 94 54 12 0 101 240 833 36 29 72 49 0 0 0 1 1218 0 77 176 0 0 0 0 0
1585331123.340603 3 0 1168 2951 1886 1.486802 0.568323 0.031361 0.004909 0.590958 1.012564 0.000000 6.800000 9.300000 5.400000 1.200000 0 0 0 0 0 3.700000 2.900000 6.700000 4.600000 0 0 0 0 0.000000 7.700000 17.600000 0.000000 0 0 0 0 1194 0 115 0 18 8 119 14 129 1196 4 144 11 135 7 94 0 0 1215 21 76 8 36 1 2 0 115 128 3 4 2 1 0 151 0 0 577 0 68 93 54 12 0 101 240 833 37 29 67 46 0 0 0 1 1218 0 77 176 0 0 0 0 0
1585331123.350611 3 0 1168 2951 1887 1.486802 0.568323 0.031361 0.004909 0.590958 1.012564 0.000000 6.800000 9.400000 5.400000 1.200000 0 0 0 0 0 3.600000 2.600000 7.500000 4.800000 0 0 0 0 0.000000 7.700000 17.600000 0.000000 0 0 0 0 1194 0 115 0 18 8 119 14 129 1196 4 144 11 135 7 95 0 0 1215 21 76 8 36 1 2 0 115 128 3 4 2 1 0 151 0 0 577 0 68 94 54 12 0 101 240 833 36 26 75 48 0 0 0 1 1218 0 77 176 0 0 0 0 0
1585331123.360718 3 0 1168 2951 1887 1.486802 0.568323 0.031361 0.004909 0.590958 1.012564 0.000000 6.800000 9.300000 5.400000 1.200000 0 0 0 0 0 3.500000 2.600000 7.500000 4.800000 0 0 0 0 0.000000 7.700000 17.600000 0.000000 0 0 0 0 1194 0 115 0 18 8 119 14 129 1196 4 144 11 135 7 95 0 0 1215 21 76 8 36 1 2 0 115 128 3 4 2 1 0 151 0 0 577 0 68 93 54 12 0 101 240 833 35 26 75 48 0 0 0 1 1218 0 77 176 0 0 0 0 0
1585331123.370633 3 0 1168 2951 1886 1.486802 0.568323 0.031361 0.004909 0.591776 1.012564 0.000000 6.800000 9.400000 5.400000 1.200000 0 0 0 0 0 3.500000 2.800000 7.300000 4.900000 0 0 0 0 0.000000 7.700000 17.600000 0.000000 0 0 0 0 1194 0 115 0 18 8 122 14 129 1196 4 144 11 135 7 94 0 0 1215 21 76 8 36 1 2 0 115 128 3 4 2 1 0 151 0 1 577 0 68 94 54 12 0 101 240 833 35 28 73 49 0 0 0 1 1218 0 77 176 0 0 0 0 0
1585331123.380611 3 0 1168 2951 1886 1.486802 0.568323 0.031361 0.005727 0.590958 1.012564 0.000000 6.800000 9.300000 5.400000 1.200000 0 0 0 0 0 3.500000 2.500000 7.400000 5.400000 0 0 0 0 0.000000 7.700000 17.600000 0.000000 0 0 0 0 1194 0 115 0 21 8 119 14 129 1196 4 144 11 135 7 94 0 0 1215 21 76 8 36 1 2 0 115 128 3 4 2 1 0 151 0 0 577 0 68 93 54 12 0 101 240 833 35 25 74 54 0 0 0 1 1218 0 77 176 0 0 0 0 0
1585331123.390681 3 0 1169 2950 1886 1.481348 0.562869 0.031361 0.005727 0.590958 1.012564 0.000000 6.800000 9.400000 5.400000 1.200000 0 0 0 0 0 3.300000 2.500000 7.100000 5.000000 0 0 0 0 0.000000 7.700000 17.600000 0.000000 0 0 0 0 1194 0 115 0 21 8 119 14 129 1196 4 145 11 134 7 94 0 0 1215 21 56 8 16 1 2 0 115 128 3 4 2 1 0 151 0 0 577 0 68 94 54 12 0 101 240 833 33 25 71 50 0 0 0 1 1218 0 77 176 0 0 0 0 0
1585331123.400738 3 0 1169 2950 1886 1.488166 0.569686 0.031361 0.004091 0.590958 1.012018 0.000000 6.800000 9.300000 5.400000 1.200000 0 0 0 0 0 3.200000 2.700000 7.600000 4.400000 0 0 0 0 0.000000 7.700000 17.600000 0.000000 0 0 0 0 1194 0 115 0 15 8 119 14 127 1196 4 145 11 134 7 94 0 0 1215 21 81 8 41 1 2 0 115 128 3 4 2 1 0 151 0 0 577 0 68 93 54 12 0 101 240 833 32 27 76 44 0 0 0 1 1218 0 77 176 0 0 0 0 0
1585331123.410647 3 0 1168 2951 1886 1.486802 0.568323 0.031361 0.005727 0.590958 1.012564 0.000000 6.800000 9.400000 5.400000 1.200000 0 0 0 0 0 3.300000 2.500000 7.700000 4.800000 0 0 0 0 0.000000 7.700000 17.600000 0.000000 0 0 0 0 1194 0 115 0 21 8 119 14 129 1196 4 144 11 135 7 94 0 0 1215 21 76 8 36 1 2 0 115 128 3 4 2 1 0 151 0 0 577 0 68 94 54 12 0 101 240 833 33 25 77 48 0 0 0 1 1218 0 77 176 0 0 0 0 0
1585331123.420665 3 0 1168 2951 1886 1.486802 0.568323 0.031361 0.004909 0.590958 1.012564 0.000000 6.800000 9.300000 5.400000 1.200000 0 0 0 0 0 3.400000 2.500000 7.300000 4.800000 0 0 0 0 0.000000 7.600000 17.600000 0.000000 0 0 0 0 1194 0 115 0 18 8 119 14 129 1196 4 144 11 135 7 94 0 0 1215 21 76 8 36 1 1 0 115 128 3 4 2 1 0 151 0 0 577 0 68 93 54 12 0 101 240 833 34 25 73 48 0 0 0 1 1218 0 76 176 0 0 0 0 0
1585331123.430638 3 0 1168 2951 1887 1.486802 0.568323 0.031361 0.004909 0.590958 1.012018 0.000000 6.800000 9.400000 5.400000 1.200000 0 0 0 0 0 3.700000 2.900000 7.000000 4.900000 0 0 0 0 0.000000 7.700000 17.600000 0.000000 0 0 0 0 1194 0 115 0 18 8 119 14 127 1196 4 144 11 135 7 95 0 0 1215 21 76 8 36 1 2 0 115 128 3 4 2 1 0 151 0 0 577 0 68 94 54 12 0 101 240 833 37 29 70 49 0 0 0 1 1218 0 77 176 0 0 0 0 0
1585331123.440629 3 0 1168 2951 1887 1.488166 0.569686 0.031361 0.004909 0.590958 1.012564 0.000000 6.800000 9.300000 5.400000 1.200000 0 0 0 0 0 3.500000 3.100000 7.000000 4.500000 0 0 0 0 0.000000 7.700000 17.600000 0.000000 0 0 0 0 1194 0 115 0 18 8 119 14 129 1196 4 144 11 135 7 95 0 0 1215 21 81 8 41 1 2 0 115 128 3 4 2 1 0 151 0 0 577 0 68 93 54 12 0 101 240 833 35 31 70 45 0 0 0 1 1218 0 77 176 0 0 0 0 0
1585331123.450670 3 0 1168 2950 1886 1.486802 0.568323 0.031361 0.005727 0.590958 1.012018 0.000000 6.800000 9.400000 5.400000 1.200000 0 0 0 0 0 3.600000 2.500000 6.900000 4.700000 0 0 0 0 0.000000 7.700000 17.600000 0.000000 0 0 0 0 1194 0 115 0 21 8 119 14 127 1196 4 144 11 134 7 94 0 0 1215 21 76 8 36 1 2 0 115 128 3 4 2 1 0 151 0 0 577 0 68 94 54 12 0 101 240 833 36 25 69 47 0 0 0 1 1218 0 77 176 0 0 0 0 0
1585331123.460724 3 0 1168 2950 1886 1.486802 0.568323 0.031361 0.004909 0.590958 1.012018 0.000000 6.800000 9.300000 5.400000 1.200000 0 0 0 0 0 3.800000 2.400000 7.200000 5.300000 0 0 0 0 0.000000 7.700000 17.600000 0.000000 0 0 0 0 1194 0 115 0 18 8 119 14 127 1196 4 144 11 134 7 94 0 0 1215 21 76 8 36 1 2 0 115 128 3 4 2 1 0 151 0 0 577 0 68 93 54 12 0 101 240 833 38 24 72 53 0 0 0 1 1218 0 77 176 0 0 0 0 0
1585331123.470674 3 0 1168 2951 1886 1.486802 0.568323 0.031361 0.004909 0.590958 1.012018 0.000000 6.800000 9.400000 5.400000 1.200000 0 0 0 0 0 3.500000 2.700000 7.500000 5.100000 0 0 0 0 0.000000 7.700000 17.600000 0.000000 0 0 0 0 1194 0 115 0 18 8 119 14 127 1196 4 144 11 135 7 94 0 0 1215 21 76 8 36 1 2 0 115 128 3 4 2 1 0 151 0 1 577 0 68 94 54 12 0 101 240 833 35 27 75 51 0 0 0 1 1218 0 77 176 0 0 0 0 0
1585331123.480628 3 0 1168 2951 1886 1.486802 0.568323 0.031361 0.004909 0.590958 1.012564 0.000000 6.800000 9.300000 5.400000 1.200000 0 0 0 0 0 3.600000 2.600000 7.000000 5.300000 0 0 0 0 0.000000 7.700000 17.600000 0.000000 0 0 0 0 1194 0 115 0 18 8 119 14 129 1196 4 144 11 135 7 94 0 0 1215 21 76 8 36 1 2 0 115 128 3 4 2 1 0 151 0 0 577 0 68 93 54 12 0 101 240 833 36 26 70 53 0 0 0 1 1218 0 77 176 0 0 0 0 0
1585331123.490664 3 0 1168 2951 1886 1.485439 0.566959 0.031361 0.004909 0.590958 1.012564 0.000000 6.800000 9.400000 5.400000 1.200000 0 0 0 0 0 3.400000 3.100000 7.400000 5.100000 0 0 0 0 0.000000 7.700000 17.600000 0.000000 0 0 0 0 1194 0 115 0 18 8 119 14 129 1196 4 144 11 135 7 94 0 0 1215 21 71 8 31 1 1 0 115 128 3 4 2 1 0 151 0 0 577 0 68 94 54 12 0 101 240 833 34 31 74 51 0 0 0 1 1218 0 77 176 0 0 0 0 0
1585331123.500679 3 0 1168 2951 1886 1.486802 0.568323 0.031361 0.004909 0.591776 1.012564 0.000000 6.800000 9.300000 5.400000 1.200000 0 0 0 0 0 3.100000 3.000000 7.500000 5.100000 0 0 0 0 0.000000 7.700000 17.600000 0.000000 0 0 0 0 1194 0 115 0 18 8 122 14 129 1196 4 144 11 135 7 94 0 0 1215 21 76 8 36 1 1 0 115 128 3 4 2 1 0 151 0 0 577 0 68 93 54 12 0 101 240 833 31 30 75 51 0 0 0 1 1218 0 77 176 0 0 0 0 0
1585331123.510647 3 0 1168 2950 1886 1.486802 0.568323 0.031361 0.004909 0.590958 1.012564 0.000000 6.800000 9.400000 5.400000 1.200000 0 0 0 0 0 3.700000 2.500000 7.100000 4.800000 0 0 0 0 0.000000 7.700000 17.600000 0.000000 0 0 0 0 1194 0 115 0 18 8 119 14 129 1196 4 144 11 134 7 94 0 0 1215 21 76 8 36 1 1 0 115 128 3 4 2 1 0 151 0 0 577 0 68 94 54 12 0 101 240 833 37 25 71 48 0 0 0 1 1218 0 77 176 0 0 0 0 0
1585331123.520637 3 0 1168 2950 1886 1.486802 0.568323 0.031361 0.004091 0.590958 1.012564 0.000000 6.800000 9.300000 5.400000 1.200000 0 0 0 0 0 3.700000 2.900000 7.300000 4.900000 0 0 0 0 0.000000 7.700000 17.600000 0.000000 0 0 0 0 1194 0 115 0 15 8 119 14 129 1196 4 144 11 134 7 94 0 0 1215 21 76 8 36 1 2 0 115 128 3 4 2 1 0 151 0 0 577 0 68 93 54 12 0 101 240 833 37 29 73 49 0 0 0 1 1218 0 77 176 0 0 0 0 0
1585331123.530675 3 0 1168 2950 1886 1.486802 0.569686 0.031361 0.004909 0.590958 1.012564 0.000000 6.800000 9.400000 5.400000 1.200000 0 0 0 0 0 3.400000 2.900000 7.300000 5.300000 0 0 0 0 0.000000 7.600000 17.600000 0.000000 0 0 0 0 1194 0 115 0 18 8 119 14 129 1196 4 144 11 134 7 94 0 0 1215 21 76 8 41 1 1 0 115 128 3 4 2 1 0 151 0 0 577 0 68 94 54 12 0 101 240 833 34 29 73 53 0 0 0 1 1218 0 76 176 0 0 0 0 0
1585331123.540686 3 0 1168 2950 1886 1.486802 0.568323 0.031361 0.004909 0.590958 1.012018 0.000000 6.800000 9.300000 5.400000 1.200000 0 0 0 0 0 3.600000 3.100000 7.300000 5.100000 0 0 0 0 0.000000 7.700000 17.600000 0.000000 0 0 0 0 1194 0 115 0 18 8 119 14 127 1196 4 144 11 134 7 94 0 0 1215 21 76 8 36 1 1 0 115 128 3 4 2 1 0 151 0 0 577 0 68 93 54 12 0 101 240 833 36 31 73 51 0 0 0 1 1218 0 77 176 0 0 0 0 0
1585331123.550672 3 0 1168 2950 1886 1.486802 0.568323 0.031361 0.004909 0.591776 1.012564 0.000000 6.800000 9.400000 5.400000 1.200000 0 0 0 0 0 3.600000 2.900000 7.100000 4.900000 0 0 0 0 0.000000 7.700000 17.600000 0.000000 0 0 0 0 1194 0 115 0 18 8 122 14 129 1196 4 144 11 134 7 94 0 0 1215 21 76 8 36 1 1 0 115 128 3 4 2 1 0 152 0 0 577 0 68 94 54 12 0 101 240 833 36 29 71 49 0 0 0 1 1218 0 77 176 0 0 0 0 0
1585331123.560724 3 0 1168 2950 1886 1.486802 0.568323 0.031361 0.004909 0.590958 1.012018 0.000000 6.800000 9.300000 5.400000 1.200000 0 0 0 0 0 3.800000 2.200000 7.700000 5.200000 0 0 0 0 0.000000 7.700000 17.600000 0.000000 0 0 0 0 1194 0 115 0 18 8 119 14 127 1196 4 144 11 134 7 94 0 0 1215 21 76 8 36 1 1 0 115 128 3 4 2 1 0 154 0 0 577 0 68 93 54 12 0 101 240 833 38 22 77 52 0 0 0 1 1218 0 77 176 0 0 0 0 0
1585331123.570693 3 0 1168 2954 1886 1.486802 0.568323 0.031361 0.004909 0.590958 1.012564 0.000000 6.800000 9.400000 5.400000 1.200000 0 0 0 0 0 4.000000 2.300000 7.700000 4.900000 0 0 0 0 0.000000 7.700000 17.600000 0.000000 0 0 0 0 1194 0 115 0 18 8 119 14 129 1196 4 144 11 138 7 94 0 0 1215 21 76 8 36 1 2 0 115 128 3 4 2 1 0 154 0 1 577 0 68 94 54 12 0 101 240 833 40 23 77 49 0 0 0 1 1218 0 77 176 0 0 0 0 0
1585331123.580646 3 0 1168 2954 1886 1.486802 0.568323 0.031361 0.004909 0.590958 1.012564 0.000000 6.800000 9.300000 5.400000 1.200000 0 0 0 0 0 3.700000 2.800000 7.200000 4.500000 0 0 0 0 0.000000 7.700000 17.600000 0.000000 0 0 0 0 1194 0 115 0 18 8 119 14 129 1196 4 144 11 138 7 94 0 0 1215 21 76 8 36 1 2 0 115 128 3 4 2 1 0 154 0 0 577 0 68 93 54 12 0 101 240 833 37 28 72 45 0 0 0 1 1218 0 77 176 0 0 0 0 0
1585331123.590654 3 0 1169 2941 1884 1.486802 0.568323 0.031361 0.005727 0.589867 1.012564 0.000000 6.800000 9.400000 5.400000 1.200000 0 0 0 0 0 3.700000 3.000000 7.100000 5.000000 0 0 0 0 0.000000 7.600000 17.700000 0.000000 0 0 0 0 1194 0 115 0 21 8 115 14 129 1196 4 145 11 125 7 92 0 0 1215 21 76 8 36 1 2 0 115 128 3 4 2 1 0 154 0 0 577 0 68 94 54 12 0 101 240 833 37 30 71 50 0 0 0 1 1218 0 76 177 0 0 0 0 0
1585331123.600694 3 0 1169 2941 1884 1.485439 0.566959 0.031361 0.004909 0.589867 1.012018 0.000000 6.800000 9.300000 5.400000 1.200000 0 0 0 0 0 3.500000 2.900000 6.700000 4.800000 0 0 0 0 0.000000 7.700000 17.700000 0.000000 0 0 0 0 1194 0 115 0 18 8 115 14 127 1196 4 145 11 125 7 92 0 0 1215 21 71 8 31 1 0 0 115 128 3 4 2 1 0 154 0 0 577 0 68 93 54 12 0 101 240 833 35 29 67 48 0 0 0 1 1218 0 77 177 0 0 0 0 0
1585331123.610691 3 0 1170 2930 1882 1.486802 0.568323 0.031361 0.004909 0.589867 1.012018 0.000000 6.800000 9.400000 5.400000 1.200000 0 0 0 0 0 3.000000 2.300000 7.400000 4.400000 0 0 0 0 0.000000 7.600000 17.700000 0.000000 0 0 0 0 1194 0 115 0 18 8 115 14 127 1196 4 146 11 114 7 90 0 0 1215 21 76 8 36 0 254 0 115 128 3 4 2 1 0 154 0 0 577 0 68 94 54 12 0 101 240 833 30 23 74 44 0 0 0 1 1218 0 76 177 0 0 0 0 0
1585331123.620687 3 0 1170 2930 1882 1.486802 0.568323 0.031361 0.004909 0.589867 1.012018 0.000000 6.800000 9.300000 5.400000 1.200000 0 0 0 0 0 3.300000 2.500000 7.900000 5.200000 0 0 0 0 0.000000 7.600000 17.400000 0.000000 0 0 0 0 1194 0 115 0 18 8 115 14 127 1196 4 146 11 114 7 90 0 0 1215 21 76 8 36 0 252 0 114 128 3 4 2 1 0 153 0 0 577 0 68 93 54 12 0 101 240 833 33 25 79 52 0 0 0 1 1218 0 76 174 0 0 0 0 0
1585331123.630697 3 0 1171 2916 1878 1.486802 0.566959 0.031361 0.004909 0.589867 1.012564 0.000000 6.800000 9.400000 5.400000 1.200000 0 0 0 0 0 3.400000 2.300000 7.000000 5.200000 0 0 0 0 0.000000 7.600000 17.200000 0.000000 0 0 0 0 1194 0 115 0 18 8 115 14 129 1196 4 147 11 100 7 86 0 0 1215 21 76 8 31 0 251 0 114 128 3 4 2 1 0 153 0 0 577 0 68 94 54 12 0 101 240 833 34 23 70 52 0 0 0 1 1218 0 76 172 0 0 0 0 0
1585331123.640722 3 0 1171 2916 1878 1.486802 0.566959 0.031361 0.004909 0.586049 1.012564 0.000000 6.800000 9.300000 5.400000 1.200000 0 0 0 0 0 3.400000 2.400000 7.400000 4.500000 0 0 0 0 0.000000 7.600000 17.100000 0.000000 0 0 0 0 1194 0 115 0 18 8 101 14 129 1196 4 147 11 100 7 86 0 0 1215 21 76 8 31 0 247 0 114 128 3 4 2 1 0 153 0 0 577 0 68 93 54 12 0 101 240 833 34 24 74 45 0 0 0 1 1218 0 76 171 0 0 0 0 0
1585331123.650738 3 0 1156 2843 1855 1.486802 0.568323 0.031361 0.004909 0.565050 1.012564 0.000000 6.800000 9.400000 5.400000 1.200000 0 0 0 0 0 3.300000 2.400000 7.600000 4.900000 0 0 0 0 0.000000 7.600000 17.100000 0.000000 0 0 0 0 1194 0 115 0 18 8 24 14 129 1196 4 132 11 27 7 63 0 0 1215 21 76 8 36 0 240 0 115 128 3 4 2 1 0 153 0 0 577 0 68 94 54 12 0 101 240 833 33 24 76 49 0 0 0 1 1218 0 76 171 0 0 0 0 0
1585331123.660769 3 0 1156 2843 1855 1.486802 0.571050 0.031361 0.004909 0.552778 1.012018 0.000000 6.800000 9.300000 5.400000 1.200000 0 0 0 0 0 3.600000 1.900000 6.500000 4.900000 0 0 0 0 0.000000 7.600000 16.800000 0.000000 0 0 0 0 1194 0 115 0 18 7 235 14 127 1196 4 132 11 27 7 63 0 0 1215 21 76 8 46 0 230 0 117 128 3 4 2 1 0 153 0 0 577 0 68 93 54 12 0 101 240 833 36 19 65 49 0 0 0 1 1218 0 76 168 0 0 0 0 0
1585331123.670712 3 0 1149 2806 1932 1.486802 0.572413 0.031361 0.005727 0.543234 1.012018 0.000000 6.800000 9.400000 5.400000 1.200000 0 0 0 0 0 3.700000 2.100000 6.900000 4.700000 0 0 0 0 0.000000 7.800000 15.900000 0.000000 0 0 0 0 1194 0 115 0 21 7 200 14 127 1196 4 125 10 246 7 140 0 0 1215 21 76 8 51 0 223 0 118 128 3 4 2 1 0 154 0 1 577 0 68 94 54 12 0 101 240 833 37 21 69 47 0 0 0 1 1218 0 78 159 0 0 0 0 0
1585331123.680696 3 0 1149 2806 1932 1.485439 0.572413 0.031361 0.006545 0.525235 1.012018 0.000000 6.800000 9.300000 5.400000 1.200000 0 0 0 0 0 3.400000 2.600000 6.900000 4.300000 0 0 0 0 0.000000 7.900000 15.100000 0.000000 0 0 0 0 1194 0 115 0 24 7 134 14 127 1196 4 125 10 246 7 140 0 0 1215 21 71 8 51 0 215 0 120 128 3 4 2 1 0 154 0 0 577 0 68 93 54 12 0 101 240 833 34 26 69 43 0 0 0 1 1218 0 79 151 0 0 0 0 0
1585331123.690710 3 0 1143 2788 1974 1.485439 0.572413 0.031361 0.004909 0.508054 1.012018 0.000000 6.800000 9.400000 5.400000 1.200000 0 0 0 0 0 3.300000 3.100000 6.800000 4.200000 0 0 0 0 0.000000 7.900000 14.900000 0.000000 0 0 0 0 1194 0 115 0 18 7 71 14 127 1196 4 119 10 228 7 182 0 0 1215 21 71 8 51 0 209 0 121 128 3 4 2 1 0 154 0 0 577 0 68 94 54 12 0 101 240 833 33 31 68 42 0 0 0 1 1218 0 79 149 0 0 0 0 0
1585331123.700714 3 0 1143 2788 1974 1.486802 0.575141 0.031361 0.004909 0.488965 1.012018 0.000000 6.800000 9.300000 5.400000 1.200000 0 0 0 0 0 3.400000 2.600000 7.300000 4.500000 0 0 0 0 0.000000 8.000000 14.200000 0.000000 0 0 0 0 1194 0 115 0 18 7 1 14 127 1196 4 119 10 228 7 182 0 0 1215 21 76 8 61 0 205 0 122 128 3 4 2 1 0 154 0 0 577 0 68 93 54 12 0 101 240 833 34 26 73 45 0 0 0 1 1218 0 80 142 0 0 0 0 0
1585331123.710709 3 0 1146 2792 1978 1.486802 0.575141 0.031361 0.004909 0.472875 1.012018 0.000000 6.800000 9.400000 5.400000 1.200000 0 0 0 0 0 3.600000 2.500000 7.000000 4.500000 0 0 0 0 0.000000 8.000000 13.900000 0.000000 0 0 0 0 1194 0 115 0 18 6 198 14 127 1196 4 122 10 232 7 186 0 0 1215 21 76 8 61 0 203 0 122 128 3 4 2 1 0 153 0 0 577 0 68 94 54 12 0 101 240 833 36 25 70 45 0 0 0 1 1218 0 80 139 0 0 0 0 0
1585331123.720728 3 0 1146 2792 1978 1.486802 0.575141 0.031361 0.004909 0.460603 1.012018 0.000000 6.800000 9.300000 5.400000 1.200000 0 0 0 0 0 3.400000 2.600000 7.000000 4.600000 0 0 0 0 0.000000 8.200000 13.800000 0.000000 0 0 0 0 1194 0 115 0 18 6 153 14 127 1196 4 122 10 232 7 186 0 0 1215 21 76 8 61 0 202 0 122 128 3 4 2 1 0 153 0 0 577 0 68 93 54 12 0 101 240 833 34 26 70 46 0 0 0 1 1218 0 82 138 0 0 0 0 0
1585331123.730700 3 0 1146 2792 1986 1.486802 0.575141 0.031361 0.004909 0.449968 1.012564 0.000000 6.800000 9.400000 5.400000 1.200000 0 0 0 0 0 3.600000 2.600000 7.100000 4.500000 0 0 0 0 0.000000 8.100000 13.900000 0.000000 0 0 0 0 1194 0 115 0 18 6 114 14 129 1196 4 122 10 232 7 194 0 0 1215 21 76 8 61 0 201 0 122 128 3 4 2 1 0 153 0 0 577 0 68 94 54 12 0 101 240 833 36 26 71 45 0 0 0 1 1218 0 81 139 0 0 0 0 0
1585331123.740776 3 0 1146 2792 1986 1.486802 0.573777 0.031361 0.004909 0.443423 1.012018 0.000000 6.800000 9.300000 5.400000 1.200000 0 0 0 0 0 3.400000 2.100000 7.200000 4.900000 0 0 0 0 0.000000 8.100000 13.900000 0.000000 0 0 0 0 1194 0 115 0 18 6 90 14 127 1196 4 122 10 232 7 194 0 0 1215 21 76 8 56 0 201 0 122 128 3 4 2 1 0 153 0 0 577 0 68 93 54 12 0 101 240 833 34 21 72 49 0 0 0 1 1218 0 81 139 0 0 0 0 0
1585331123.750745 3 0 1145 2790 1988 1.486802 0.575141 0.031361 0.004909 0.438514 1.012018 0.000000 3.000000 9.800000 5.500000 1.200000 0 0 0 0 0 3.300000 2.000000 7.300000 4.900000 0 0 0 0 0.000000 8.100000 13.900000 0.000000 0 0 0 0 1194 0 115 0 18 6 72 14 127 1196 4 121 10 230 7 196 0 0 1215 21 76 8 61 0 201 0 122 128 3 4 2 1 0 153 0 0 577 0 30 98 55 12 0 101 240 833 33 20 73 49 0 0 0 1 1218 0 81 139 0 0 0 0 0
1585331123.760767 3 0 1145 2790 1988 1.486802 0.575141 0.031361 0.004909 0.437696 1.012018 0.000000 0.700000 10.000000 5.600000 1.200000 0 0 0 0 0 3.600000 2.800000 7.400000 4.500000 0 0 0 0 0.000000 8.100000 13.900000 0.000000 0 0 0 0 1194 0 115 0 18 6 69 14 127 1196 4 121 10 230 7 196 0 0 1215 21 76 8 61 0 201 0 122 128 3 4 2 1 0 153 0 0 577 0 7 100 56 12 0 101 240 833 36 28 74 45 0 0 0 1 1218 0 81 139 0 0 0 0 0
1585331123.770729 3 0 1151 2785 1989 1.486802 0.573777 0.031361 0.005727 0.437696 1.012564 0.000000 1.600000 9.900000 5.500000 1.200000 0 0 0 0 0 3.600000 2.500000 7.300000 4.800000 0 0 0 0 0.000000 8.100000 13.900000 0.000000 0 0 0 0 1194 0 115 0 21 6 69 14 129 1196 4 127 10 225 7 197 0 0 1215 21 76 8 56 0 200 0 122 128 3 4 2 1 0 153 0 1 577 0 16 99 55 12 0 101 240 833 36 25 73 48 0 0 0 1 1218 0 81 139 0 0 0 0 0
1585331123.780788 3 0 1151 2785 1989 1.486802 0.573777 0.031361 0.004909 0.437696 1.012018 0.000000 1.300000 10.000000 5.600000 1.200000 0 0 0 0 0 3.500000 2.300000 7.200000 4.600000 0 0 0 0 0.000000 8.100000 13.900000 0.000000 0 0 0 0 1194 0 115 0 18 6 69 14 127 1196 4 127 10 225 7 197 0 0 1215 21 76 8 56 0 199 0 121 128 3 4 2 1 0 153 0 0 577 0 13 100 56 12 0 101 240 833 35 23 72 46 0 0 0 1 1218 0 81 139 0 0 0 0 0
1585331123.790752 3 0 1164 2768 1990 1.486802 0.573777 0.031361 0.005727 0.437696 1.012018 0.000000 1.400000 9.900000 5.600000 1.200000 0 0 0 0 0 3.400000 2.600000 7.200000 4.100000 0 0 0 0 0.000000 8.100000 13.800000 0.000000 0 0 0 0 1194 0 115 0 21 6 69 14 127 1196 4 140 10 208 7 198 0 0 1215 21 76 8 56 0 197 0 120 128 3 4 2 1 0 153 0 0 577 0 14 99 56 12 0 101 240 833 34 26 72 41 0 0 0 1 1218 0 81 138 0 0 0 0 0
1585331123.800730 3 0 1164 2768 1990 1.485439 0.573777 0.031361 0.004909 0.436605 1.012018 0.000000 1.400000 9.800000 5.500000 1.200000 0 0 0 0 0 3.300000 2.600000 7.100000 4.200000 0 0 0 0 0.000000 8.000000 13.700000 0.000000 0 0 0 0 1194 0 115 0 18 6 65 14 127 1196 4 140 10 208 7 198 0 0 1215 21 71 8 56 0 195 0 118 128 3 4 2 1 0 153 0 0 577 0 14 98 55 12 0 101 240 833 33 26 71 42 0 0 0 1 1218 0 80 137 0 0 0 0 0
1585331123.810766 3 0 1181 2749 1990 1.484075 0.572413 0.031361 0.004909 0.436605 1.012018 0.000000 1.400000 9.700000 5.500000 1.200000 0 0 0 0 0 3.300000 2.300000 7.400000 4.600000 0 0 0 0 0.000000 7.900000 13.500000 0.000000 0 0 0 0 1194 0 115 0 18 6 65 14 127 1196 4 157 10 189 7 198 0 0 1215 21 66 8 51 0 192 0 115 128 3 4 2 1 0 153 0 0 577 0 14 97 55 12 0 101 240 833 33 23 74 46 0 0 0 1 1218 0 79 135 0 0 0 0 0
1585331123.820790 3 0 1181 2749 1990 1.481348 0.568323 0.031361 0.004909 0.436605 1.012018 0.000000 1.400000 9.600000 5.500000 1.200000 0 0 0 0 0 3.300000 2.400000 7.500000 4.800000 0 0 0 0 0.000000 7.700000 13.400000 0.000000 0 0 0 0 1194 0 115 0 18 6 65 14 127 1196 4 157 10 189 7 198 0 0 1215 21 56 8 36 0 189 0 113 128 3 4 2 1 0 153 0 0 577 0 14 96 55 12 0 101 240 833 33 24 75 48 0 0 0 1 1218 0 77 134 0 0 0 0 0
1585331123.830766 3 0 1200 2728 1989 1.475894 0.562869 0.031361 0.004909 0.435787 1.012018 0.000000 1.400000 9.500000 5.500000 1.200000 0 0 0 0 0 3.200000 2.400000 7.000000 4.500000 0 0 0 0 0.000000 7.500000 13.100000 0.000000 0 0 0 0 1194 0 115 0 18 6 62 14 127 1196 4 176 10 168 7 197 0 0 1215 21 36 8 16 0 185 0 110 128 3 4 2 1 0 152 0 0 577 0 14 95 55 12 0 101 240 833 32 24 70 45 0 0 0 1 1218 0 75 131 0 0 0 0 0
1585331123.840778 3 0 1200 2728 1989 1.473167 0.558778 0.031361 0.005727 0.432787 1.012564 0.000000 1.400000 9.400000 5.500000 1.200000 0 0 0 0 0 3.100000 2.300000 6.800000 4.900000 0 0 0 0 0.000000 7.400000 12.900000 0.000000 0 0 0 0 1194 0 115 0 21 6 51 14 129 1196 4 176 10 168 7 197 0 0 1215 21 26 8 1 0 182 0 107 128 3 4 2 1 0 153 0 0 577 0 14 94 55 12 0 101 240 833 31 23 68 49 0 0 0 1 1218 0 74 129 0 0 0 0 0
1585331123.850788 3 0 1219 2708 1990 1.471803 0.558778 0.031361 0.004909 0.430060 1.012018 0.000000 1.400000 9.300000 5.400000 1.200000 0 0 0 0 0 3.200000 2.400000 7.000000 4.800000 0 0 0 0 0.000000 7.200000 12.600000 0.000000 0 0 0 0 1194 0 115 0 18 6 41 14 127 1196 4 195 10 148 7 198 0 0 1215 21 21 8 1 0 179 0 104 128 3 4 2 1 0 152 0 0 577 0 14 93 54 12 0 101 240 833 32 24 70 48 0 0 0 1 1218 0 72 126 0 0 0 0 0
1585331123.860775 3 0 1219 2708 1990 1.469076 0.556051 0.031361 0.004909 0.422424 1.012564 0.000000 1.400000 9.300000 5.400000 1.200000 0 0 0 0 0 3.300000 2.200000 7.100000 4.400000 0 0 0 0 0.000000 7.000000 12.400000 0.000000 0 0 0 0 1194 0 115 0 18 6 13 14 129 1196 4 195 10 148 7 198 0 0 1215 21 11 7 247 0 175 0 101 128 3 4 2 1 0 153 0 0 577 0 14 93 54 12 0 101 240 833 33 22 71 44 0 0 0 1 1218 0 70 124 0 0 0 0 0
1585331123.870729 3 0 1229 2692 1989 1.464986 0.550597 0.031361 0.004909 0.417788 1.012018 0.000000 1.400000 9.200000 5.400000 1.200000 0 0 0 0 0 3.300000 2.400000 7.200000 4.500000 0 0 0 0 0.000000 6.800000 12.200000 0.000000 0 0 0 0 1194 0 115 0 18 5 252 14 127 1196 4 205 10 132 7 197 0 0 1215 20 252 7 227 0 172 0 99 128 3 4 2 1 0 152 0 1 577 0 14 92 54 12 0 101 240 833 33 24 72 45 0 0 0 1 1218 0 68 122 0 0 0 0 0
1585331123.880772 3 0 1229 2692 1989 1.463622 0.547870 0.031361 0.004909 0.413970 1.012018 0.000000 1.400000 9.100000 5.400000 1.200000 0 0 0 0 0 3.100000 2.600000 7.200000 4.600000 0 0 0 0 0.000000 6.600000 11.900000 0.000000 0 0 0 0 1194 0 115 0 18 5 238 14 127 1196 4 205 10 132 7 197 0 0 1215 20 247 7 217 0 169 0 97 128 3 4 2 1 0 152 0 0 577 0 14 91 54 12 0 101 240 833 31 26 72 46 0 0 0 1 1218 0 66 119 0 0 0 0 0
1585331123.890843 3 0 1239 2684 2003 1.463622 0.545143 0.031361 0.005727 0.413970 1.012018 0.000000 1.400000 9.200000 5.400000 1.200000 0 0 0 0 0 2.900000 2.600000 7.100000 4.400000 0 0 0 0 0.000000 6.500000 11.800000 0.000000 0 0 0 0 1194 0 115 0 21 5 238 14 127 1196 4 215 10 124 7 211 0 0 1215 20 247 7 207 0 167 0 94 128 3 4 2 1 0 152 0 0 577 0 14 92 54 12 0 101 240 833 29 26 71 44 0 0 0 1 1218 0 65 118 0 0 0 0 0
1585331123.900753 3 0 1239 2684 2003 1.464986 0.541052 0.031361 0.004909 0.409062 1.012018 0.000000 1.400000 9.200000 5.400000 1.200000 0 0 0 0 0 3.100000 2.600000 7.100000 4.500000 0 0 0 0 0.000000 6.400000 11.600000 0.000000 0 0 0 0 1194 0 115 0 18 5 220 14 127 1196 4 215 10 124 7 211 0 0 1215 20 252 7 192 0 165 0 93 128 3 4 2 1 0 152 0 0 577 0 14 92 54 12 0 101 240 833 31 26 71 45 0 0 0 1 1218 0 64 116 0 0 0 0 0
1585331123.910772 3 0 1245 2676 2078 1.462259 0.534234 0.031361 0.004909 0.406334 1.012018 0.000000 1.400000 9.200000 5.400000 1.200000 0 0 0 0 0 3.100000 2.600000 7.200000 4.600000 0 0 0 0 0.000000 6.300000 11.500000 0.000000 0 0 0 0 1194 0 115 0 18 5 210 14 127 1196 4 221 10 116 8 30 0 0 1215 20 242 7 167 0 163 0 91 128 3 4 2 1 0 152 0 0 577 0 14 92 54 12 0 101 240 833 31 26 72 46 0 0 0 1 1218 0 63 115 0 0 0 0 0
1585331123.920788 3 0 1245 2676 2078 1.464986 0.530144 0.031361 0.004909 0.403335 1.012018 0.000000 1.400000 9.200000 5.400000 1.200000 0 0 0 0 0 3.100000 2.400000 7.200000 4.400000 0 0 0 0 0.000000 6.200000 11.400000 0.000000 0 0 0 0 1194 0 115 0 18 5 199 14 127 1196 4 221 10 116 8 30 0 0 1215 20 252 7 152 0 162 0 90 128 3 4 2 1 0 153 0 0 577 0 14 92 54 12 0 101 240 833 31 24 72 44 0 0 0 1 1218 0 62 114 0 0 0 0 0
1585331123.930788 3 0 1252 2670 2123 1.463622 0.524690 0.031361 0.004909 0.395699 1.012564 0.000000 1.400000 9.200000 5.400000 1.200000 0 0 0 0 0 3.000000 2.400000 7.000000 4.600000 0 0 0 0 0.000000 6.100000 11.300000 0.000000 0 0 0 0 1194 0 115 0 18 5 171 14 129 1196 4 228 10 110 8 75 0 0 1215 20 247 7 132 0 160 0 89 128 3 4 2 1 0 153 0 0 577 0 14 92 54 12 0 101 240 833 30 24 70 46 0 0 0 1 1218 0 61 113 0 0 0 0 0
1585331123.940805 3 0 1252 2670 2123 1.463622 0.521963 0.031361 0.004909 0.386154 1.012564 0.000000 1.400000 9.200000 5.400000 1.200000 0 0 0 0 0 2.900000 2.700000 7.300000 4.500000 0 0 0 0 0.000000 6.100000 11.200000 0.000000 0 0 0 0 1194 0 115 0 18 5 136 14 129 1196 4 228 10 110 8 75 0 0 1215 20 247 7 122 0 159 0 88 128 3 4 2 1 0 153 0 0 577 0 14 92 54 12 0 101 240 833 29 27 73 45 0 0 0 1 1218 0 61 112 0 0 0 0 0
1585331123.950795 3 0 1256 2663 2127 1.463622 0.519235 0.031361 0.005727 0.375791 1.012018 0.000000 1.400000 9.200000 5.400000 1.200000 0 0 0 0 0 3.000000 2.700000 7.200000 4.600000 0 0 0 0 0.000000 6.000000 11.100000 0.000000 0 0 0 0 1194 0 115 0 21 5 98 14 127 1196 4 232 10 103 8 79 0 0 1215 20 247 7 112 0 158 0 87 128 3 4 2 1 0 153 0 0 577 0 14 92 54 12 0 101 240 833 30 27 72 46 0 0 0 1 1218 0 60 111 0 0 0 0 0
1585331123.960809 3 0 1256 2663 2127 1.463622 0.512418 0.031361 0.005727 0.368155 1.012564 0.000000 1.400000 9.200000 5.400000 1.200000 0 0 0 0 0 2.800000 2.500000 7.100000 4.500000 0 0 0 0 0.000000 5.900000 11.100000 0.000000 0 0 0 0 1194 0 115 0 21 5 70 14 129 1196 4 232 10 103 8 79 0 0 1215 20 247 7 87 0 156 0 87 128 3 4 2 1 0 153 0 0 577 0 14 92 54 12 0 101 240 833 28 25 71 45 0 0 0 1 1218 0 59 111 0 0 0 0 0
1585331123.970816 3 0 1259 2657 2127 1.462259 0.501509 0.031361 0.004909 0.359701 1.012564 0.000000 1.400000 9.200000 5.400000 1.200000 0 0 0 0 0 2.800000 2.400000 7.200000 4.400000 0 0 0 0 0.000000 5.900000 11.000000 0.000000 0 0 0 0 1194 0 115 0 18 5 39 14 129 1196 4 235 10 97 8 79 0 0 1215 20 242 7 47 0 155 0 86 128 3 4 2 1 0 153 0 1 577 0 14 92 54 12 0 101 240 833 28 24 72 44 0 0 0 1 1218 0 59 110 0 0 0 0 0
1585331123.980830 3 0 1259 2657 2127 1.462259 0.494692 0.031361 0.005727 0.354793 1.012564 0.000000 1.400000 9.200000 5.400000 1.200000 0 0 0 0 0 2.900000 2.600000 7.100000 4.500000 0 0 0 0 0.000000 5.900000 10.900000 0.000000 0 0 0 0 1194 0 115 0 21 5 21 14 129 1196 4 235 10 97 8 79 0 0 1215 20 242 7 22 0 154 0 85 128 3 4 2 1 0 153 0 0 577 0 14 92 54 12 0 101 240 833 29 26 71 45 0 0 0 1 1218 0 59 109 0 0 0 0 0
1585331123.990817 3 0 1259 2658 2127 1.466349 0.488147 0.031361 0.004909 0.349066 1.012564 0.000000 1.400000 9.200000 5.400000 1.200000 0 0 0 0 0 2.900000 2.600000 6.900000 4.400000 0 0 0 0 0.000000 5.800000 10.700000 0.000000 0 0 0 0 1194 0 115 0 18 5 0 14 129 1196 4 235 10 98 8 79 0 0 1215 21 1 6 254 0 153 0 85 128 3 4 2 1 0 153 0 0 577 0 14 92 54 12 0 101 240 833 29 26 69 44 0 0 0 1 1218 0 58 107 0 0 0 0 0
1585331124.000836 3 0 1259 2658 2127 1.470440 0.482693 0.031361 0.004909 0.346339 1.012018 0.000000 1.400000 9.200000 5.400000 1.200000 0 0 0 0 0 2.800000 2.700000 7.000000 4.400000 0 0 0 0 0.000000 5.800000 10.700000 0.000000 0 0 0 0 1194 0 115 0 18 4 246 14 127 1196 4 235 10 98 8 79 0 0 1215 21 16 6 234 0 153 0 85 128 3 4 2 1 0 153 0 0 577 0 14 92 54 12 0 101 240 833 28 27 70 44 0 0 0 1 1218 0 58 107 0 0 0 0 0
1585331124.010865 3 0 1255 2659 2127 1.473167 0.478602 0.031361 0.004909 0.343339 1.012564 0.000000 1.400000 9.200000 5.400000 1.200000 0 0 0 0 0 2.800000 2.700000 7.500000 4.200000 0 0 0 0 0.000000 5.800000 10.700000 0.000000 0 0 0 0 1194 0 115 0 18 4 235 14 129 1196 4 231 10 99 8 79 0 0 1215 21 26 6 219 0 153 0 86 128 3 4 2 1 0 153 0 0 577 0 14 92 54 12 0 101 240 833 28 27 75 42 0 0 0 1 1218 0 58 107 0 0 0 0 0
1585331124.020808 3 0 1255 2659 2127 1.477258 0.477238 0.031361 0.004909 0.339521 1.012018 0.000000 1.400000 9.200000 5.400000 1.200000 0 0 0 0 0 2.800000 2.500000 7.500000 4.300000 0 0 0 0 0.000000 5.800000 10.800000 0.000000 0 0 0 0 1194 0 115 0 18 4 221 14 127 1196 4 231 10 99 8 79 0 0 1215 21 41 6 214 0 154 0 86 128 3 4 2 1 0 153 0 0 577 0 14 92 54 12 0 101 240 833 28 25 75 43 0 0 0 1 1218 0 58 108 0 0 0 0 0
1585331124.030839 3 0 1254 2662 2127 1.481348 0.473148 0.031361 0.005727 0.337885 1.012564 0.000000 1.400000 9.200000 5.400000 1.200000 0 0 0 0 0 2.900000 2.500000 7.100000 4.400000 0 0 0 0 0.000000 5.800000 10.700000 0.000000 0 0 0 0 1194 0 115 0 21 4 215 14 129 1196 4 230 10 102 8 79 0 0 1215 21 56 6 199 0 154 0 86 128 3 4 2 1 0 153 0 0 577 0 14 92 54 12 0 101 240 833 29 25 71 44 0 0 0 1 1218 0 58 107 0 0 0 0 0
1585331124.040811 3 0 1254 2662 2127 1.482712 0.466330 0.031361 0.004909 0.334067 1.011200 0.000000 1.400000 9.200000 5.400000 1.200000 0 0 0 0 0 2.900000 2.600000 6.800000 4.500000 0 0 0 0 0.000000 5.900000 10.800000 0.000000 0 0 0 0 1194 0 115 0 18 4 201 14 124 1196 4 230 10 102 8 79 0 0 1215 21 61 6 174 0 155 0 86 128 3 4 2 1 0 153 0 0 577 0 14 92 54 12 0 101 240 833 29 26 68 45 0 0 0 1 1218 0 59 108 0 0 0 0 0
1585331124.050878 3 0 1253 2663 2128 1.484075 0.462240 0.031361 0.004909 0.330249 1.012018 0.000000 1.400000 9.200000 5.400000 1.200000 0 0 0 0 0 2.700000 2.700000 6.900000 4.500000 0 0 0 0 0.000000 5.900000 10.800000 0.000000 0 0 0 0 1194 0 115 0 18 4 187 14 127 1196 4 229 10 103 8 80 0 0 1215 21 66 6 159 0 155 0 87 128 3 4 2 1 0 153 0 0 577 0 14 92 54 12 0 101 240 833 27 27 69 45 0 0 0 1 1218 0 59 108 0 0 0 0 0
1585331124.060870 3 0 1253 2663 2128 1.488166 0.460876 0.031361 0.005727 0.325340 1.012564 0.000000 1.400000 9.200000 5.400000 1.200000 0 0 0 0 0 2.900000 2.500000 7.200000 4.300000 0 0 0 0 0.000000 5.900000 10.900000 0.000000 0 0 0 0 1194 0 115 0 21 4 169 14 129 1196 4 229 10 103 8 80 0 0 1215 21 81 6 154 0 155 0 87 128 3 4 2 1 0 153 0 0 577 0 14 92 54 12 0 101 240 833 29 25 72 43 0 0 0 1 1218 0 59 109 0 0 0 0 0
1585331124.070857 3 0 1253 2664 2128 1.488166 0.459512 0.031361 0.004091 0.320704 1.012018 0.000000 1.400000 9.200000 5.400000 1.200000 0 0 0 0 0 3.000000 2.600000 7.300000 4.500000 0 0 0 0 0.000000 5.900000 10.800000 0.000000 0 0 0 0 1194 0 115 0 15 4 152 14 127 1196 4 229 10 104 8 80 0 0 1215 21 81 6 149 0 156 0 87 128 3 4 2 1 0 153 0 1 577 0 14 92 54 12 0 101 240 833 30 26 73 45 0 0 0 1 1218 0 59 108 0 0 0 0 0
1585331124.080866 3 0 1253 2664 2128 1.489529 0.455422 0.031361 0.004909 0.315796 1.012018 0.000000 1.400000 9.200000 5.400000 1.200000 0 0 0 0 0 3.000000 2.700000 7.300000 4.600000 0 0 0 0 0.000000 5.900000 10.900000 0.000000 0 0 0 0 1194 0 115 0 18 4 134 14 127 1196 4 229 10 104 8 80 0 0 1215 21 86 6 134 0 156 0 87 128 3 4 2 1 0 153 0 0 577 0 14 92 54 12 0 101 240 833 30 27 73 46 0 0 0 1 1218 0 59 109 0 0 0 0 0
1585331124.090825 3 0 1254 2665 2128 1.492257 0.452695 0.031361 0.004909 0.308160 1.012564 0.000000 1.400000 9.200000 5.400000 1.200000 0 0 0 0 0 2.800000 2.300000 7.300000 4.500000 0 0 0 0 0.000000 5.900000 10.900000 0.000000 0 0 0 0 1194 0 115 0 18 4 106 14 129 1196 4 230 10 105 8 80 0 0 1215 21 96 6 124 0 156 0 87 128 3 4 2 1 0 153 0 0 577 0 14 92 54 12 0 101 240 833 28 23 73 45 0 0 0 1 1218 0 59 109 0 0 0 0 0
1585331124.100874 3 0 1254 2665 2128 1.494984 0.451331 0.031361 0.004909 0.302433 1.012018 0.000000 1.400000 9.200000 5.400000 1.200000 0 0 0 0 0 2.700000 2.500000 7.100000 4.600000 0 0 0 0 0.000000 5.900000 10.900000 0.000000 0 0 0 0 1194 0 115 0 18 4 85 14 127 1196 4 230 10 105 8 80 0 0 1215 21 106 6 119 0 156 0 87 128 3 4 2 1 0 153 0 0 577 0 14 92 54 12 0 101 240 833 27 25 71 46 0 0 0 1 1218 0 59 109 0 0 0 0 0
1585331124.110816 3 0 1255 2663 2129 1.497711 0.448604 0.031361 0.004909 0.294797 1.012564 0.000000 1.400000 9.200000 5.400000 1.200000 0 0 0 0 0 2.800000 2.500000 7.300000 4.600000 0 0 0 0 0.000000 5.900000 10.900000 0.000000 0 0 0 0 1194 0 115 0 18 4 57 14 129 1196 4 231 10 103 8 81 0 0 1215 21 116 6 109 0 156 0 87 128 3 4 2 1 0 153 0 0 577 0 14 92 54 12 0 101 240 833 28 25 73 46 0 0 0 1 1218 0 59 109 0 0 0 0 0
1585331124.120845 3 0 1255 2663 2129 1.499074 0.447241 0.031361 0.004909 0.289343 1.012018 0.000000 1.400000 9.200000 5.400000 1.200000 0 0 0 0 0 2.900000 2.500000 7.300000 4.500000 0 0 0 0 0.000000 5.900000 10.900000 0.000000 0 0 0 0 1194 0 115 0 18 4 37 14 127 1196 4 231 10 103 8 81 0 0 1215 21 121 6 104 0 156 0 87 128 3 4 2 1 0 153 0 0 577 0 14 92 54 12 0 101 240 833 29 25 73 45 0 0 0 1 1218 0 59 109 0 0 0 0 0
1585331124.130866 3 0 1259 2658 2131 1.499074 0.439332 0.031361 0.004909 0.282525 1.012018 0.000000 1.400000 9.200000 5.400000 1.200000 0 0 0 0 0 2.900000 2.600000 7.100000 4.100000 0 0 0 0 0.000000 5.900000 10.900000 0.000000 0 0 0 0 1194 0 115 0 18 4 12 14 127 1196 4 235 10 98 8 83 0 0 1215 21 121 6 75 0 156 0 86 128 3 4 2 1 0 153 0 0 577 0 14 92 54 12 0 101 240 833 29 26 71 41 0 0 0 1 1218 0 59 109 0 0 0 0 0
1585331124.140872 3 0 1259 2658 2131 1.501529 0.436332 0.031361 0.004909 0.272980 1.012564 0.000000 1.400000 9.200000 5.400000 1.200000 0 0 0 0 0 2.700000 2.500000 6.900000 4.100000 0 0 0 0 0.000000 5.900000 10.900000 0.000000 0 0 0 0 1194 0 115 0 18 3 233 14 129 1196 4 235 10 98 8 83 0 0 1215 21 130 6 64 0 154 0 86 128 3 4 2 1 0 153 0 0 577 0 14 92 54 12 0 101 240 833 27 25 69 41 0 0 0 1 1218 0 59 109 0 0 0 0 0
1585331124.150909 3 0 1265 2652 2132 1.501529 0.430878 0.031361 0.004909 0.266435 1.012564 0.000000 1.100000 8.400000 5.400000 1.200000 0 0 0 0 0 2.900000 2.500000 6.900000 4.500000 0 0 0 0 0.000000 5.800000 10.800000 0.000000 0 0 0 0 1194 0 115 0 18 3 209 14 129 1196 4 241 10 92 8 84 0 0 1215 21 130 6 44 0 154 0 85 128 3 4 2 1 0 153 0 0 577 0 11 84 54 12 0 101 240 833 29 25 69 45 0 0 0 1 1218 0 58 108 0 0 0 0 0
1585331124.160867 3 0 1265 2652 2132 1.502892 0.428151 0.031361 0.004909 0.259618 1.012018 0.000000 0.900000 7.900000 5.400000 1.200000 0 0 0 0 0 2.900000 2.500000 7.000000 4.500000 0 0 0 0 0.000000 5.800000 10.800000 0.000000 0 0 0 0 1194 0 115 0 18 3 184 14 127 1196 4 241 10 92 8 84 0 0 1215 21 135 6 34 0 153 0 84 128 3 4 2 1 0 153 0 0 577 0 9 79 54 12 0 101 240 833 29 25 70 45 0 0 0 1 1218 0 58 108 0 0 0 0 0
1585331124.170909 3 0 1271 2648 2133 1.504256 0.424060 0.031361 0.004091 0.251982 1.012564 0.000000 1.000000 8.100000 5.400000 1.200000 0 0 0 0 0 2.700000 2.600000 7.200000 4.300000 0 0 0 0 0.000000 5.700000 10.700000 0.000000 0 0 0 0 1194 0 115 0 15 3 156 14 129 1196 4 247 10 88 8 85 0 0 1215 21 140 6 19 0 152 0 83 128 3 4 2 1 0 153 0 1 577 0 10 81 54 12 0 101 240 833 27 26 72 43 0 0 0 1 1218 0 57 107 0 0 0 0 0
1585331124.180867 3 0 1271 2648 2133 1.504256 0.418606 0.031361 0.004091 0.246528 1.012564 0.000000 1.000000 8.000000 5.400000 1.200000 0 0 0 0 0 2.700000 2.600000 7.200000 4.400000 0 0 0 0 0.000000 5.700000 10.600000 0.000000 0 0 0 0 1194 0 115 0 15 3 136 14 129 1196 4 247 10 88 8 85 0 0 1215 21 140 5 255 0 151 0 82 128 3 4 2 1 0 153 0 0 577 0 10 80 54 12 0 101 240 833 27 26 72 44 0 0 0 1 1218 0 57 106 0 0 0 0 0
1585331124.190871 3 0 1276 2637 2136 1.504256 0.415879 0.031361 0.005727 0.241619 1.012564 0.000000 1.000000 8.100000 5.400000 1.200000 0 0 0 0 0 2.600000 2.500000 7.000000 4.500000 0 0 0 0 0.000000 5.600000 10.500000 0.000000 0 0 0 0 1194 0 115 0 21 3 118 14 129 1196 4 252 10 77 8 88 0 0 1215 21 140 5 245 0 150 0 81 128 3 4 2 1 0 153 0 0 577 0 10 81 54 12 0 101 240 833 26 25 70 45 0 0 0 1 1218 0 56 105 0 0 0 0 0
1585331124.200971 3 0 1276 2637 2136 1.505619 0.411789 0.031361 0.004909 0.233165 1.012564 0.000000 1.000000 8.100000 5.400000 1.200000 0 0 0 0 0 2.800000 2.700000 7.200000 4.700000 0 0 0 0 0.000000 5.600000 10.500000 0.000000 0 0 0 0 1194 0 115 0 18 3 87 14 129 1196 4 252 10 77 8 88 0 0 1215 21 145 5 230 0 148 0 81 128 3 4 2 1 0 153 0 0 577 0 10 81 54 12 0 101 240 833 28 27 72 47 0 0 0 1 1218 0 56 105 0 0 0 0 0
1585331124.210895 3 0 1280 2631 2138 1.506983 0.407698 0.031361 0.004909 0.227438 1.012564 0.000000 1.000000 8.100000 5.400000 1.200000 0 0 0 0 0 2.600000 2.600000 7.100000 4.600000 0 0 0 0 0.000000 5.500000 10.400000 0.000000 0 0 0 0 1194 0 115 0 18 3 66 14 129 1196 5 0 10 71 8 90 0 0 1215 21 150 5 215 0 147 0 80 128 3 4 2 1 0 153 0 0 577 0 10 81 54 12 0 101 240 833 26 26 71 46 0 0 0 1 1218 0 55 104 0 0 0 0 0
1585331124.220875 3 0 1280 2631 2138 1.508346 0.404971 0.031361 0.004091 0.220621 1.012564 0.000000 1.000000 8.100000 5.400000 1.200000 0 0 0 0 0 2.700000 2.400000 7.200000 4.300000 0 0 0 0 0.000000 5.500000 10.300000 0.000000 0 0 0 0 1194 0 115 0 15 3 41 14 129 1196 5 0 10 71 8 90 0 0 1215 21 155 5 205 0 146 0 79 128 3 4 2 1 0 153 0 0 577 0 10 81 54 12 0 101 240 833 27 24 72 43 0 0 0 1 1218 0 55 103 0 0 0 0 0
1585331124.230896 3 0 1283 2623 2140 1.508346 0.399517 0.031361 0.004909 0.214894 1.012564 0.000000 1.000000 8.100000 5.400000 1.200000 0 0 0 0 0 2.900000 2.500000 7.200000 4.400000 0 0 0 0 0.000000 5.400000 10.200000 0.000000 0 0 0 0 1194 0 115 0 18 3 20 14 129 1196 5 3 10 63 8 92 0 0 1215 21 155 5 185 0 144 0 79 128 3 4 2 1 0 153 0 0 577 0 10 81 54 12 0 101 240 833 29 25 72 44 0 0 0 1 1218 0 54 102 0 0 0 0 0
1585331124.240927 3 0 1283 2623 2140 1.508346 0.395426 0.031361 0.004909 0.209167 1.012564 0.000000 1.000000 8.100000 5.400000 1.200000 0 0 0 0 0 2.600000 2.700000 7.300000 4.300000 0 0 0 0 0.000000 5.400000 10.100000 0.000000 0 0 0 0 1194 0 115 0 18 2 255 14 129 1196 5 3 10 63 8 92 0 0 1215 21 155 5 170 0 143 0 78 128 3 4 2 1 0 153 0 0 577 0 10 81 54 12 0 101 240 833 26 27 73 43 0 0 0 1 1218 0 54 101 0 0 0 0 0
1585331124.250879 3 0 1286 2614 2141 1.508346 0.391336 0.031361 0.005727 0.205349 1.012018 0.000000 1.000000 8.100000 5.400000 1.200000 0 0 0 0 0 2.500000 2.500000 6.900000 4.600000 0 0 0 0 0.000000 5.400000 10.000000 0.000000 0 0 0 0 1194 0 115 0 21 2 241 14 127 1196 5 6 10 54 8 93 0 0 1215 21 155 5 155 0 141 0 77 128 3 4 2 1 0 153 0 0 577 0 10 81 54 12 0 101 240 833 25 25 69 46 0 0 0 1 1218 0 54 100 0 0 0 0 0
1585331124.260904 3 0 1286 2614 2141 1.509710 0.387245 0.031361 0.004909 0.198804 1.012018 0.000000 1.000000 8.100000 5.400000 1.200000 0 0 0 0 0 2.800000 2.600000 6.800000 4.500000 0 0 0 0 0.000000 5.300000 10.000000 0.000000 0 0 0 0 1194 0 115 0 18 2 217 14 127 1196 5 6 10 54 8 93 0 0 1215 21 160 5 140 0 140 0 77 128 3 4 2 1 0 153 0 0 577 0 10 81 54 12 0 101 240 833 28 26 68 45 0 0 0 1 1218 0 53 100 0 0 0 0 0
1585331124.270902 3 0 1288 2605 2143 1.511073 0.383154 0.031361 0.004909 0.190350 1.012018 0.000000 1.000000 8.100000 5.400000 1.200000 0 0 0 0 0 2.800000 2.600000 6.800000 4.500000 0 0 0 0 0.000000 5.300000 9.800000 0.000000 0 0 0 0 1194 0 115 0 18 2 186 14 127 1196 5 8 10 45 8 95 0 0 1215 21 165 5 125 0 138 0 76 128 3 4 2 1 0 153 0 1 577 0 10 81 54 12 0 101 240 833 28 26 68 45 0 0 0 1 1218 0 53 98 0 0 0 0 0
1585331124.280911 3 0 1288 2605 2143 1.511073 0.377700 0.031361 0.004909 0.185441 1.012018 0.000000 1.000000 8.100000 5.400000 1.200000 0 0 0 0 0 2.800000 2.600000 6.800000 4.500000 0 0 0 0 0.000000 5.300000 9.700000 0.000000 0 0 0 0 1194 0 115 0 18 2 168 14 127 1196 5 8 10 45 8 95 0 0 1215 21 165 5 105 0 137 0 76 128 3 4 2 1 0 153 0 0 577 0 10 81 54 12 0 101 240 833 28 26 68 45 0 0 0 1 1218 0 53 97 0 0 0 0 0
1585331124.290942 3 0 1289 2598 2146 1.512437 0.372519 0.031361 0.004909 0.179714 1.012564 0.000000 1.000000 8.100000 5.400000 1.200000 0 0 0 0 0 2.800000 2.600000 6.800000 4.500000 0 0 0 0 0.000000 5.200000 9.600000 0.000000 0 0 0 0 1194 0 115 0 18 2 147 14 129 1196 5 9 10 38 8 98 0 0 1215 21 170 5 86 0 135 0 76 128 3 4 2 1 0 153 0 0 577 0 10 81 54 12 0 101 248 833 28 26 68 45 0 0 0 1 1218 0 52 96 0 0 0 0 0
1585331124.300961 3 0 1289 2598 2146 1.513800 0.371155 0.031361 0.004909 0.173988 1.012564 0.000000 1.000000 8.100000 5.400000 1.200000 0 0 0 0 0 2.800000 2.600000 6.800000 4.500000 0 0 0 0 0.000000 5.200000 9.500000 0.000000 0 0 0 0 1194 0 115 0 18 2 126 14 129 1196 5 9 10 38 8 98 0 0 1215 21 175 5 81 0 134 0 75 128 3 4 2 1 0 153 0 0 577 0 10 81 54 12 0 101 248 833 28 26 68 45 0 0 0 1 1218 0 52 95 0 0 0 0 0
1585331124.310956 3 0 1292 2592 2146 1.516527 0.369792 0.031361 0.004909 0.169351 1.012018 0.000000 0.900000 7.900000 5.300000 1.200000 0 0 0 0 0 2.700000 2.600000 7.100000 4.400000 0 0 0 0 0.000000 5.200000 9.500000 0.000000 0 0 0 0 1194 0 115 0 18 2 109 14 127 1196 5 12 10 32 8 98 0 0 1215 21 185 5 76 0 133 0 75 128 3 4 2 1 0 153 0 0 577 0 9 79 53 12 0 101 248 833 27 26 71 44 0 0 0 1 1218 0 52 95 0 0 0 0 0
1585331124.320898 3 0 1292 2592 2146 1.515164 0.364337 0.031361 0.004091 0.161716 1.012564 0.000000 0.700000 7.700000 5.200000 1.200000 0 0 0 0 0 2.600000 2.400000 7.100000 4.500000 0 0 0 0 0.000000 5.200000 9.400000 0.000000 0 0 0 0 1194 0 115 0 15 2 81 14 129 1196 5 12 10 32 8 98 0 0 1215 21 180 5 56 0 131 0 75 128 3 4 2 1 0 153 0 0 577 0 7 77 52 12 0 101 248 833 26 24 71 45 0 0 0 1 1218 0 52 94 0 0 0 0 0
1585331124.330901 3 0 1294 2585 2148 1.515164 0.358883 0.031361 0.004909 0.153262 1.012564 0.000000 0.800000 7.800000 5.300000 1.200000 0 0 0 0 0 2.600000 2.400000 7.000000 4.000000 0 0 0 0 0.000000 5.200000 9.300000 0.000000 0 0 0 0 1194 0 115 0 18 2 50 14 129 1196 5 14 10 25 8 100 0 0 1215 21 180 5 36 0 130 0 74 128 3 4 2 1 0 153 0 0 577 0 8 78 53 12 0 101 248 833 26 24 70 40 0 0 0 1 1218 0 52 93 0 0 0 0 0
1585331124.340929 3 0 1294 2585 2148 1.513800 0.352066 0.031361 0.004909 0.148353 1.012564 0.000000 0.800000 7.800000 5.200000 1.200000 0 0 0 0 0 2.600000 2.500000 7.000000 4.000000 0 0 0 0 0.000000 5.100000 9.200000 0.000000 0 0 0 0 1194 0 115 0 18 2 32 14 129 1196 5 14 10 25 8 100 0 0 1215 21 175 5 11 0 129 0 74 128 3 4 2 1 0 153 0 0 577 0 8 78 52 12 0 101 248 833 26 25 70 40 0 0 0 1 1218 0 51 92 0 0 0 0 0
1585331124.350889 3 0 1297 2579 2149 1.516527 0.350702 0.031361 0.005727 0.141808 1.012564 0.000000 0.800000 7.800000 5.200000 1.200000 0 0 0 0 0 2.600000 2.700000 7.100000 4.300000 0 0 0 0 0.000000 5.100000 9.200000 0.000000 0 0 0 0 1194 0 115 0 21 2 8 14 129 1196 5 17 10 19 8 101 0 0 1215 21 185 5 6 0 128 0 74 128 3 4 2 1 0 153 0 0 577 0 8 78 52 12 0 101 248 833 26 27 71 43 0 0 0 1 1218 0 51 92 0 0 0 0 0
1585331124.360951 3 0 1297 2579 2149 1.516527 0.346611 0.031361 0.004909 0.134172 1.012018 0.000000 0.800000 7.800000 5.200000 1.200000 0 0 0 0 0 2.500000 2.800000 7.100000 4.200000 0 0 0 0 0.000000 5.100000 9.100000 0.000000 0 0 0 0 1194 0 115 0 18 1 236 14 127 1196 5 17 10 19 8 101 0 0 1215 21 185 4 247 0 127 0 73 128 3 4 2 1 0 153 0 0 577 0 8 78 52 12 0 101 248 833 25 28 71 42 0 0 0 1 1218 0 51 91 0 0 0 0 0
1585331124.370943 3 0 1298 2574 2150 1.516527 0.342521 0.031361 0.004909 0.128445 1.012018 0.000000 0.800000 7.800000 5.200000 1.200000 0 0 0 0 0 2.500000 2.800000 7.000000 4.300000 0 0 0 0 0.000000 5.100000 9.000000 0.000000 0 0 0 0 1194 0 115 0 18 1 215 14 127 1196 5 18 10 14 8 102 0 0 1215 21 185 4 232 0 126 0 73 128 3 4 2 1 0 153 0 1 577 0 8 78 52 12 0 101 248 833 25 28 70 43 0 0 0 1 1218 0 51 90 0 0 0 0 0
1585331124.380907 3 0 1298 2574 2150 1.517891 0.337067 0.031361 0.004909 0.122718 1.012564 0.000000 0.800000 7.800000 5.200000 1.200000 0 0 0 0 0 2.600000 2.600000 7.000000 4.200000 0 0 0 0 0.000000 5.000000 8.900000 0.000000 0 0 0 0 1194 0 115 0 18 1 194 14 129 1196 5 18 10 14 8 102 0 0 1215 21 190 4 212 0 125 0 73 128 3 4 2 1 0 153 0 0 577 0 8 78 52 12 0 101 248 833 26 26 70 42 0 0 0 1 1218 0 50 89 0 0 0 0 0
1585331124.390955 3 0 1301 2570 2152 1.517891 0.332976 0.031361 0.005727 0.116992 1.012018 0.000000 0.800000 7.800000 5.200000 1.200000 0 0 0 0 0 2.700000 2.500000 7.100000 4.300000 0 0 0 0 0.000000 5.000000 8.900000 0.000000 0 0 0 0 1194 0 115 0 21 1 173 14 127 1196 5 21 10 10 8 104 0 0 1215 21 190 4 197 0 124 0 72 128 3 4 2 1 0 153 0 0 577 0 8 78 52 12 0 101 248 833 27 25 71 43 0 0 0 1 1218 0 50 89 0 0 0 0 0
1585331124.400985 3 0 1301 2570 2152 1.519255 0.330249 0.031361 0.004909 0.111265 1.012018 0.000000 0.800000 7.800000 5.200000 1.200000 0 0 0 0 0 2.600000 2.500000 7.000000 4.100000 0 0 0 0 0.000000 5.000000 8.800000 0.000000 0 0 0 0 1194 0 115 0 18 1 152 14 127 1196 5 21 10 10 8 104 0 0 1215 21 195 4 187 0 123 0 72 128 3 4 2 1 0 153 0 0 577 0 8 78 52 12 0 101 248 833 26 25 70 41 0 0 0 1 1218 0 50 88 0 0 0 0 0
1585331124.410976 3 0 1302 2566 2152 1.521982 0.326158 0.031361 0.005727 0.102811 1.012018 0.000000 0.800000 7.800000 5.200000 1.200000 0 0 0 0 0 2.600000 2.700000 7.100000 4.100000 0 0 0 0 0.000000 5.000000 8.800000 0.000000 0 0 0 0 1194 0 115 0 21 1 121 14 127 1196 5 22 10 6 8 104 0 0 1215 21 205 4 172 0 123 0 71 128 3 4 2 1 0 153 0 0 577 0 8 78 52 12 0 101 248 833 26 27 71 41 0 0 0 1 1218 0 50 88 0 0 0 0 0
1585331124.421012 3 0 1302 2566 2152 1.521982 0.322068 0.031361 0.004909 0.097902 1.012018 0.000000 0.800000 7.800000 5.200000 1.200000 0 0 0 0 0 2.500000 2.800000 6.900000 4.200000 0 0 0 0 0.000000 4.900000 8.700000 0.000000 0 0 0 0 1194 0 115 0 18 1 103 14 127 1196 5 22 10 6 8 104 0 0 1215 21 205 4 157 0 122 0 71 128 3 4 2 1 0 153 0 0 577 0 8 78 52 12 0 101 248 833 25 28 69 42 0 0 0 1 1218 0 49 87 0 0 0 0 0
1585331124.430965 3 0 1304 2563 2151 1.523345 0.317977 0.031361 0.004909 0.093266 1.012564 0.000000 0.800000 7.800000 5.200000 1.200000 0 0 0 0 0 2.500000 2.600000 6.800000 4.300000 0 0 0 0 0.000000 4.900000 8.700000 0.000000 0 0 0 0 1194 0 115 0 18 1 86 14 129 1196 5 24 10 3 8 103 0 0 1215 21 210 4 142 0 121 0 71 128 3 4 2 1 0 153 0 0 577 0 8 78 52 12 0 101 248 833 25 26 68 43 0 0 0 1 1218 0 49 87 0 0 0 0 0
1585331124.440936 3 0 1304 2563 2151 1.524709 0.313887 0.031361 0.004909 0.087539 1.012564 0.000000 0.800000 7.800000 5.200000 1.200000 0 0 0 0 0 2.600000 2.600000 7.200000 4.600000 0 0 0 0 0.000000 4.900000 8.600000 0.000000 0 0 0 0 1194 0 115 0 18 1 65 14 129 1196 5 24 10 3 8 103 0 0 1215 21 215 4 127 0 121 0 71 128 3 4 2 1 0 153 0 0 577 0 8 78 52 12 0 101 248 833 26 26 72 46 0 0 0 1 1218 0 49 86 0 0 0 0 0
1585331124.450998 3 0 1305 2559 2152 1.527436 0.311159 0.031361 0.004091 0.080721 1.012018 0.000000 0.800000 7.800000 5.200000 1.200000 0 0 0 0 0 2.500000 2.700000 7.400000 4.400000 0 0 0 0 0.000000 4.900000 8.600000 0.000000 0 0 0 0 1194 0 115 0 15 1 40 14 127 1196 5 25 9 255 8 104 0 0 1215 21 225 4 117 0 120 0 71 128 3 4 2 1 0 153 0 0 577 0 8 78 52 12 0 101 248 833 25 27 74 44 0 0 0 1 1218 0 49 86 0 0 0 0 0
1585331124.460989 3 0 1305 2559 2152 1.528799 0.307342 0.031361 0.005727 0.076085 1.012564 0.000000 0.800000 7.800000 5.200000 1.200000 0 0 0 0 0 2.400000 2.700000 7.200000 4.300000 0 0 0 0 0.000000 4.900000 8.500000 0.000000 0 0 0 0 1194 0 115 0 21 1 23 14 129 1196 5 25 9 255 8 104 0 0 1215 21 230 4 103 0 119 0 70 128 3 4 2 1 0 153 0 0 577 0 8 78 52 12 0 101 248 833 24 27 72 43 0 0 0 1 1218 0 49 85 0 0 0 0 0
1585331124.470958 3 0 1308 2554 2152 1.530163 0.305978 0.031361 0.004909 0.069540 1.012018 0.000000 0.800000 7.800000 5.200000 1.200000 0 0 0 0 0 2.500000 2.400000 7.000000 4.200000 0 0 0 0 0.000000 4.900000 8.500000 0.000000 0 0 0 0 1194 0 115 0 18 0 255 14 127 1196 5 28 9 250 8 104 0 0 1215 21 235 4 98 0 118 0 70 128 3 4 2 1 0 152 0 1 577 0 8 78 52 12 0 101 248 833 25 24 70 42 0 0 0 1 1218 0 49 85 0 0 0 0 0
1585331124.480927 3 0 1308 2554 2152 1.530163 0.300524 0.031361 0.004909 0.061905 1.012564 0.000000 0.800000 7.800000 5.200000 1.200000 0 0 0 0 0 2.500000 2.500000 7.200000 4.300000 0 0 0 0 0.000000 4.900000 8.500000 0.000000 0 0 0 0 1194 0 115 0 18 0 227 14 129 1196 5 28 9 250 8 104 0 0 1215 21 235 4 78 0 118 0 69 128 3 4 2 1 0 153 0 0 577 0 8 78 52 12 0 101 248 833 25 25 72 43 0 0 0 1 1218 0 49 85 0 0 0 0 0
1585331124.491004 3 0 1310 2549 2152 1.531526 0.299160 0.031361 0.004091 0.056178 1.012018 0.000000 0.800000 7.800000 5.200000 1.200000 0 0 0 0 0 2.400000 2.500000 7.300000 4.300000 0 0 0 0 0.000000 4.800000 8.400000 0.000000 0 0 0 0 1194 0 115 0 15 0 206 14 127 1196 5 30 9 245 8 104 0 0 1215 21 240 4 73 0 117 0 69 128 3 4 2 1 0 153 0 0 577 0 8 78 52 12 0 101 248 833 24 25 73 43 0 0 0 1 1218 0 48 84 0 0 0 0 0
1585331124.501023 3 0 1310 2549 2152 1.531526 0.290979 0.031361 0.004909 0.050451 1.012564 0.000000 0.800000 7.800000 5.200000 1.200000 0 0 0 0 0 2.500000 2.600000 7.100000 4.500000 0 0 0 0 0.000000 4.800000 8.300000 0.000000 0 0 0 0 1194 0 115 0 18 0 185 14 129 1196 5 30 9 245 8 104 0 0 1215 21 240 4 43 0 116 0 69 128 3 4 2 1 0 153 0 0 577 0 8 78 52 12 0 101 248 833 25 26 71 45 0 0 0 1 1218 0 48 83 0 0 0 0 0
1585331124.511039 3 0 1312 2543 2153 1.532890 0.286888 0.031361 0.005727 0.044724 1.012564 0.000000 0.800000 7.800000 5.200000 1.200000 0 0 0 0 0 2.600000 2.900000 7.100000 4.300000 0 0 0 0 0.000000 4.800000 8.300000 0.000000 0 0 0 0 1194 0 115 0 21 0 164 14 129 1196 5 32 9 239 8 105 0 0 1215 21 245 4 28 0 115 0 68 128 3 4 2 1 0 153 0 0 577 0 8 78 52 12 0 101 248 833 26 29 71 43 0 0 0 1 1218 0 48 83 0 0 0 0 0
1585331124.521031 3 0 1312 2543 2153 1.532890 0.282798 0.031361 0.004909 0.037088 1.012018 0.000000 0.800000 7.800000 5.200000 1.200000 0 0 0 0 0 2.400000 2.600000 7.100000 4.300000 0 0 0 0 0.000000 4.800000 8.200000 0.000000 0 0 0 0 1194 0 115 0 18 0 136 14 127 1196 5 32 9 239 8 105 0 0 1215 21 245 4 13 0 114 0 68 128 3 4 2 1 0 153 0 0 577 0 8 78 52 12 0 101 248 833 24 26 71 43 0 0 0 1 1218 0 48 82 0 0 0 0 0
1585331124.531025 3 0 1314 2537 2152 1.531526 0.277344 0.031361 0.004909 0.033270 1.012564 0.000000 0.800000 7.800000 5.200000 1.200000 0 0 0 0 0 2.400000 2.700000 7.100000 4.500000 0 0 0 0 0.000000 4.700000 8.100000 0.000000 0 0 0 0 1194 0 115 0 18 0 122 14 129 1196 5 34 9 233 8 104 0 0 1215 21 240 3 249 0 113 0 67 128 3 4 2 1 0 153 0 0 577 0 8 78 52 12 0 101 248 833 24 27 71 45 0 0 0 1 1218 0 47 81 0 0 0 0 0
1585331124.541015 3 0 1314 2537 2152 1.532890 0.271890 0.031361 0.004909 0.027543 1.012018 0.000000 0.800000 7.800000 5.200000 1.200000 0 0 0 0 0 2.600000 2.800000 7.100000 4.200000 0 0 0 0 0.000000 4.700000 8.100000 0.000000 0 0 0 0 1194 0 115 0 18 0 101 14 127 1196 5 34 9 233 8 104 0 0 1215 21 245 3 229 0 112 0 67 128 3 4 2 1 0 153 0 0 577 0 8 78 52 12 0 101 248 833 26 28 71 42 0 0 0 1 1218 0 47 81 0 0 0 0 0
1585331124.551083 3 0 1317 2533 2152 1.532890 0.267799 0.031361 0.006545 0.021817 1.012018 0.000000 0.800000 7.800000 5.200000 1.200000 0 0 0 0 0 2.500000 2.700000 7.000000 4.300000 0 0 0 0 0.000000 4.700000 8.000000 0.000000 0 0 0 0 1194 0 115 0 24 0 80 14 127 1196 5 37 9 229 8 104 0 0 1215 21 245 3 214 0 111 0 67 128 3 4 2 1 0 153 0 0 577 0 8 78 52 12 0 101 248 833 25 27 70 43 0 0 0 1 1218 0 47 80 0 0 0 0 0
1585331124.560995 3 0 1317 2533 2152 1.534253 0.266435 0.031361 0.004909 0.019090 1.012018 0.000000 0.800000 7.800000 5.200000 1.200000 0 0 0 0 0 2.400000 2.700000 7.000000 4.200000 0 0 0 0 0.000000 4.700000 7.900000 0.000000 0 0 0 0 1194 0 115 0 18 0 70 14 127 1196 5 37 9 229 8 104 0 0 1215 21 250 3 209 0 110 0 67 128 3 4 2 1 0 153 0 0 577 0 8 78 52 12 0 101 248 833 24 27 70 42 0 0 0 1 1218 0 47 79 0 0 0 0 0
1585331124.571021 3 0 1318 2533 2152 1.536981 0.265072 0.031361 0.005727 0.015272 1.012564 0.000000 0.600000 7.600000 5.200000 1.200000 0 0 0 0 0 2.700000 2.800000 7.100000 4.400000 0 0 0 0 0.000000 4.600000 7.900000 0.000000 0 0 0 0 1194 0 115 0 21 0 56 14 129 1196 5 38 9 229 8 104 0 0 1215 22 4 3 204 0 110 0 66 128 3 4 2 1 0 153 0 1 577 0 6 76 52 12 0 101 248 833 27 28 71 44 0 0 0 1 1218 0 46 79 0 0 0 0 0
1585331124.581002 3 0 1318 2533 2152 1.538344 0.265072 0.031361 0.004909 0.011454 1.012564 0.000000 0.500000 7.500000 5.200000 1.200000 0 0 0 0 0 2.600000 2.800000 7.000000 4.600000 0 0 0 0 0.000000 4.600000 7.800000 0.000000 0 0 0 0 1194 0 115 0 18 0 42 14 129 1196 5 38 9 229 8 104 0 0 1215 22 9 3 204 0 109 0 66 128 3 4 2 1 0 153 0 0 577 0 5 75 52 12 0 101 248 833 26 28 70 46 0 0 0 1 1218 0 46 78 0 0 0 0 0
1585331124.590999 3 0 1319 2532 2153 1.539708 0.262345 0.031361 0.004909 0.010363 1.012564 0.000000 0.500000 7.500000 5.200000 1.200000 0 0 0 0 0 2.300000 2.700000 7.000000 4.200000 0 0 0 0 0.000000 4.600000 7.800000 0.000000 0 0 0 0 1194 0 115 0 18 0 38 14 129 1196 5 39 9 228 8 105 0 0 1215 22 14 3 194 0 109 0 66 128 3 4 2 1 0 153 0 0 577 0 5 75 52 12 0 101 248 833 23 27 70 42 0 0 0 1 1218 0 46 78 0 0 0 0 0
1585331124.601044 3 0 1319 2532 2153 1.541071 0.262345 0.031361 0.004909 0.010363 1.012018 0.000000 0.500000 7.500000 5.200000 1.200000 0 0 0 0 0 2.400000 2.700000 7.100000 4.400000 0 0 0 0 0.000000 4.600000 7.800000 0.000000 0 0 0 0 1194 0 115 0 18 0 38 14 127 1196 5 39 9 228 8 105 0 0 1215 22 19 3 194 0 109 0 66 128 3 4 2 1 0 153 0 0 577 0 5 75 52 12 0 101 248 833 24 27 71 44 0 0 0 1 1218 0 46 78 0 0 0 0 0
1585331124.611052 3 0 1319 2533 2153 1.542435 0.262345 0.031361 0.005727 0.010363 1.012564 0.000000 0.500000 7.600000 5.200000 1.200000 0 0 0 0 0 2.600000 2.400000 6.900000 4.400000 0 0 0 0 0.000000 4.600000 7.800000 0.000000 0 0 0 0 1194 0 115 0 21 0 38 14 129 1196 5 39 9 229 8 105 0 0 1215 22 24 3 194 0 109 0 66 128 3 4 2 1 0 153 0 0 577 0 5 76 52 12 0 101 248 833 26 24 69 44 0 0 0 1 1218 0 46 78 0 0 0 0 0
1585331124.621160 3 0 1319 2533 2153 1.542435 0.262345 0.031361 0.004909 0.010363 1.012564 0.000000 0.500000 7.600000 5.200000 1.200000 0 0 0 0 0 2.500000 2.200000 7.000000 3.900000 0 0 0 0 0.000000 4.600000 7.800000 0.000000 0 0 0 0 1194 0 115 0 18 0 38 14 129 1196 5 39 9 229 8 105 0 0 1215 22 24 3 194 0 109 0 65 128 3 4 2 1 0 153 0 0 577 0 5 76 52 12 0 101 248 833 25 22 70 39 0 0 0 1 1218 0 46 78 0 0 0 0 0
1585331124.631070 3 0 1320 2533 2152 1.543798 0.265072 0.031361 0.005727 0.010363 1.012018 0.000000 0.500000 7.600000 5.200000 1.200000 0 0 0 0 0 2.500000 2.400000 7.200000 4.400000 0 0 0 0 0.000000 4.600000 7.800000 0.000000 0 0 0 0 1194 0 115 0 21 0 38 14 127 1196 5 40 9 229 8 104 0 0 1215 22 29 3 204 0 109 0 65 128 3 4 2 1 0 153 0 0 577 0 5 76 52 12 0 101 248 833 25 24 72 44 0 0 0 1 1218 0 46 78 0 0 0 0 0
1585331124.641021 3 0 1320 2533 2152 1.542435 0.262345 0.031361 0.004091 0.012272 1.012564 0.000000 0.500000 7.600000 5.200000 1.200000 0 0 0 0 0 2.500000 2.400000 7.100000 4.800000 0 0 0 0 0.000000 4.600000 7.800000 0.000000 0 0 0 0 1194 0 115 0 15 0 45 14 129 1196 5 40 9 229 8 104 0 0 1215 22 24 3 194 0 109 0 65 128 3 4 2 1 0 153 0 0 577 0 5 76 52 12 0 101 248 833 25 24 71 48 0 0 0 1 1218 0 46 78 0 0 0 0 0
1585331124.651092 3 0 1321 2533 2152 1.543798 0.263708 0.031361 0.004909 0.010363 1.012564 0.000000 0.500000 7.600000 5.200000 1.200000 0 0 0 0 0 2.600000 2.500000 6.900000 4.600000 0 0 0 0 0.000000 4.600000 7.800000 0.000000 0 0 0 0 1194 0 115 0 18 0 38 14 129 1196 5 41 9 229 8 104 0 0 1215 22 29 3 199 0 109 0 65 128 3 4 2 1 0 153 0 0 577 0 5 76 52 12 0 101 248 833 26 25 69 46 0 0 0 1 1218 0 46 78 0 0 0 0 0
1585331124.661071 3 0 1321 2533 2152 1.543798 0.262345 0.031361 0.004909 0.010363 1.012564 0.000000 0.500000 7.600000 5.100000 1.200000 0 0 0 0 0 2.500000 2.500000 6.600000 4.800000 0 0 0 0 0.000000 4.600000 7.800000 0.000000 0 0 0 0 1194 0 115 0 18 0 38 14 129 1196 5 41 9 229 8 104 0 0 1215 22 29 3 194 0 109 0 65 128 3 4 2 1 0 153 0 0 577 0 5 76 51 12 0 101 248 833 25 25 66 48 0 0 0 1 1218 0 46 78 0 0 0 0 0
1585331124.671063 3 0 1319 2532 2152 1.543798 0.262345 0.031361 0.004909 0.010363 1.012564 0.000000 0.500000 7.600000 5.200000 1.200000 0 0 0 0 0 2.500000 2.600000 6.900000 4.600000 0 0 0 0 0.000000 4.600000 7.800000 0.000000 0 0 0 0 1194 0 115 0 18 0 38 14 129 1196 5 39 9 228 8 104 0 0 1215 22 29 3 194 0 109 0 65 128 3 4 2 1 0 153 0 1 577 0 5 76 52 12 0 101 248 833 25 26 69 46 0 0 0 1 1218 0 46 78 0 0 0 0 0
1585331124.681023 3 0 1319 2532 2152 1.543798 0.262345 0.031361 0.004909 0.010363 1.012564 0.000000 0.500000 7.600000 5.200000 1.200000 0 0 0 0 0 2.600000 2.600000 7.100000 4.800000 0 0 0 0 0.000000 4.500000 7.800000 0.000000 0 0 0 0 1194 0 115 0 18 0 38 14 129 1196 5 39 9 228 8 104 0 0 1215 22 29 3 194 0 109 0 65 128 3 4 2 1 0 154 0 0 577 0 5 76 52 12 0 101 248 833 26 26 71 48 0 0 0 1 1218 0 45 78 0 0 0 0 0
1585331124.691019 3 0 1321 2533 2153 1.543798 0.262345 0.031361 0.005727 0.010363 1.012564 0.000000 0.500000 7.600000 5.200000 1.200000 0 0 0 0 0 2.500000 2.700000 7.400000 5.100000 0 0 0 0 0.000000 4.500000 7.800000 0.000000 0 0 0 0 1194 0 115 0 21 0 38 14 129 1196 5 41 9 229 8 105 0 0 1215 22 29 3 194 0 109 0 65 128 3 4 2 1 0 153 0 0 577 0 5 76 52 12 0 101 248 833 25 27 74 51 0 0 0 1 1218 0 45 78 0 0 0 0 0
1585331124.701139 3 0 1321 2533 2153 1.543798 0.262345 0.031361 0.004091 0.010363 1.012564 0.000000 0.500000 7.600000 5.100000 1.200000 0 0 0 0 0 2.400000 2.800000 7.100000 4.600000 0 0 0 0 0.000000 4.600000 7.800000 0.000000 0 0 0 0 1194 0 115 0 15 0 38 14 129 1196 5 41 9 229 8 105 0 0 1215 22 29 3 194 0 109 0 65 128 3 4 2 1 0 153 0 0 577 0 5 76 51 12 0 101 248 833 24 28 71 46 0 0 0 1 1218 0 46 78 0 0 0 0 0
1585331124.711086 3 0 1322 2532 2153 1.543798 0.260981 0.031361 0.005727 0.010363 1.012018 0.000000 0.500000 7.600000 5.200000 1.200000 0 0 0 0 0 2.400000 2.600000 6.900000 5.000000 0 0 0 0 0.000000 4.600000 7.800000 0.000000 0 0 0 0 1194 0 115 0 21 0 38 14 127 1196 5 42 9 228 8 105 0 0 1215 22 29 3 189 0 109 0 65 128 3 4 2 1 0 153 0 0 577 0 5 76 52 12 0 101 248 833 24 26 69 50 0 0 0 1 1218 0 46 78 0 0 0 0 0
1585331124.721121 3 0 1322 2532 2153 1.543798 0.262345 0.031361 0.004909 0.010363 1.012564 0.000000 0.500000 7.600000 5.100000 1.200000 0 0 0 0 0 2.400000 2.400000 7.000000 4.600000 0 0 0 0 0.000000 4.500000 7.800000 0.000000 0 0 0 0 1194 0 115 0 18 0 38 14 129 1196 5 42 9 228 8 105 0 0 1215 22 29 3 194 0 109 0 65 128 3 4 2 1 0 153 0 0 577 0 5 76 51 12 0 101 248 833 24 24 70 46 0 0 0 1 1218 0 45 78 0 0 0 0 0
1585331124.731042 3 0 1321 2533 2153 1.543798 0.260981 0.031361 0.004909 0.010363 1.012564 0.000000 0.500000 7.600000 5.200000 1.200000 0 0 0 0 0 2.400000 2.500000 7.100000 4.400000 0 0 0 0 0.000000 4.500000 7.800000 0.000000 0 0 0 0 1194 0 115 0 18 0 38 14 129 1196 5 41 9 229 8 105 0 0 1215 22 29 3 189 0 109 0 65 128 3 4 2 1 0 153 0 0 577 0 5 76 52 12 0 101 248 833 24 25 71 44 0 0 0 1 1218 0 45 78 0 0 0 0 0
1585331124.741104 3 0 1321 2533 2153 1.543798 0.260981 0.031361 0.004909 0.010363 1.012018 0.000000 0.500000 7.600000 5.100000 1.200000 0 0 0 0 0 2.700000 2.500000 7.100000 4.300000 0 0 0 0 0.000000 4.500000 7.800000 0.000000 0 0 0 0 1194 0 115 0 18 0 38 14 127 1196 5 41 9 229 8 105 0 0 1215 22 29 3 189 0 109 0 65 128 3 4 2 1 0 153 0 0 577 0 5 76 51 12 0 101 248 833 27 25 71 43 0 0 0 1 1218 0 45 78 0 0 0 0 0
1585331124.751065 3 0 1322 2533 2153 1.543798 0.260981 0.031361 0.005727 0.010363 1.012018 0.000000 0.500000 7.600000 5.200000 1.200000 0 0 0 0 0 2.800000 2.500000 7.000000 4.100000 0 0 0 0 0.000000 4.500000 7.800000 0.000000 0 0 0 0 1194 0 115 0 21 0 38 14 127 1196 5 42 9 229 8 105 0 0 1215 22 29 3 189 0 109 0 65 128 3 4 2 1 0 154 0 0 577 0 5 76 52 12 0 101 248 833 28 25 70 41 0 0 0 1 1218 0 45 78 0 0 0 0 0
1585331124.761035 3 0 1322 2533 2153 1.542435 0.260981 0.031361 0.005727 0.010363 1.012564 0.000000 0.500000 7.600000 5.100000 1.200000 0 0 0 0 0 2.500000 2.600000 7.100000 4.700000 0 0 0 0 0.000000 4.500000 7.800000 0.000000 0 0 0 0 1194 0 115 0 21 0 38 14 129 1196 5 42 9 229 8 105 0 0 1215 22 24 3 189 0 109 0 64 128 3 4 2 1 0 153 0 0 577 0 5 76 51 12 0 101 248 833 25 26 71 47 0 0 0 1 1218 0 45 78 0 0 0 0 0
1585331124.771062 3 0 1322 2534 2153 1.543798 0.262345 0.031361 0.005727 0.010363 1.012564 0.000000 0.500000 7.600000 5.200000 1.200000 0 0 0 0 0 2.500000 2.700000 7.000000 4.400000 0 0 0 0 0.000000 4.500000 7.800000 0.000000 0 0 0 0 1194 0 115 0 21 0 38 14 129 1196 5 42 9 230 8 105 0 0 1215 22 29 3 194 0 109 0 64 128 3 4 2 1 0 153 0 1 577 0 5 76 52 12 0 101 248 833 25 27 70 44 0 0 0 1 1218 0 45 78 0 0 0 0 0
1585331124.781063 3 0 1322 2534 2153 1.543798 0.262345 0.031361 0.004909 0.009545 1.012564 0.000000 0.500000 7.700000 5.100000 1.200000 0 0 0 0 0 2.500000 2.700000 6.900000 4.000000 0 0 0 0 0.000000 4.500000 7.800000 0.000000 0 0 0 0 1194 0 115 0 18 0 35 14 129 1196 5 42 9 230 8 105 0 0 1215 22 29 3 194 0 110 0 64 128 3 4 2 1 0 153 0 0 577 0 5 77 51 12 0 101 248 833 25 27 69 40 0 0 0 1 1218 0 45 78 0 0 0 0 0
1585331124.791054 3 0 1323 2534 2153 1.543798 0.260981 0.031361 0.005727 0.010363 1.012564 0.000000 0.500000 7.700000 5.200000 1.200000 0 0 0 0 0 2.500000 2.800000 7.000000 4.500000 0 0 0 0 0.000000 4.500000 7.800000 0.000000 0 0 0 0 1194 0 115 0 21 0 38 14 129 1196 5 43 9 230 8 105 0 0 1215 22 29 3 189 0 110 0 64 128 3 4 2 1 0 154 0 0 577 0 5 77 52 12 0 101 248 833 25 28 70 45 0 0 0 1 1218 0 45 78 0 0 0 0 0
1585331124.801115 3 0 1323 2534 2153 1.543798 0.260981 0.031361 0.005727 0.010363 1.012564 0.000000 0.500000 7.700000 5.100000 1.200000 0 0 0 0 0 2.500000 2.600000 6.900000 4.800000 0 0 0 0 0.000000 4.500000 7.900000 0.000000 0 0 0 0 1194 0 115 0 21 0 38 14 129 1196 5 43 9 230 8 105 0 0 1215 22 29 3 189 0 110 0 64 128 3 4 2 1 0 153 0 0 577 0 5 77 51 12 0 101 248 833 25 26 69 48 0 0 0 1 1218 0 45 79 0 0 0 0 0
1585331124.811055 3 0 1322 2534 2153 1.543798 0.260981 0.031361 0.004909 0.010363 1.012564 0.000000 0.500000 7.700000 5.200000 1.200000 0 0 0 0 0 2.500000 2.500000 6.900000 4.400000 0 0 0 0 0.000000 4.500000 7.900000 0.000000 0 0 0 0 1194 0 115 0 18 0 38 14 129 1196 5 42 9 230 8 105 0 0 1215 22 29 3 189 0 110 0 64 128 3 4 2 1 0 153 0 0 577 0 5 77 52 12 0 101 248 833 25 25 69 44 0 0 0 1 1218 0 45 79 0 0 0 0 0
1585331124.821099 3 0 1322 2534 2153 1.543798 0.260981 0.031361 0.004909 0.010363 1.012564 0.000000 0.500000 7.700000 5.100000 1.200000 0 0 0 0 0 2.500000 2.700000 6.900000 4.700000 0 0 0 0 0.000000 4.500000 7.900000 0.000000 0 0 0 0 1194 0 115 0 18 0 38 14 129 1196 5 42 9 230 8 105 0 0 1215 22 29 3 189 0 109 0 64 128 3 4 2 1 0 154 0 0 577 0 5 77 51 12 0 101 248 833 25 27 69 47 0 0 0 1 1218 0 45 79 0 0 0 0 0
1585331124.831112 3 0 1322 2533 2153 1.542435 0.259618 0.031361 0.005727 0.010363 1.012564 0.000000 0.500000 7.700000 5.200000 1.200000 0 0 0 0 0 2.700000 2.800000 7.000000 4.700000 0 0 0 0 0.000000 4.500000 7.900000 0.000000 0 0 0 0 1194 0 115 0 21 0 38 14 129 1196 5 42 9 229 8 105 0 0 1215 22 24 3 184 0 110 0 64 128 3 4 2 1 0 153 0 0 577 0 5 77 52 12 0 101 248 833 27 28 70 47 0 0 0 1 1218 0 45 79 0 0 0 0 0
1585331124.841166 3 0 1322 2533 2153 1.543798 0.262345 0.031361 0.004909 0.010363 1.012564 0.000000 0.500000 7.700000 5.100000 1.200000 0 0 0 0 0 2.700000 2.600000 7.200000 4.300000 0 0 0 0 0.000000 4.500000 7.900000 0.000000 0 0 0 0 1194 0 115 0 18 0 38 14 129 1196 5 42 9 229 8 105 0 0 1215 22 29 3 194 0 109 0 64 128 3 4 2 1 0 153 0 0 577 0 5 77 51 12 0 101 248 833 27 26 72 43 0 0 0 1 1218 0 45 79 0 0 0 0 0
1585331124.851131 3 0 1322 2533 2153 1.542435 0.259618 0.031361 0.004909 0.010363 1.012564 0.000000 0.500000 7.700000 5.200000 1.200000 0 0 0 0 0 2.600000 2.700000 7.000000 4.500000 0 0 0 0 0.000000 4.500000 7.800000 0.000000 0 0 0 0 1194 0 115 0 18 0 38 14 129 1196 5 42 9 229 8 105 0 0 1215 22 24 3 184 0 110 0 64 128 3 4 2 1 0 153 0 0 577 0 5 77 52 12 0 101 248 833 26 27 70 45 0 0 0 1 1218 0 45 78 0 0 0 0 0
1585331124.861143 3 0 1322 2533 2153 1.543798 0.260981 0.031361 0.004909 0.010363 1.012564 0.000000 0.500000 7.700000 5.100000 1.200000 0 0 0 0 0 2.700000 2.700000 6.900000 4.700000 0 0 0 0 0.000000 4.500000 7.800000 0.000000 0 0 0 0 1194 0 115 0 18 0 38 14 129 1196 5 42 9 229 8 105 0 0 1215 22 29 3 189 0 109 0 64 128 3 4 2 1 0 153 0 0 577 0 5 77 51 12 0 101 248 833 27 27 69 47 0 0 0 1 1218 0 45 78 0 0 0 0 0
1585331124.871107 3 0 1321 2534 2153 1.542435 0.259618 0.031361 0.004909 0.010363 1.012564 0.000000 0.500000 7.700000 5.200000 1.200000 0 0 0 0 0 2.600000 2.500000 6.800000 4.700000 0 0 0 0 0.000000 4.500000 7.900000 0.000000 0 0 0 0 1194 0 115 0 18 0 38 14 129 1196 5 41 9 230 8 105 0 0 1215 22 24 3 184 0 110 0 64 128 3 4 2 1 0 153 0 1 577 0 5 77 52 12 0 101 248 833 26 25 68 47 0 0 0 1 1218 0 45 79 0 0 0 0 0
1585331124.881106 3 0 1321 2534 2153 1.543798 0.260981 0.031361 0.004909 0.010363 1.012564 0.000000 0.500000 7.700000 5.100000 1.200000 0 0 0 0 0 2.500000 2.500000 6.900000 4.500000 0 0 0 0 0.000000 4.500000 7.800000 0.000000 0 0 0 0 1194 0 115 0 18 0 38 14 129 1196 5 41 9 230 8 105 0 0 1215 22 29 3 189 0 110 0 64 128 3 4 2 1 0 154 0 0 577 0 5 77 51 12 0 101 248 833 25 25 69 45 0 0 0 1 1218 0 45 78 0 0 0 0 0
1585331124.891061 3 0 1323 2534 2153 1.543798 0.260981 0.031361 0.004909 0.010363 1.012564 0.000000 0.500000 7.700000 5.200000 1.200000 0 0 0 0 0 2.500000 2.600000 6.900000 4.800000 0 0 0 0 0.000000 4.500000 7.900000 0.000000 0 0 0 0 1194 0 115 0 18 0 38 14 129 1196 5 43 9 230 8 105 0 0 1215 22 29 3 189 0 110 0 64 128 3 4 2 1 0 154 0 0 577 0 5 77 52 12 0 101 248 833 25 26 69 48 0 0 0 1 1218 0 45 79 0 0 0 0 0
1585331124.901141 3 0 1323 2534 2153 1.543798 0.260981 0.031361 0.004909 0.010363 1.012018 0.000000 0.500000 7.700000 5.100000 1.200000 0 0 0 0 0 2.500000 2.700000 7.100000 4.700000 0 0 0 0 0.000000 4.500000 7.900000 0.000000 0 0 0 0 1194 0 115 0 18 0 38 14 127 1196 5 43 9 230 8 105 0 0 1215 22 29 3 189 0 110 0 64 128 3 4 2 1 0 154 0 0 577 0 5 77 51 12 0 101 248 833 25 27 71 47 0 0 0 1 1218 0 45 79 0 0 0 0 0
1585331124.911070 3 0 1323 2535 2153 1.542435 0.259618 0.031361 0.005727 0.010363 1.012564 0.000000 0.500000 7.700000 5.200000 1.200000 0 0 0 0 0 2.700000 2.900000 7.200000 4.500000 0 0 0 0 0.000000 4.500000 7.900000 0.000000 0 0 0 0 1194 0 115 0 21 0 38 14 129 1196 5 43 9 231 8 105 0 0 1215 22 24 3 184 0 110 0 64 128 3 4 2 1 0 153 0 0 577 0 5 77 52 12 0 101 248 833 27 29 72 45 0 0 0 1 1218 0 45 79 0 0 0 0 0
1585331124.921113 3 0 1323 2535 2153 1.543798 0.260981 0.031361 0.004909 0.009545 1.012564 0.000000 0.500000 7.700000 5.100000 1.200000 0 0 0 0 0 2.700000 2.600000 7.000000 4.300000 0 0 0 0 0.000000 4.500000 7.900000 0.000000 0 0 0 0 1194 0 115 0 18 0 35 14 129 1196 5 43 9 231 8 105 0 0 1215 22 29 3 189 0 110 0 64 128 3 4 2 1 0 153 0 0 577 0 5 77 51 12 0 101 248 833 27 26 70 43 0 0 0 1 1218 0 45 79 0 0 0 0 0
1585331124.931122 3 0 1323 2535 2154 1.543798 0.262345 0.031361 0.004909 0.009545 1.012564 0.000000 0.500000 7.700000 5.200000 1.200000 0 0 0 0 0 2.600000 2.500000 7.000000 4.400000 0 0 0 0 0.000000 4.500000 7.900000 0.000000 0 0 0 0 1194 0 115 0 18 0 35 14 129 1196 5 43 9 231 8 106 0 0 1215 22 29 3 194 0 110 0 64 128 3 4 2 1 0 154 0 0 577 0 5 77 52 12 0 101 248 833 26 25 70 44 0 0 0 1 1218 0 45 79 0 0 0 0 0
1585331124.941211 3 0 1323 2535 2154 1.543798 0.262345 0.031361 0.004909 0.010363 1.012564 0.000000 0.500000 7.700000 5.100000 1.200000 0 0 0 0 0 2.500000 2.500000 7.100000 4.400000 0 0 0 0 0.000000 4.500000 7.900000 0.000000 0 0 0 0 1194 0 115 0 18 0 38 14 129 1196 5 43 9 231 8 106 0 0 1215 22 29 3 194 0 110 0 64 128 3 4 2 1 0 153 0 0 577 0 5 77 51 12 0 101 248 833 25 25 71 44 0 0 0 1 1218 0 45 79 0 0 0 0 0
1585331124.951071 3 0 1323 2535 2153 1.543798 0.260981 0.031361 0.004909 0.010363 1.012564 0.000000 0.500000 7.700000 5.200000 1.200000 0 0 0 0 0 2.500000 2.500000 7.100000 4.400000 0 0 0 0 0.000000 4.500000 7.900000 0.000000 0 0 0 0 1194 0 115 0 18 0 38 14 129 1196 5 43 9 231 8 105 0 0 1215 22 29 3 189 0 110 0 64 128 3 4 2 1 0 153 0 0 577 0 5 77 52 12 0 101 248 833 25 25 71 44 0 0 0 1 1218 0 45 79 0 0 0 0 0
1585331124.961190 3 0 1323 2535 2153 1.545162 0.262345 0.031361 0.004909 0.010363 1.012564 0.000000 0.500000 7.700000 5.100000 1.200000 0 0 0 0 0 2.600000 2.700000 6.900000 4.600000 0 0 0 0 0.000000 4.500000 7.900000 0.000000 0 0 0 0 1194 0 115 0 18 0 38 14 129 1196 5 43 9 231 8 105 0 0 1215 22 34 3 194 0 110 0 64 128 3 4 2 1 0 153 0 0 577 0 5 77 51 12 0 101 248 833 26 27 69 46 0 0 0 1 1218 0 45 79 0 0 0 0 0
1585331124.971128 3 0 1323 2535 2153 1.545162 0.262345 0.031361 0.004909 0.009545 1.012564 0.000000 0.500000 7.700000 5.200000 1.200000 0 0 0 0 0 2.700000 2.600000 6.800000 4.600000 0 0 0 0 0.000000 4.500000 7.900000 0.000000 0 0 0 0 1194 0 115 0 18 0 35 14 129 1196 5 43 9 231 8 105 0 0 1215 22 34 3 194 0 110 0 64 128 3 4 2 1 0 153 0 1 577 0 5 77 52 12 0 101 248 833 27 26 68 46 0 0 0 1 1218 0 45 79 0 0 0 0 0
1585331124.981097 3 0 1323 2535 2153 1.542435 0.258254 0.031361 0.004909 0.010363 1.012018 0.000000 0.500000 7.700000 5.100000 1.200000 0 0 0 0 0 2.900000 2.800000 7.100000 4.400000 0 0 0 0 0.000000 4.500000 7.900000 0.000000 0 0 0 0 1194 0 115 0 18 0 38 14 127 1196 5 43 9 231 8 105 0 0 1215 22 24 3 179 0 110 0 64 128 3 4 2 1 0 153 0 0 577 0 5 77 51 12 0 101 248 833 29 28 71 44 0 0 0 1 1218 0 45 79 0 0 0 0 0
1585331124.991132 3 0 1324 2535 2153 1.543798 0.260981 0.031361 0.004909 0.010363 1.012564 0.000000 0.500000 7.700000 5.100000 1.200000 0 0 0 0 0 2.500000 2.600000 7.200000 4.500000 0 0 0 0 0.000000 4.500000 7.900000 0.000000 0 0 0 0 1194 0 115 0 18 0 38 14 129 1196 5 44 9 231 8 105 0 0 1215 22 29 3 189 0 110 0 64 128 3 4 2 1 0 154 0 0 577 0 5 77 51 12 0 101 248 833 25 26 72 45 0 0 0 1 1218 0 45 79 0 0 0 0 0
1585331125.001231 3 0 1324 2535 2153 1.542435 0.258254 0.031361 0.004909 0.009545 1.012564 0.000000 0.500000 7.800000 5.100000 1.200000 0 0 0 0 0 2.400000 2.600000 7.200000 4.800000 0 0 0 0 0.000000 4.500000 7.900000 0.000000 0 0 0 0 1194 0 115 0 18 0 35 14 129 1196 5 44 9 231 8 105 0 0 1215 22 24 3 179 0 110 0 64 128 3 4 2 1 0 153 0 0 577 0 5 78 51 12 0 101 248 833 24 26 72 48 0 0 0 1 1218 0 45 79 0 0 0 0 0
1585331125.011128 3 0 1324 2535 2153 1.543798 0.260981 0.031361 0.005727 0.010363 1.012564 0.000000 0.500000 7.700000 5.100000 1.200000 0 0 0 0 0 2.500000 2.800000 7.100000 4.500000 0 0 0 0 0.000000 4.500000 7.900000 0.000000 0 0 0 0 1194 0 115 0 21 0 38 14 129 1196 5 44 9 231 8 105 0 0 1215 22 29 3 189 0 111 0 64 128 3 4 2 1 0 153 0 0 577 0 5 77 51 12 0 101 248 833 25 28 71 45 0 0 0 1 1218 0 45 79 0 0 0 0 0
1585331125.021171 3 0 1324 2535 2153 1.545162 0.260981 0.031361 0.004909 0.009545 1.012564 0.000000 0.500000 7.800000 5.100000 1.200000 0 0 0 0 0 2.500000 2.600000 6.900000 4.500000 0 0 0 0 0.000000 4.500000 7.900000 0.000000 0 0 0 0 1194 0 115 0 18 0 35 14 129 1196 5 44 9 231 8 105 0 0 1215 22 34 3 189 0 110 0 64 128 3 4 2 1 0 153 0 0 577 0 5 78 51 12 0 101 248 833 25 26 69 45 0 0 0 1 1218 0 45 79 0 0 0 0 0
1585331125.031162 3 0 1324 2536 2153 1.543798 0.260981 0.031361 0.004909 0.009545 1.012564 0.000000 0.500000 7.800000 5.100000 1.200000 0 0 0 0 0 2.700000 2.600000 7.100000 4.500000 0 0 0 0 0.000000 4.500000 7.900000 0.000000 0 0 0 0 1194 0 115 0 18 0 35 14 129 1196 5 44 9 232 8 105 0 0 1215 22 29 3 189 0 110 0 64 128 3 4 2 1 0 154 0 0 577 0 5 78 51 12 0 101 248 833 27 26 71 45 0 0 0 1 1218 0 45 79 0 0 0 0 0
1585331125.041176 3 0 1324 2536 2153 1.545162 0.262345 0.031361 0.004909 0.010363 1.012564 0.000000 0.500000 7.800000 5.100000 1.200000 0 0 0 0 0 2.800000 2.700000 7.100000 4.300000 0 0 0 0 0.000000 4.500000 7.900000 0.000000 0 0 0 0 1194 0 115 0 18 0 38 14 129 1196 5 44 9 232 8 105 0 0 1215 22 34 3 194 0 111 0 64 128 3 4 2 1 0 153 0 0 577 0 5 78 51 12 0 101 248 833 28 27 71 43 0 0 0 1 1218 0 45 79 0 0 0 0 0
1585331125.051158 3 0 1323 2536 2153 1.543798 0.260981 0.031361 0.004909 0.009545 1.012564 0.000000 0.600000 7.800000 5.100000 1.200000 0 0 0 0 0 2.500000 2.900000 7.200000 4.300000 0 0 0 0 0.000000 4.500000 7.900000 0.000000 0 0 0 0 1194 0 115 0 18 0 35 14 129 1196 5 43 9 232 8 105 0 0 1215 22 29 3 189 0 111 0 64 128 3 4 2 1 0 153 0 0 577 0 6 78 51 12 0 101 248 833 25 29 72 43 0 0 0 1 1218 0 45 79 0 0 0 0 0
1585331125.061229 3 0 1323 2536 2153 1.543798 0.260981 0.031361 0.004909 0.010363 1.012564 0.000000 0.600000 7.800000 5.100000 1.200000 0 0 0 0 0 2.400000 2.700000 7.100000 4.500000 0 0 0 0 0.000000 4.500000 7.900000 0.000000 0 0 0 0 1194 0 115 0 18 0 38 14 129 1196 5 43 9 232 8 105 0 0 1215 22 29 3 189 0 111 0 64 128 3 4 2 1 0 154 0 0 577 0 6 78 51 12 0 101 248 833 24 27 71 45 0 0 0 1 1218 0 45 79 0 0 0 0 0
1585331125.071196 3 0 1324 2534 2154 1.543798 0.259618 0.031361 0.005727 0.009545 1.012564 0.000000 0.600000 7.800000 5.100000 1.200000 0 0 0 0 0 2.500000 2.400000 6.900000 4.500000 0 0 0 0 0.000000 4.500000 7.900000 0.000000 0 0 0 0 1194 0 115 0 21 0 35 14 129 1196 5 44 9 230 8 106 0 0 1215 22 29 3 184 0 110 0 64 128 3 4 2 1 0 153 0 1 577 0 6 78 51 12 0 101 248 833 25 24 69 45 0 0 0 1 1218 0 45 79 0 0 0 0 0
1585331125.081140 3 0 1324 2534 2154 1.543798 0.260981 0.031361 0.005727 0.010363 1.012564 0.000000 0.600000 7.800000 5.100000 1.200000 0 0 0 0 0 2.600000 2.500000 7.000000 4.600000 0 0 0 0 0.000000 4.500000 7.900000 0.000000 0 0 0 0 1194 0 115 0 21 0 38 14 129 1196 5 44 9 230 8 106 0 0 1215 22 29 3 189 0 111 0 64 128 3 4 2 1 0 153 0 0 577 0 6 78 51 12 0 101 248 833 26 25 70 46 0 0 0 1 1218 0 45 79 0 0 0 0 0
1585331125.091149 3 0 1324 2536 2154 1.543798 0.259618 0.031361 0.004091 0.010363 1.012564 0.000000 0.600000 7.800000 5.100000 1.200000 0 0 0 0 0 2.600000 2.400000 7.300000 4.700000 0 0 0 0 0.000000 4.500000 7.900000 0.000000 0 0 0 0 1194 0 115 0 15 0 38 14 129 1196 5 44 9 232 8 106 0 0 1215 22 29 3 184 0 111 0 64 128 3 4 2 1 0 153 0 0 577 0 6 78 51 12 0 101 248 833 26 24 73 47 0 0 0 1 1218 0 45 79 0 0 0 0 0
1585331125.101215 3 0 1324 2536 2154 1.543798 0.260981 0.031361 0.005727 0.010363 1.012564 0.000000 0.600000 7.800000 5.100000 1.200000 0 0 0 0 0 2.700000 2.600000 7.300000 4.300000 0 0 0 0 0.000000 4.500000 7.900000 0.000000 0 0 0 0 1194 0 115 0 21 0 38 14 129 1196 5 44 9 232 8 106 0 0 1215 22 29 3 189 0 110 0 64 128 3 4 2 1 0 153 0 0 577 0 6 78 51 12 0 101 248 833 27 26 73 43 0 0 0 1 1218 0 45 79 0 0 0 0 0
1585331125.111135 3 0 1324 2535 2153 1.543798 0.259618 0.031361 0.005727 0.010363 1.012564 0.000000 0.600000 7.800000 5.000000 1.200000 0 0 0 0 0 2.600000 2.600000 7.200000 4.400000 0 0 0 0 0.000000 4.500000 7.900000 0.000000 0 0 0 0 1194 0 115 0 21 0 38 14 129 1196 5 44 9 231 8 105 0 0 1215 22 29 3 184 0 110 0 64 128 3 4 2 1 0 153 0 0 577 0 6 78 50 12 0 101 248 833 26 26 72 44 0 0 0 1 1218 0 45 79 0 0 0 0 0
1585331125.121194 3 0 1324 2535 2153 1.543798 0.259618 0.031361 0.004909 0.009545 1.012564 0.000000 0.600000 7.800000 5.000000 1.200000 0 0 0 0 0 2.300000 2.500000 7.100000 4.500000 0 0 0 0 0.000000 4.500000 7.900000 0.000000 0 0 0 0 1194 0 115 0 18 0 35 14 129 1196 5 44 9 231 8 105 0 0 1215 22 29 3 184 0 110 0 64 128 3 4 2 1 0 153 0 0 577 0 6 78 50 12 0 101 248 833 23 25 71 45 0 0 0 1 1218 0 45 79 0 0 0 0 0
1585331125.131199 3 0 1324 2536 2153 1.542435 0.259618 0.031361 0.004909 0.010363 1.012564 0.000000 0.600000 7.800000 5.000000 1.200000 0 0 0 0 0 2.400000 2.800000 7.200000 4.500000 0 0 0 0 0.000000 4.500000 7.900000 0.000000 0 0 0 0 1194 0 115 0 18 0 38 14 129 1196 5 44 9 232 8 105 0 0 1215 22 24 3 184 0 111 0 64 128 3 4 2 1 0 153 0 0 577 0 6 78 50 12 0 101 248 833 24 28 72 45 0 0 0 1 1218 0 45 79 0 0 0 0 0
1585331125.141155 3 0 1324 2536 2153 1.543798 0.266435 0.031361 0.004909 0.010363 1.012564 0.000000 0.600000 7.800000 5.000000 1.200000 0 0 0 0 0 2.400000 2.600000 7.200000 4.400000 0 0 0 0 0.000000 4.500000 7.900000 0.000000 0 0 0 0 1194 0 115 0 18 0 38 14 129 1196 5 44 9 232 8 105 0 0 1215 22 29 3 209 0 111 0 64 128 3 4 2 1 0 153 0 0 577 0 6 78 50 12 0 101 248 833 24 26 72 44 0 0 0 1 1218 0 45 79 0 0 0 0 0
1585331125.151236 3 0 1325 2535 2153 1.543798 0.259618 0.031361 0.005727 0.010363 1.012564 0.000000 0.600000 7.800000 5.000000 1.200000 0 0 0 0 0 2.500000 2.500000 7.000000 4.500000 0 0 0 0 0.000000 4.500000 7.900000 0.000000 0 0 0 0 1194 0 115 0 21 0 38 14 129 1196 5 45 9 231 8 105 0 0 1215 22 29 3 184 0 111 0 64 128 3 4 2 1 0 153 0 0 577 0 6 78 50 12 0 101 248 833 25 25 70 45 0 0 0 1 1218 0 45 79 0 0 0 0 0
1585331125.161250 3 0 1325 2535 2153 1.543798 0.260981 0.031361 0.004091 0.010363 1.012564 0.000000 0.600000 7.800000 5.000000 1.200000 0 0 0 0 0 2.800000 2.700000 6.900000 4.600000 0 0 0 0 0.000000 4.500000 7.900000 0.000000 0 0 0 0 1194 0 115 0 15 0 38 14 129 1196 5 45 9 231 8 105 0 0 1215 22 29 3 189 0 110 0 63 128 3 4 2 1 0 153 0 0 577 0 6 78 50 12 0 101 248 833 28 27 69 46 0 0 0 1 1218 0 45 79 0 0 0 0 0
1585331125.171195 3 0 1325 2536 2153 1.543798 0.260981 0.031361 0.004909 0.010363 1.012564 0.000000 0.600000 7.800000 5.000000 1.200000 0 0 0 0 0 2.800000 2.600000 6.900000 4.500000 0 0 0 0 0.000000 4.500000 7.900000 0.000000 0 0 0 0 1194 0 115 0 18 0 38 14 129 1196 5 45 9 232 8 105 0 0 1215 22 29 3 189 0 111 0 63 128 3 4 2 1 0 153 0 1 577 0 6 78 50 12 0 101 248 833 28 26 69 45 0 0 0 1 1218 0 45 79 0 0 0 0 0
1585331125.181195 3 0 1325 2536 2153 1.543798 0.259618 0.031361 0.005727 0.010363 1.012564 0.000000 0.600000 7.800000 5.000000 1.200000 0 0 0 0 0 2.600000 2.900000 7.000000 4.700000 0 0 0 0 0.000000 4.500000 7.900000 0.000000 0 0 0 0 1194 0 115 0 21 0 38 14 129 1196 5 45 9 232 8 105 0 0 1215 22 29 3 184 0 111 0 63 128 3 4 2 1 0 153 0 0 577 0 6 78 50 12 0 101 248 833 26 29 70 47 0 0 0 1 1218 0 45 79 0 0 0 0 0
1585331125.191194 3 0 1325 2535 2153 1.543798 0.259618 0.031361 0.004909 0.010363 1.012564 0.000000 0.600000 7.800000 5.000000 1.200000 0 0 0 0 0 2.900000 2.700000 7.100000 4.700000 0 0 0 0 0.000000 4.500000 7.900000 0.000000 0 0 0 0 1194 0 115 0 18 0 38 14 129 1196 5 45 9 231 8 105 0 0 1215 22 29 3 184 0 111 0 63 128 3 4 2 1 0 153 0 0 577 0 6 78 50 12 0 101 248 833 29 27 71 47 0 0 0 1 1218 0 45 79 0 0 0 0 0
1585331125.201224 3 0 1325 2535 2153 1.543798 0.259618 0.031361 0.005727 0.010363 1.012564 0.000000 0.600000 7.800000 5.000000 1.200000 0 0 0 0 0 2.700000 2.400000 7.100000 4.500000 0 0 0 0 0.000000 4.500000 7.900000 0.000000 0 0 0 0 1194 0 115 0 21 0 38 14 129 1196 5 45 9 231 8 105 0 0 1215 22 29 3 184 0 111 0 63 128 3 4 2 1 0 154 0 0 577 0 6 78 50 12 0 101 248 833 27 24 71 45 0 0 0 1 1218 0 45 79 0 0 0 0 0
1585331125.211210 3 0 1326 2535 2154 1.543798 0.259618 0.031361 0.005727 0.010363 1.012564 0.000000 0.600000 7.800000 5.000000 1.200000 0 0 0 0 0 2.700000 2.500000 7.100000 4.500000 0 0 0 0 0.000000 4.500000 7.900000 0.000000 0 0 0 0 1194 0 115 0 21 0 38 14 129 1196 5 46 9 231 8 106 0 0 1215 22 29 3 184 0 110 0 63 128 3 4 2 1 0 154 0 0 577 0 6 78 50 12 0 101 248 833 27 25 71 45 0 0 0 1 1218 0 45 79 0 0 0 0 0
1585331125.221200 3 0 1326 2535 2154 1.543798 0.259618 0.031361 0.005727 0.010363 1.012018 0.000000 0.600000 7.800000 5.000000 1.200000 0 0 0 0 0 2.600000 2.600000 6.900000 4.600000 0 0 0 0 0.000000 4.500000 7.900000 0.000000 0 0 0 0 1194 0 115 0 21 0 38 14 127 1196 5 46 9 231 8 106 0 0 1215 22 29 3 184 0 111 0 63 128 3 4 2 1 0 153 0 0 577 0 6 78 50 12 0 101 248 833 26 26 69 46 0 0 0 1 1218 0 45 79 0 0 0 0 0
1585331125.231243 3 0 1325 2535 2154 1.542435 0.258254 0.031361 0.004091 0.010363 1.012564 0.000000 0.600000 7.800000 5.000000 1.200000 0 0 0 0 0 2.500000 2.400000 6.800000 4.500000 0 0 0 0 0.000000 4.500000 7.900000 0.000000 0 0 0 0 1194 0 115 0 15 0 38 14 129 1196 5 45 9 231 8 106 0 0 1215 22 24 3 179 0 111 0 63 128 3 4 2 1 0 154 0 0 577 0 6 78 50 12 0 101 248 833 25 24 68 45 0 0 0 1 1218 0 45 79 0 0 0 0 0
1585331125.241278 3 0 1325 2535 2154 1.543798 0.259618 0.031361 0.005727 0.009545 1.012564 0.000000 0.600000 7.800000 5.000000 1.200000 0 0 0 0 0 2.600000 2.600000 7.100000 4.700000 0 0 0 0 0.000000 4.400000 7.900000 0.000000 0 0 0 0 1194 0 115 0 21 0 35 14 129 1196 5 45 9 231 8 106 0 0 1215 22 29 3 184 0 111 0 63 128 3 4 2 1 0 154 0 0 577 0 6 78 50 12 0 101 248 833 26 26 71 47 0 0 0 1 1218 0 44 79 0 0 0 0 0
1585331125.251296 3 0 1326 2536 2154 1.542435 0.258254 0.031361 0.004909 0.010363 1.012564 0.000000 0.600000 7.800000 5.000000 1.200000 0 0 0 0 0 2.500000 2.700000 7.100000 4.700000 0 0 0 0 0.000000 4.500000 7.900000 0.000000 0 0 0 0 1194 0 115 0 18 0 38 14 129 1196 5 46 9 232 8 106 0 0 1215 22 24 3 179 0 111 0 63 128 3 4 2 1 0 153 0 0 577 0 6 78 50 12 0 101 248 833 25 27 71 47 0 0 0 1 1218 0 45 79 0 0 0 0 0
1585331125.261234 3 0 1326 2536 2154 1.543798 0.259618 0.031361 0.004909 0.010363 1.012564 0.000000 0.600000 7.800000 5.000000 1.200000 0 0 0 0 0 2.600000 2.500000 6.900000 4.600000 0 0 0 0 0.000000 4.500000 7.900000 0.000000 0 0 0 0 1194 0 115 0 18 0 38 14 129 1196 5 46 9 232 8 106 0 0 1215 22 29 3 184 0 111 0 63 128 3 4 2 1 0 154 0 0 577 0 6 78 50 12 0 101 248 833 26 25 69 46 0 0 0 1 1218 0 45 79 0 0 0 0 0
1585331125.271251 3 0 1326 2536 2154 1.538344 0.254164 0.031361 0.005727 0.010363 1.012564 0.000000 0.600000 7.800000 5.000000 1.200000 0 0 0 0 0 2.500000 2.600000 7.000000 4.600000 0 0 0 0 0.000000 4.500000 7.900000 0.000000 0 0 0 0 1194 0 115 0 21 0 38 14 129 1196 5 46 9 232 8 106 0 0 1215 22 9 3 164 0 111 0 63 128 3 4 2 1 0 153 0 1 577 0 6 78 50 12 0 101 248 833 25 26 70 46 0 0 0 1 1218 0 45 79 0 0 0 0 0
1585331125.281216 3 0 1326 2536 2154 1.543798 0.260981 0.031361 0.004909 0.010363 1.012564 0.000000 0.600000 7.800000 5.000000 1.200000 0 0 0 0 0 2.400000 2.500000 7.000000 4.600000 0 0 0 0 0.000000 4.400000 7.900000 0.000000 0 0 0 0 1194 0 115 0 18 0 38 14 129 1196 5 46 9 232 8 106 0 0 1215 22 29 3 189 0 111 0 63 128 3 4 2 1 0 154 0 0 577 0 6 78 50 12 0 101 248 833 24 25 70 46 0 0 0 1 1218 0 44 79 0 0 0 0 0
1585331125.291238 3 0 1325 2536 2153 1.543798 0.259618 0.031361 0.004909 0.010363 1.012564 0.000000 0.600000 7.800000 5.000000 1.200000 0 0 0 0 0 2.500000 2.500000 7.100000 4.600000 0 0 0 0 0.000000 4.500000 7.900000 0.000000 0 0 0 0 1194 0 115 0 18 0 38 14 129 1196 5 45 9 232 8 105 0 0 1215 22 29 3 184 0 111 0 63 128 3 4 2 1 0 154 0 0 577 0 6 78 50 12 0 101 248 833 25 25 71 46 0 0 0 1 1218 0 45 79 0 0 0 0 0
1585331125.301204 3 0 1325 2536 2153 1.543798 0.259618 0.031361 0.005727 0.010363 1.012564 0.000000 0.600000 7.800000 5.000000 1.200000 0 0 0 0 0 2.600000 2.600000 7.300000 4.600000 0 0 0 0 0.000000 4.400000 7.900000 0.000000 0 0 0 0 1194 0 115 0 21 0 38 14 129 1196 5 45 9 232 8 105 0 0 1215 22 29 3 184 0 111 0 63 128 3 4 2 1 0 154 0 0 577 0 6 78 50 12 0 101 248 833 26 26 73 46 0 0 0 1 1218 0 44 79 0 0 0 0 0
1585331125.311245 3 0 1325 2536 2154 1.545162 0.260981 0.031361 0.005727 0.010363 1.012564 0.000000 0.600000 7.800000 5.000000 1.200000 0 0 0 0 0 2.400000 2.600000 7.300000 4.300000 0 0 0 0 0.000000 4.400000 7.900000 0.000000 0 0 0 0 1194 0 115 0 21 0 38 14 129 1196 5 45 9 232 8 106 0 0 1215 22 34 3 189 0 111 0 63 128 3 4 2 1 0 154 0 0 577 0 6 78 50 12 0 101 248 833 24 26 73 43 0 0 0 1 1218 0 44 79 0 0 0 0 0
1585331125.321271 3 0 1325 2536 2154 1.543798 0.255527 0.031361 0.005727 0.010363 1.012564 0.000000 0.600000 7.800000 5.000000 1.200000 0 0 0 0 0 2.500000 2.700000 7.100000 4.600000 0 0 0 0 0.000000 4.500000 7.900000 0.000000 0 0 0 0 1194 0 115 0 21 0 38 14 129 1196 5 45 9 232 8 106 0 0 1215 22 29 3 169 0 111 0 63 128 3 4 2 1 0 153 0 0 577 0 6 78 50 12 0 101 248 833 25 27 71 46 0 0 0 1 1218 0 45 79 0 0 0 0 0
1585331125.331307 3 0 1325 2537 2153 1.543798 0.259618 0.031361 0.005727 0.010363 1.012564 0.000000 0.600000 7.800000 5.000000 1.200000 0 0 0 0 0 2.600000 2.700000 7.200000 4.800000 0 0 0 0 0.000000 4.500000 7.900000 0.000000 0 0 0 0 1194 0 115 0 21 0 38 14 129 1196 5 45 9 233 8 105 0 0 1215 22 29 3 184 0 111 0 63 128 3 4 2 1 0 153 0 0 577 0 6 78 50 12 0 101 248 833 26 27 72 48 0 0 0 1 1218 0 45 79 0 0 0 0 0
1585331125.341276 3 0 1325 2537 2153 1.543798 0.259618 0.031361 0.004909 0.010363 1.012564 0.000000 0.600000 7.800000 5.000000 1.200000 0 0 0 0 0 2.500000 2.800000 7.100000 4.500000 0 0 0 0 0.000000 4.500000 7.900000 0.000000 0 0 0 0 1194 0 115 0 18 0 38 14 129 1196 5 45 9 233 8 105 0 0 1215 22 29 3 184 0 111 0 63 128 3 4 2 1 0 153 0 0 577 0 6 78 50 12 0 101 248 833 25 28 71 45 0 0 0 1 1218 0 45 79 0 0 0 0 0
1585331125.351240 3 0 1326 2536 2153 1.543798 0.259618 0.031361 0.004909 0.011454 1.012564 0.000000 0.600000 7.800000 5.000000 1.200000 0 0 0 0 0 2.600000 2.800000 7.000000 4.400000 0 0 0 0 0.000000 4.400000 7.900000 0.000000 0 0 0 0 1194 0 115 0 18 0 42 14 129 1196 5 46 9 232 8 105 0 0 1215 22 29 3 184 0 111 0 63 128 3 4 2 1 0 153 0 0 577 0 6 78 50 12 0 101 248 833 26 28 70 44 0 0 0 1 1218 0 44 79 0 0 0 0 0
1585331125.361261 3 0 1326 2536 2153 1.543798 0.259618 0.031361 0.004091 0.010363 1.012564 0.000000 0.600000 7.800000 5.000000 1.200000 0 0 0 0 0 2.600000 2.400000 7.200000 4.700000 0 0 0 0 0.000000 4.500000 7.900000 0.000000 0 0 0 0 1194 0 115 0 15 0 38 14 129 1196 5 46 9 232 8 105 0 0 1215 22 29 3 184 0 111 0 63 128 3 4 2 1 0 153 0 0 577 0 6 78 50 12 0 101 248 833 26 24 72 47 0 0 0 1 1218 0 45 79 0 0 0 0 0
1585331125.371283 3 0 1326 2537 2153 1.543798 0.259618 0.031361 0.004091 0.010363 1.012564 0.000000 0.600000 7.800000 5.000000 1.200000 0 0 0 0 0 2.700000 2.500000 7.100000 4.700000 0 0 0 0 0.000000 4.500000 7.900000 0.000000 0 0 0 0 1194 0 115 0 15 0 38 14 129 1196 5 46 9 233 8 105 0 0 1215 22 29 3 184 0 111 0 63 128 3 4 2 1 0 153 0 1 577 0 6 78 50 12 0 101 248 833 27 25 71 47 0 0 0 1 1218 0 45 79 0 0 0 0 0
1585331125.381267 3 0 1326 2537 2153 1.543798 0.259618 0.031361 0.004909 0.009545 1.012564 0.000000 0.600000 7.800000 5.000000 1.200000 0 0 0 0 0 2.600000 2.900000 7.000000 4.100000 0 0 0 0 0.000000 4.400000 7.900000 0.000000 0 0 0 0 1194 0 115 0 18 0 35 14 129 1196 5 46 9 233 8 105 0 0 1215 22 29 3 184 0 111 0 63 128 3 4 2 1 0 153 0 0 577 0 6 78 50 12 0 101 248 833 26 29 70 41 0 0 0 1 1218 0 44 79 0 0 0 0 0
1585331125.391337 3 0 1326 2537 2153 1.543798 0.259618 0.031361 0.004091 0.010363 1.012564 0.000000 0.600000 7.800000 5.000000 1.200000 0 0 0 0 0 2.500000 3.000000 7.200000 4.300000 0 0 0 0 0.000000 4.400000 7.900000 0.000000 0 0 0 0 1194 0 115 0 15 0 38 14 129 1196 5 46 9 233 8 105 0 0 1215 22 29 3 184 0 111 0 63 128 3 4 2 1 0 153 0 0 577 0 6 78 50 12 0 101 248 833 25 30 72 43 0 0 0 1 1218 0 44 79 0 0 0 0 0
1585331125.401293 3 0 1326 2537 2153 1.543798 0.259618 0.031361 0.004909 0.009545 1.013382 0.000000 0.600000 7.800000 5.000000 1.200000 0 0 0 0 0 2.500000 2.600000 7.000000 4.300000 0 0 0 0 0.000000 4.400000 7.900000 0.000000 0 0 0 0 1194 0 115 0 18 0 35 14 132 1196 5 46 9 233 8 105 0 0 1215 22 29 3 184 0 111 0 63 128 3 4 2 1 0 153 0 0 577 0 6 78 50 12 0 101 248 833 25 26 70 43 0 0 0 1 1218 0 44 79 0 0 0 0 0
1585331125.411285 3 0 1326 2537 2153 1.543798 0.259618 0.031361 0.004909 0.010363 1.012564 0.000000 0.600000 7.800000 5.000000 1.200000 0 0 0 0 0 2.500000 2.300000 7.200000 4.200000 0 0 0 0 0.000000 4.400000 7.900000 0.000000 0 0 0 0 1194 0 115 0 18 0 38 14 129 1196 5 46 9 233 8 105 0 0 1215 22 29 3 184 0 111 0 63 128 3 4 2 1 0 153 0 0 577 0 6 78 50 12 0 101 248 833 25 23 72 42 0 0 0 1 1218 0 44 79 0 0 0 0 0
1585331125.421366 3 0 1326 2537 2153 1.543798 0.259618 0.031361 0.005727 0.011454 1.012564 0.000000 0.600000 7.800000 5.000000 1.200000 0 0 0 0 0 2.400000 2.600000 7.200000 4.700000 0 0 0 0 0.000000 4.400000 7.900000 0.000000 0 0 0 0 1194 0 115 0 21 0 42 14 129 1196 5 46 9 233 8 105 0 0 1215 22 29 3 184 0 111 0 63 128 3 4 2 1 0 153 0 0 577 0 6 78 50 12 0 101 248 833 24 26 72 47 0 0 0 1 1218 0 44 79 0 0 0 0 0
1585331125.431271 3 0 1326 2537 2154 1.546525 0.262345 0.031361 0.004909 0.010363 1.013382 0.000000 0.600000 7.800000 5.000000 1.200000 0 0 0 0 0 2.600000 2.700000 7.100000 4.500000 0 0 0 0 0.000000 4.400000 7.900000 0.000000 0 0 0 0 1194 0 115 0 18 0 38 14 132 1196 5 46 9 233 8 106 0 0 1215 22 39 3 194 0 111 0 63 128 3 4 2 1 0 154 0 0 577 0 6 78 50 12 0 101 248 833 26 27 71 45 0 0 0 1 1218 0 44 79 0 0 0 0 0
1585331125.441284 3 0 1326 2537 2154 1.543798 0.259618 0.031361 0.004909 0.010363 1.012564 0.000000 0.600000 7.800000 5.000000 1.200000 0 0 0 0 0 2.800000 2.800000 7.100000 4.200000 0 0 0 0 0.000000 4.400000 7.900000 0.000000 0 0 0 0 1194 0 115 0 18 0 38 14 129 1196 5 46 9 233 8 106 0 0 1215 22 29 3 184 0 111 0 63 128 3 4 2 1 0 154 0 0 577 0 6 78 50 12 0 101 248 833 28 28 71 42 0 0 0 1 1218 0 44 79 0 0 0 0 0
1585331125.451314 3 0 1326 2537 2154 1.543798 0.259618 0.031361 0.000000 0.009545 1.012564 0.000000 0.600000 7.800000 5.000000 1.200000 0 0 0 0 0 2.800000 2.600000 7.000000 4.400000 0 0 0 0 0.000000 4.400000 8.000000 0.000000 0 0 0 0 1194 0 115 0 0 0 35 14 129 1196 5 46 9 233 8 106 0 0 1215 22 29 3 184 0 111 0 63 128 3 4 2 1 0 154 0 0 577 0 6 78 50 12 0 101 248 833 28 26 70 44 0 0 0 1 1218 0 44 80 0 0 0 0 0
1585331125.461295 3 0 1326 2537 2154 1.543798 0.259618 0.031361 0.005727 0.010363 1.012564 0.000000 0.600000 7.800000 5.000000 1.200000 0 0 0 0 0 2.800000 2.500000 6.800000 4.400000 0 0 0 0 0.000000 4.400000 7.900000 0.000000 0 0 0 0 1194 0 115 0 21 0 38 14 129 1196 5 46 9 233 8 106 0 0 1215 22 29 3 184 0 111 0 63 128 3 4 2 1 0 153 0 0 577 0 6 78 50 12 0 101 248 833 28 25 68 44 0 0 0 1 1218 0 44 79 0 0 0 0 0
1585331125.471329 3 0 1326 2537 2153 1.543798 0.258254 0.031361 0.004909 0.010363 1.012564 0.000000 0.600000 7.800000 5.000000 1.200000 0 0 0 0 0 2.700000 2.900000 6.900000 4.600000 0 0 0 0 0.000000 4.400000 8.000000 0.000000 0 0 0 0 1194 0 115 0 18 0 38 14 129 1196 5 46 9 233 8 105 0 0 1215 22 29 3 179 0 111 0 63 128 3 4 2 1 0 153 0 1 577 0 6 78 50 12 0 101 248 833 27 29 69 46 0 0 0 1 1218 0 44 80 0 0 0 0 0
1585331125.481298 3 0 1326 2537 2153 1.545162 0.259618 0.031361 0.004909 0.009545 1.012564 0.000000 0.600000 7.800000 5.000000 1.200000 0 0 0 0 0 2.400000 2.800000 7.000000 4.600000 0 0 0 0 0.000000 4.400000 7.900000 0.000000 0 0 0 0 1194 0 115 0 18 0 35 14 129 1196 5 46 9 233 8 105 0 0 1215 22 34 3 184 0 111 0 63 128 3 4 2 1 0 154 0 0 577 0 6 78 50 12 0 101 248 833 24 28 70 46 0 0 0 1 1218 0 44 79 0 0 0 0 0
1585331125.491273 3 0 1326 2537 2153 1.543798 0.259618 0.031361 0.005727 0.009545 1.012564 0.000000 0.600000 7.800000 5.000000 1.200000 0 0 0 0 0 2.500000 2.700000 7.300000 4.300000 0 0 0 0 0.000000 4.400000 8.000000 0.000000 0 0 0 0 1194 0 115 0 21 0 35 14 129 1196 5 46 9 233 8 105 0 0 1215 22 29 3 184 0 111 0 63 128 3 4 2 1 0 154 0 0 577 0 6 78 50 12 0 101 248 833 25 27 73 43 0 0 0 1 1218 0 44 80 0 0 0 0 0
1585331125.501297 3 0 1326 2537 2153 1.543798 0.259618 0.031361 0.004909 0.010363 1.012564 0.000000 0.600000 7.900000 5.000000 1.200000 0 0 0 0 0 2.700000 2.600000 7.500000 4.600000 0 0 0 0 0.000000 4.400000 7.900000 0.000000 0 0 0 0 1194 0 115 0 18 0 38 14 129 1196 5 46 9 233 8 105 0 0 1215 22 29 3 184 0 111 0 63 128 3 4 2 1 0 154 0 0 577 0 6 79 50 12 0 101 248 833 27 26 75 46 0 0 0 1 1218 0 44 79 0 0 0 0 0
1585331125.511351 3 0 1326 2538 2154 1.542435 0.258254 0.031361 0.005727 0.010363 1.012564 0.000000 0.600000 7.800000 5.000000 1.200000 0 0 0 0 0 2.300000 2.900000 7.200000 4.700000 0 0 0 0 0.000000 4.400000 7.900000 0.000000 0 0 0 0 1194 0 115 0 21 0 38 14 129 1196 5 46 9 234 8 106 0 0 1215 22 24 3 179 0 111 0 63 128 3 4 2 1 0 153 0 0 577 0 6 78 50 12 0 101 248 833 23 29 72 47 0 0 0 1 1218 0 44 79 0 0 0 0 0
1585331125.521299 3 0 1326 2538 2154 1.543798 0.259618 0.031361 0.004909 0.010363 1.012564 0.000000 0.600000 7.900000 5.000000 1.200000 0 0 0 0 0 2.400000 2.800000 7.200000 4.300000 0 0 0 0 0.000000 4.400000 7.900000 0.000000 0 0 0 0 1194 0 115 0 18 0 38 14 129 1196 5 46 9 234 8 106 0 0 1215 22 29 3 184 0 111 0 63 128 3 4 2 1 0 153 0 0 577 0 6 79 50 12 0 101 248 833 24 28 72 43 0 0 0 1 1218 0 44 79 0 0 0 0 0
1585331125.531267 3 0 1327 2538 2153 1.543798 0.259618 0.031361 0.004909 0.010363 1.012564 0.000000 0.600000 7.800000 5.000000 1.200000 0 0 0 0 0 2.800000 2.700000 6.900000 4.100000 0 0 0 0 0.000000 4.400000 7.900000 0.000000 0 0 0 0 1194 0 115 0 18 0 38 14 129 1196 5 47 9 234 8 105 0 0 1215 22 29 3 184 0 111 0 63 128 3 4 2 1 0 154 0 0 577 0 6 78 50 12 0 101 248 833 28 27 69 41 0 0 0 1 1218 0 44 79 0 0 0 0 0
1585331125.541320 3 0 1327 2538 2153 1.543798 0.260981 0.031361 0.005727 0.011454 1.012564 0.000000 0.600000 7.900000 5.000000 1.200000 0 0 0 0 0 2.600000 2.800000 6.900000 4.400000 0 0 0 0 0.000000 4.400000 8.000000 0.000000 0 0 0 0 1194 0 115 0 21 0 42 14 129 1196 5 47 9 234 8 105 0 0 1215 22 29 3 189 0 111 0 63 128 3 4 2 1 0 153 0 0 577 0 6 79 50 12 0 101 248 833 26 28 69 44 0 0 0 1 1218 0 44 80 0 0 0 0 0
1585331125.551283 3 0 1327 2537 2153 1.542435 0.260981 0.031361 0.004909 0.010363 1.012564 0.000000 0.600000 7.800000 5.000000 1.200000 0 0 0 0 0 2.500000 2.700000 7.200000 4.700000 0 0 0 0 0.000000 4.400000 7.900000 0.000000 0 0 0 0 1194 0 115 0 18 0 38 14 129 1196 5 47 9 233 8 105 0 0 1215 22 24 3 189 0 111 0 63 128 3 4 2 1 0 153 0 0 577 0 6 78 50 12 0 101 248 833 25 27 72 47 0 0 0 1 1218 0 44 79 0 0 0 0 0
1585331125.561272 3 0 1327 2537 2153 1.543798 0.259618 0.031361 0.004091 0.010363 1.012564 0.000000 0.600000 7.900000 5.000000 1.200000 0 0 0 0 0 2.700000 2.800000 7.200000 4.400000 0 0 0 0 0.000000 4.400000 8.000000 0.000000 0 0 0 0 1194 0 115 0 15 0 38 14 129 1196 5 47 9 233 8 105 0 0 1215 22 29 3 184 0 111 0 63 128 3 4 2 1 0 153 0 0 577 0 6 79 50 12 0 101 248 833 27 28 72 44 0 0 0 1 1218 0 44 80 0 0 0 0 0
1585331125.571339 3 0 1326 2537 2154 1.542435 0.256891 0.031361 0.005727 0.010363 1.012564 0.000000 0.600000 7.800000 5.000000 1.200000 0 0 0 0 0 2.600000 2.600000 7.100000 4.400000 0 0 0 0 0.000000 4.500000 7.900000 0.000000 0 0 0 0 1194 0 115 0 21 0 38 14 129 1196 5 46 9 233 8 106 0 0 1215 22 24 3 174 0 111 0 63 128 3 4 2 1 0 153 0 1 577 0 6 78 50 12 0 101 248 833 26 26 71 44 0 0 0 1 1218 0 45 79 0 0 0 0 0
1585331125.581305 3 0 1326 2537 2154 1.543798 0.259618 0.031361 0.004909 0.009545 1.012564 0.000000 0.600000 7.900000 5.000000 1.200000 0 0 0 0 0 2.500000 2.500000 7.000000 4.200000 0 0 0 0 0.000000 4.400000 7.900000 0.000000 0 0 0 0 1194 0 115 0 18 0 35 14 129 1196 5 46 9 233 8 106 0 0 1215 22 29 3 184 0 111 0 63 128 3 4 2 1 0 154 0 0 577 0 6 79 50 12 0 101 248 833 25 25 70 42 0 0 0 1 1218 0 44 79 0 0 0 0 0
1585331125.591302 3 0 1326 2536 2153 1.543798 0.259618 0.031361 0.004909 0.010363 1.012564 0.000000 0.600000 7.800000 5.000000 1.200000 0 0 0 0 0 2.500000 2.800000 7.300000 4.300000 0 0 0 0 0.000000 4.400000 7.900000 0.000000 0 0 0 0 1194 0 115 0 18 0 38 14 129 1196 5 46 9 232 8 105 0 0 1215 22 29 3 184 0 111 0 63 128 3 4 2 1 0 153 0 0 577 0 6 78 50 12 0 101 248 833 25 28 73 43 0 0 0 1 1218 0 44 79 0 0 0 0 0
1585331125.601383 3 0 1326 2536 2153 1.542435 0.258254 0.031361 0.004909 0.010363 1.012564 0.000000 0.600000 7.900000 5.000000 1.200000 0 0 0 0 0 2.500000 2.700000 6.900000 4.600000 0 0 0 0 0.000000 4.400000 7.900000 0.000000 0 0 0 0 1194 0 115 0 18 0 38 14 129 1196 5 46 9 232 8 105 0 0 1215 22 24 3 179 0 111 0 63 128 3 4 2 1 0 153 0 0 577 0 6 79 50 12 0 101 248 833 25 27 69 46 0 0 0 1 1218 0 44 79 0 0 0 0 0
1585331125.611283 3 0 1327 2538 2153 1.543798 0.259618 0.031361 0.004909 0.010363 1.012564 0.000000 0.600000 7.800000 5.000000 1.200000 0 0 0 0 0 2.400000 2.900000 6.900000 4.400000 0 0 0 0 0.000000 4.400000 7.900000 0.000000 0 0 0 0 1194 0 115 0 18 0 38 14 129 1196 5 47 9 234 8 105 0 0 1215 22 29 3 184 0 111 0 63 128 3 4 2 1 0 154 0 0 577 0 6 78 50 12 0 101 248 833 24 29 69 44 0 0 0 1 1218 0 44 79 0 0 0 0 0
1585331125.621321 3 0 1327 2538 2153 1.543798 0.259618 0.031361 0.004091 0.009545 1.012564 0.000000 0.600000 7.900000 5.000000 1.200000 0 0 0 0 0 2.600000 2.700000 7.100000 4.600000 0 0 0 0 0.000000 4.400000 7.900000 0.000000 0 0 0 0 1194 0 115 0 15 0 35 14 129 1196 5 47 9 234 8 105 0 0 1215 22 29 3 184 0 111 0 63 128 3 4 2 1 0 153 0 0 577 0 6 79 50 12 0 101 248 833 26 27 71 46 0 0 0 1 1218 0 44 79 0 0 0 0 0
1585331125.631325 3 0 1327 2538 2153 1.543798 0.259618 0.031361 0.004909 0.010363 1.012564 0.000000 0.600000 7.800000 5.000000 1.200000 0 0 0 0 0 2.600000 2.600000 6.800000 4.700000 0 0 0 0 0.000000 4.400000 7.900000 0.000000 0 0 0 0 1194 0 115 0 18 0 38 14 129 1196 5 47 9 234 8 105 0 0 1215 22 29 3 184 0 111 0 63 128 3 4 2 1 0 153 0 0 577 0 6 78 50 12 0 101 248 833 26 26 68 47 0 0 0 1 1218 0 44 79 0 0 0 0 0
1585331125.641345 3 0 1327 2538 2153 1.543798 0.259618 0.031361 0.004909 0.010363 1.012018 0.000000 0.600000 7.900000 5.000000 1.200000 0 0 0 0 0 2.600000 2.800000 7.200000 4.600000 0 0 0 0 0.000000 4.400000 8.000000 0.000000 0 0 0 0 1194 0 115 0 18 0 38 14 127 1196 5 47 9 234 8 105 0 0 1215 22 29 3 184 0 111 0 63 128 3 4 2 1 0 153 0 0 577 0 6 79 50 12 0 101 248 833 26 28 72 46 0 0 0 1 1218 0 44 80 0 0 0 0 0
1585331125.651335 3 0 1326 2538 2155 1.543798 0.258254 0.031361 0.005727 0.010363 1.012564 0.000000 0.600000 7.800000 5.000000 1.200000 0 0 0 0 0 2.500000 2.600000 7.300000 4.700000 0 0 0 0 0.000000 4.400000 8.000000 0.000000 0 0 0 0 1194 0 115 0 21 0 38 14 129 1196 5 46 9 234 8 107 0 0 1215 22 29 3 179 0 111 0 63 128 3 4 2 1 0 153 0 0 577 0 6 78 50 12 0 101 248 833 25 26 73 47 0 0 0 1 1218 0 44 80 0 0 0 0 0
1585331125.661376 3 0 1326 2538 2155 1.543798 0.259618 0.031361 0.004909 0.010363 1.012564 0.000000 0.600000 7.900000 5.000000 1.200000 0 0 0 0 0 2.500000 2.600000 7.000000 4.900000 0 0 0 0 0.000000 4.400000 8.000000 0.000000 0 0 0 0 1194 0 115 0 18 0 38 14 129 1196 5 46 9 234 8 107 0 0 1215 22 29 3 184 0 111 0 63 128 3 4 2 1 0 153 0 0 577 0 6 79 50 12 0 101 248 833 25 26 70 49 0 0 0 1 1218 0 44 80 0 0 0 0 0
1585331125.671381 3 0 1327 2537 2154 1.543798 0.259618 0.031361 0.004091 0.009545 1.012018 0.000000 0.600000 7.900000 5.000000 1.200000 0 0 0 0 0 2.500000 2.600000 6.800000 4.700000 0 0 0 0 0.000000 4.400000 8.000000 0.000000 0 0 0 0 1194 0 115 0 15 0 35 14 127 1196 5 47 9 233 8 106 0 0 1215 22 29 3 184 0 111 0 63 128 3 4 2 1 0 153 0 1 577 0 6 79 50 12 0 101 248 833 25 26 68 47 0 0 0 1 1218 0 44 80 0 0 0 0 0
1585331125.681346 3 0 1327 2537 2154 1.543798 0.259618 0.031361 0.005727 0.010363 1.012564 0.000000 0.600000 7.900000 5.000000 1.200000 0 0 0 0 0 2.500000 2.600000 7.100000 4.400000 0 0 0 0 0.000000 4.400000 8.000000 0.000000 0 0 0 0 1194 0 115 0 21 0 38 14 129 1196 5 47 9 233 8 106 0 0 1215 22 29 3 184 0 111 0 63 128 3 4 2 1 0 153 0 0 577 0 6 79 50 12 0 101 248 833 25 26 71 44 0 0 0 1 1218 0 44 80 0 0 0 0 0
1585331125.691349 3 0 1327 2538 2154 1.543798 0.259618 0.031361 0.004909 0.010363 1.012564 0.000000 0.600000 7.900000 5.000000 1.200000 0 0 0 0 0 2.600000 2.800000 7.000000 4.300000 0 0 0 0 0.000000 4.400000 8.000000 0.000000 0 0 0 0 1194 0 115 0 18 0 38 14 129 1196 5 47 9 234 8 106 0 0 1215 22 29 3 184 0 111 0 63 128 3 4 2 1 0 153 0 0 577 0 6 79 50 12 0 101 248 833 26 28 70 43 0 0 0 1 1218 0 44 80 0 0 0 0 0
1585331125.701335 3 0 1327 2538 2154 1.543798 0.259618 0.031361 0.005727 0.010363 1.012564 0.000000 0.600000 7.900000 5.000000 1.200000 0 0 0 0 0 2.600000 2.600000 7.100000 4.400000 0 0 0 0 0.000000 4.400000 7.900000 0.000000 0 0 0 0 1194 0 115 0 21 0 38 14 129 1196 5 47 9 234 8 106 0 0 1215 22 29 3 184 0 111 0 63 128 3 4 2 1 0 153 0 0 577 0 6 79 50 12 0 101 248 833 26 26 71 44 0 0 0 1 1218 0 44 79 0 0 0 0 0
1585331125.711338 3 0 1327 2538 2154 1.543798 0.259618 0.031361 0.004909 0.012272 1.012564 0.000000 0.600000 7.900000 5.000000 1.200000 0 0 0 0 0 2.400000 2.500000 7.300000 4.700000 0 0 0 0 0.000000 4.400000 8.000000 0.000000 0 0 0 0 1194 0 115 0 18 0 45 14 129 1196 5 47 9 234 8 106 0 0 1215 22 29 3 184 0 111 0 63 128 3 4 2 1 0 154 0 0 577 0 6 79 50 12 0 101 248 833 24 25 73 47 0 0 0 1 1218 0 44 80 0 0 0 0 0
1585331125.721356 3 0 1327 2538 2154 1.543798 0.259618 0.031361 0.005727 0.010363 1.012564 0.000000 0.600000 7.900000 5.000000 1.200000 0 0 0 0 0 2.700000 2.500000 7.000000 4.500000 0 0 0 0 0.000000 4.400000 8.000000 0.000000 0 0 0 0 1194 0 115 0 21 0 38 14 129 1196 5 47 9 234 8 106 0 0 1215 22 29 3 184 0 111 0 63 128 3 4 2 1 0 153 0 0 577 0 6 79 50 12 0 101 248 833 27 25 70 45 0 0 0 1 1218 0 44 80 0 0 0 0 0
1585331125.731336 3 0 1327 2537 2154 1.543798 0.259618 0.031361 0.004909 0.010363 1.012564 0.000000 0.600000 7.900000 5.000000 1.200000 0 0 0 0 0 2.700000 2.600000 6.700000 4.500000 0 0 0 0 0.000000 4.400000 8.000000 0.000000 0 0 0 0 1194 0 115 0 18 0 38 14 129 1196 5 47 9 233 8 106 0 0 1215 22 29 3 184 0 111 0 63 128 3 4 2 1 0 154 0 0 577 0 6 79 50 12 0 101 248 833 27 26 67 45 0 0 0 1 1218 0 44 80 0 0 0 0 0
1585331125.741463 3 0 1327 2537 2154 1.543798 0.258254 0.031361 0.005727 0.010363 1.012564 0.000000 0.600000 7.900000 5.000000 1.200000 0 0 0 0 0 2.500000 2.800000 6.900000 4.500000 0 0 0 0 0.000000 4.400000 8.000000 0.000000 0 0 0 0 1194 0 115 0 21 0 38 14 129 1196 5 47 9 233 8 106 0 0 1215 22 29 3 179 0 111 0 63 128 3 4 2 1 0 153 0 0 577 0 6 79 50 12 0 101 248 833 25 28 69 45 0 0 0 1 1218 0 44 80 0 0 0 0 0
1585331125.751345 3 0 1327 2537 2154 1.543798 0.259618 0.031361 0.004909 0.010363 1.012564 0.000000 0.600000 7.900000 5.000000 1.200000 0 0 0 0 0 2.700000 2.700000 6.900000 4.200000 0 0 0 0 0.000000 4.400000 8.000000 0.000000 0 0 0 0 1194 0 115 0 18 0 38 14 129 1196 5 47 9 233 8 106 0 0 1215 22 29 3 184 0 111 0 63 128 3 4 2 1 0 154 0 0 577 0 6 79 50 12 0 101 248 833 27 27 69 42 0 0 0 1 1218 0 44 80 0 0 0 0 0
1585331125.761401 3 0 1327 2537 2154 1.543798 0.259618 0.031361 0.004909 0.010363 1.012564 0.000000 0.600000 7.900000 5.000000 1.200000 0 0 0 0 0 2.700000 2.700000 7.100000 4.200000 0 0 0 0 0.000000 4.400000 7.900000 0.000000 0 0 0 0 1194 0 115 0 18 0 38 14 129 1196 5 47 9 233 8 106 0 0 1215 22 29 3 184 0 111 0 63 128 3 4 2 1 0 153 0 0 577 0 6 79 50 12 0 101 248 833 27 27 71 42 0 0 0 1 1218 0 44 79 0 0 0 0 0
1585331125.771393 3 0 1327 2537 2154 1.545162 0.260981 0.031361 0.004909 0.008454 1.013382 0.000000 0.600000 7.900000 5.000000 1.200000 0 0 0 0 0 2.600000 2.600000 7.000000 4.500000 0 0 0 0 0.000000 4.400000 8.000000 0.000000 0 0 0 0 1194 0 115 0 18 0 31 14 132 1196 5 47 9 233 8 106 0 0 1215 22 34 3 189 0 111 0 63 128 3 4 2 1 0 153 0 1 577 0 6 79 50 12 0 101 248 833 26 26 70 45 0 0 0 1 1218 0 44 80 0 0 0 0 0
1585331125.781384 3 0 1327 2537 2154 1.543798 0.259618 0.031361 0.004909 0.010363 1.012564 0.000000 0.600000 7.900000 5.000000 1.200000 0 0 0 0 0 2.600000 2.600000 7.100000 4.600000 0 0 0 0 0.000000 4.400000 7.900000 0.000000 0 0 0 0 1194 0 115 0 18 0 38 14 129 1196 5 47 9 233 8 106 0 0 1215 22 29 3 184 0 111 0 63 128 3 4 2 1 0 153 0 0 577 0 6 79 50 12 0 101 248 833 26 26 71 46 0 0 0 1 1218 0 44 79 0 0 0 0 0
1585331125.791403 3 0 1327 2538 2154 1.542435 0.258254 0.031361 0.004909 0.010363 1.012564 0.000000 0.600000 7.900000 5.000000 1.200000 0 0 0 0 0 2.500000 2.800000 7.300000 4.400000 0 0 0 0 0.000000 4.400000 8.000000 0.000000 0 0 0 0 1194 0 115 0 18 0 38 14 129 1196 5 47 9 234 8 106 0 0 1215 22 24 3 179 0 111 0 63 128 3 4 2 1 0 153 0 0 577 0 6 79 50 12 0 101 248 833 25 28 73 44 0 0 0 1 1218 0 44 80 0 0 0 0 0
1585331125.801467 3 0 1327 2538 2154 1.543798 0.259618 0.031361 0.004909 0.010363 1.012564 0.000000 0.600000 7.900000 5.000000 1.200000 0 0 0 0 0 2.600000 2.700000 7.400000 4.400000 0 0 0 0 0.000000 4.400000 7.900000 0.000000 0 0 0 0 1194 0 115 0 18 0 38 14 129 1196 5 47 9 234 8 106 0 0 1215 22 29 3 184 0 111 0 63 128 3 4 2 1 0 153 0 0 577 0 6 79 50 12 0 101 248 833 26 27 74 44 0 0 0 1 1218 0 44 79 0 0 0 0 0
1585331125.811413 3 0 1327 2538 2154 1.542435 0.259618 0.031361 0.004909 0.010363 1.012564 0.000000 0.600000 7.900000 5.000000 1.200000 0 0 0 0 0 2.700000 2.800000 7.400000 4.500000 0 0 0 0 0.000000 4.400000 8.000000 0.000000 0 0 0 0 1194 0 115 0 18 0 38 14 129 1196 5 47 9 234 8 106 0 0 1215 22 24 3 184 0 111 0 63 128 3 4 2 1 0 153 0 0 577 0 6 79 50 12 0 101 248 833 27 28 74 45 0 0 0 1 1218 0 44 80 0 0 0 0 0
1585331125.821421 3 0 1327 2538 2154 1.541071 0.256891 0.031361 0.005727 0.010363 1.012564 0.000000 0.600000 7.900000 5.000000 1.200000 0 0 0 0 0 2.700000 2.800000 7.300000 4.600000 0 0 0 0 0.000000 4.400000 8.000000 0.000000 0 0 0 0 1194 0 115 0 21 0 38 14 129 1196 5 47 9 234 8 106 0 0 1215 22 19 3 174 0 111 0 63 128 3 4 2 1 0 153 0 0 577 0 6 79 50 12 0 101 248 833 27 28 73 46 0 0 0 1 1218 0 44 80 0 0 0 0 0
1585331125.831399 3 0 1327 2538 2153 1.542435 0.258254 0.031361 0.005727 0.010363 1.012564 0.000000 0.600000 7.900000 5.000000 1.200000 0 0 0 0 0 2.400000 2.700000 7.200000 4.500000 0 0 0 0 0.000000 4.400000 7.900000 0.000000 0 0 0 0 1194 0 115 0 21 0 38 14 129 1196 5 47 9 234 8 105 0 0 1215 22 24 3 179 0 111 0 63 128 3 4 2 1 0 153 0 0 577 0 6 79 50 12 0 101 248 833 24 27 72 45 0 0 0 1 1218 0 44 79 0 0 0 0 0
1585331125.841394 3 0 1327 2538 2153 1.543798 0.259618 0.031361 0.005727 0.009545 1.012564 0.000000 0.600000 7.900000 5.000000 1.200000 0 0 0 0 0 2.400000 2.900000 7.400000 4.600000 0 0 0 0 0.000000 4.400000 8.000000 0.000000 0 0 0 0 1194 0 115 0 21 0 35 14 129 1196 5 47 9 234 8 105 0 0 1215 22 29 3 184 0 111 0 63 128 3 4 2 1 0 153 0 0 577 0 6 79 50 12 0 101 248 833 24 29 74 46 0 0 0 1 1218 0 44 80 0 0 0 0 0
1585331125.851431 3 0 1328 2538 2153 1.542435 0.258254 0.031361 0.004909 0.010363 1.012564 0.000000 0.600000 7.900000 5.000000 1.200000 0 0 0 0 0 2.600000 2.700000 7.600000 4.600000 0 0 0 0 0.000000 4.400000 8.000000 0.000000 0 0 0 0 1194 0 115 0 18 0 38 14 129 1196 5 48 9 234 8 105 0 0 1215 22 24 3 179 0 111 0 62 128 3 4 2 1 0 153 0 0 577 0 6 79 50 12 0 101 248 833 26 27 76 46 0 0 0 1 1218 0 44 80 0 0 0 0 0
1585331125.861524 3 0 1328 2538 2153 1.542435 0.258254 0.031361 0.004909 0.009545 1.012564 0.000000 0.600000 7.900000 5.000000 1.200000 0 0 0 0 0 2.500000 2.600000 7.000000 4.400000 0 0 0 0 0.000000 4.400000 8.000000 0.000000 0 0 0 0 1194 0 115 0 18 0 35 14 129 1196 5 48 9 234 8 105 0 0 1215 22 24 3 179 0 111 0 62 128 3 4 2 1 0 154 0 0 577 0 6 79 50 12 0 101 248 833 25 26 70 44 0 0 0 1 1218 0 44 80 0 0 0 0 0
1585331125.871413 3 0 1328 2539 2154 1.543798 0.262345 0.031361 0.004909 0.009545 1.012564 0.000000 0.600000 7.900000 5.000000 1.200000 0 0 0 0 0 2.600000 2.600000 7.100000 4.600000 0 0 0 0 0.000000 4.400000 8.000000 0.000000 0 0 0 0 1194 0 115 0 18 0 35 14 129 1196 5 48 9 235 8 106 0 0 1215 22 29 3 194 0 111 0 63 128 3 4 2 1 0 153 0 1 577 0 6 79 50 12 0 101 248 833 26 26 71 46 0 0 0 1 1218 0 44 80 0 0 0 0 0
1585331125.881447 3 0 1328 2539 2154 1.542435 0.258254 0.031361 0.005727 0.010363 1.012564 0.000000 0.600000 7.900000 5.000000 1.200000 0 0 0 0 0 2.500000 2.600000 7.200000 4.700000 0 0 0 0 0.000000 4.400000 8.000000 0.000000 0 0 0 0 1194 0 115 0 21 0 38 14 129 1196 5 48 9 235 8 106 0 0 1215 22 24 3 179 0 111 0 63 128 3 4 2 1 0 154 0 0 577 0 6 79 50 12 0 101 248 833 25 26 72 47 0 0 0 1 1218 0 44 80 0 0 0 0 0
1585331125.891458 3 0 1327 2538 2154 1.543798 0.259618 0.031361 0.004091 0.010363 1.012564 0.000000 0.600000 7.900000 5.000000 1.200000 0 0 0 0 0 2.600000 2.700000 6.900000 4.500000 0 0 0 0 0.000000 4.400000 8.000000 0.000000 0 0 0 0 1194 0 115 0 15 0 38 14 129 1196 5 47 9 234 8 106 0 0 1215 22 29 3 184 0 111 0 62 128 3 4 2 1 0 154 0 0 577 0 6 79 50 12 0 101 248 833 26 27 69 45 0 0 0 1 1218 0 44 80 0 0 0 0 0
1585331125.901445 3 0 1327 2538 2154 1.542435 0.258254 0.031361 0.006545 0.010363 1.012564 0.000000 0.600000 7.900000 5.000000 1.200000 0 0 0 0 0 2.600000 2.700000 7.000000 4.700000 0 0 0 0 0.000000 4.400000 8.000000 0.000000 0 0 0 0 1194 0 115 0 24 0 38 14 129 1196 5 47 9 234 8 106 0 0 1215 22 24 3 179 0 111 0 63 128 3 4 2 1 0 154 0 0 577 0 6 79 50 12 0 101 248 833 26 27 70 47 0 0 0 1 1218 0 44 80 0 0 0 0 0
1585331125.911472 3 0 1328 2538 2154 1.543798 0.259618 0.031361 0.004909 0.010363 1.012564 0.000000 0.600000 7.900000 5.000000 1.200000 0 0 0 0 0 2.500000 2.700000 7.000000 4.600000 0 0 0 0 0.000000 4.400000 8.000000 0.000000 0 0 0 0 1194 0 115 0 18 0 38 14 129 1196 5 48 9 234 8 106 0 0 1215 22 29 3 184 0 111 0 62 128 3 4 2 1 0 154 0 0 577 0 6 79 50 12 0 101 248 833 25 27 70 46 0 0 0 1 1218 0 44 80 0 0 0 0 0
1585331125.921468 3 0 1328 2538 2154 1.542435 0.258254 0.031361 0.005727 0.010363 1.012564 0.000000 0.600000 7.900000 5.000000 1.200000 0 0 0 0 0 2.600000 2.800000 7.100000 4.500000 0 0 0 0 0.000000 4.400000 8.000000 0.000000 0 0 0 0 1194 0 115 0 21 0 38 14 129 1196 5 48 9 234 8 106 0 0 1215 22 24 3 179 0 111 0 62 128 3 4 2 1 0 154 0 0 577 0 6 79 50 12 0 101 248 833 26 28 71 45 0 0 0 1 1218 0 44 80 0 0 0 0 0
1585331125.931441 3 0 1329 2539 2154 1.543798 0.259618 0.031361 0.004909 0.010363 1.012564 0.000000 0.600000 7.900000 5.000000 1.200000 0 0 0 0 0 2.800000 2.600000 7.000000 4.400000 0 0 0 0 0.000000 4.400000 8.000000 0.000000 0 0 0 0 1194 0 115 0 18 0 38 14 129 1196 5 49 9 235 8 106 0 0 1215 22 29 3 184 0 111 0 63 128 3 4 2 1 0 153 0 0 577 0 6 79 50 12 0 101 248 833 28 26 70 44 0 0 0 1 1218 0 44 80 0 0 0 0 0
1585331125.941452 3 0 1329 2539 2154 1.543798 0.260981 0.031361 0.005727 0.010363 1.012564 0.000000 0.600000 7.900000 5.000000 1.200000 0 0 0 0 0 2.700000 2.400000 7.300000 5.000000 0 0 0 0 0.000000 4.400000 8.000000 0.000000 0 0 0 0 1194 0 115 0 21 0 38 14 129 1196 5 49 9 235 8 106 0 0 1215 22 29 3 189 0 111 0 63 128 3 4 2 1 0 153 0 0 577 0 6 79 50 12 0 101 248 833 27 24 73 50 0 0 0 1 1218 0 44 80 0 0 0 0 0
1585331125.951421 3 0 1328 2539 2153 1.545162 0.260981 0.031361 0.004909 0.010363 1.012564 0.000000 0.600000 7.900000 5.000000 1.200000 0 0 0 0 0 2.500000 2.600000 7.300000 5.300000 0 0 0 0 0.000000 4.400000 8.000000 0.000000 0 0 0 0 1194 0 115 0 18 0 38 14 129 1196 5 48 9 235 8 105 0 0 1215 22 34 3 189 0 111 0 62 128 3 4 2 1 0 153 0 0 577 0 6 79 50 12 0 101 248 833 25 26 73 53 0 0 0 1 1218 0 44 80 0 0 0 0 0
1585331125.961518 3 0 1328 2539 2153 1.543798 0.259618 0.031361 0.004909 0.010363 1.012564 0.000000 0.600000 7.900000 5.000000 1.200000 0 0 0 0 0 2.600000 2.700000 7.200000 4.700000 0 0 0 0 0.000000 4.400000 8.000000 0.000000 0 0 0 0 1194 0 115 0 18 0 38 14 129 1196 5 48 9 235 8 105 0 0 1215 22 29 3 184 0 112 0 62 128 3 4 2 1 0 154 0 0 577 0 6 79 50 12 0 101 248 833 26 27 72 47 0 0 0 1 1218 0 44 80 0 0 0 0 0
1585331125.971453 3 0 1328 2539 2154 1.543798 0.258254 0.031361 0.004909 0.010363 1.013382 0.000000 0.600000 7.900000 5.000000 1.200000 0 0 0 0 0 2.700000 2.600000 7.000000 4.500000 0 0 0 0 0.000000 4.400000 7.900000 0.000000 0 0 0 0 1194 0 115 0 18 0 38 14 132 1196 5 48 9 235 8 106 0 0 1215 22 29 3 179 0 111 0 62 128 3 4 2 1 0 154 0 1 577 0 6 79 50 12 0 101 248 833 27 26 70 45 0 0 0 1 1218 0 44 79 0 0 0 0 0
1585331125.981433 3 0 1328 2539 2154 1.543798 0.258254 0.031361 0.004909 0.010363 1.012564 0.000000 0.600000 7.900000 5.000000 1.200000 0 0 0 0 0 2.700000 2.700000 6.900000 4.500000 0 0 0 0 0.000000 4.400000 8.000000 0.000000 0 0 0 0 1194 0 115 0 18 0 38 14 129 1196 5 48 9 235 8 106 0 0 1215 22 29 3 179 0 112 0 63 128 3 4 2 1 0 153 0 0 577 0 6 79 50 12 0 101 248 833 27 27 69 45 0 0 0 1 1218 0 44 80 0 0 0 0 0
1585331125.991422 3 0 1328 2538 2154 1.543798 0.258254 0.031361 0.005727 0.009545 1.013382 0.000000 0.600000 7.900000 5.000000 1.200000 0 0 0 0 0 2.600000 3.000000 7.200000 4.400000 0 0 0 0 0.000000 4.400000 8.000000 0.000000 0 0 0 0 1194 0 115 0 21 0 35 14 132 1196 5 48 9 234 8 106 0 0 1215 22 29 3 179 0 111 0 62 128 3 4 2 1 0 153 0 0 577 0 6 79 50 12 0 101 248 833 26 30 72 44 0 0 0 1 1218 0 44 80 0 0 0 0 0
1585331126.001426 3 0 1328 2538 2154 1.542435 0.258254 0.031361 0.005727 0.010363 1.012564 0.000000 0.600000 7.900000 5.000000 1.200000 0 0 0 0 0 2.700000 2.800000 7.100000 4.700000 0 0 0 0 0.000000 4.400000 8.000000 0.000000 0 0 0 0 1194 0 115 0 21 0 38 14 129 1196 5 48 9 234 8 106 0 0 1215 22 24 3 179 0 112 0 62 128 3 4 2 1 0 153 0 0 577 0 6 79 50 12 0 101 248 833 27 28 71 47 0 0 0 1 1218 0 44 80 0 0 0 0 0
1585331126.011474 3 0 1328 2539 2154 1.543798 0.259618 0.031361 0.004909 0.010363 1.012564 0.000000 0.600000 7.900000 5.000000 1.200000 0 0 0 0 0 2.700000 2.800000 7.200000 4.400000 0 0 0 0 0.000000 4.400000 8.000000 0.000000 0 0 0 0 1194 0 115 0 18 0 38 14 129 1196 5 48 9 235 8 106 0 0 1215 22 29 3 184 0 111 0 62 128 3 4 2 1 0 153 0 0 577 0 6 79 50 12 0 101 248 833 27 28 72 44 0 0 0 1 1218 0 44 80 0 0 0 0 0
1585331126.021484 3 0 1328 2539 2154 1.543798 0.259618 0.031361 0.005727 0.010363 1.012564 0.000000 0.600000 7.900000 5.000000 1.200000 0 0 0 0 0 2.600000 2.700000 7.300000 4.000000 0 0 0 0 0.000000 4.400000 8.000000 0.000000 0 0 0 0 1194 0 115 0 21 0 38 14 129 1196 5 48 9 235 8 106 0 0 1215 22 29 3 184 0 111 0 62 128 3 4 2 1 0 154 0 0 577 0 6 79 50 12 0 101 248 833 26 27 73 40 0 0 0 1 1218 0 44 80 0 0 0 0 0
1585331126.031504 3 0 1328 2539 2153 1.543798 0.259618 0.031361 0.004909 0.010363 1.012564 0.000000 0.600000 7.900000 5.000000 1.200000 0 0 0 0 0 2.500000 2.700000 7.200000 4.600000 0 0 0 0 0.000000 4.400000 8.000000 0.000000 0 0 0 0 1194 0 115 0 18 0 38 14 129 1196 5 48 9 235 8 105 0 0 1215 22 29 3 184 0 112 0 62 128 3 4 2 1 0 153 0 0 577 0 6 79 50 12 0 101 248 833 25 27 72 46 0 0 0 1 1218 0 44 80 0 0 0 0 0
1585331126.041430 3 0 1328 2539 2153 1.545162 0.260981 0.031361 0.005727 0.010363 1.012564 0.000000 0.600000 7.900000 5.000000 1.200000 0 0 0 0 0 2.600000 2.600000 7.200000 4.700000 0 0 0 0 0.000000 4.400000 8.000000 0.000000 0 0 0 0 1194 0 115 0 21 0 38 14 129 1196 5 48 9 235 8 105 0 0 1215 22 34 3 189 0 111 0 62 128 3 4 2 1 0 153 0 0 577 0 6 79 50 12 0 101 248 833 26 26 72 47 0 0 0 1 1218 0 44 80 0 0 0 0 0
1585331126.051508 3 0 1328 2539 2154 1.543798 0.259618 0.031361 0.005727 0.010363 1.012564 0.000000 0.600000 7.900000 5.000000 1.200000 0 0 0 0 0 2.700000 2.500000 7.100000 4.300000 0 0 0 0 0.000000 4.400000 8.000000 0.000000 0 0 0 0 1194 0 115 0 21 0 38 14 129 1196 5 48 9 235 8 106 0 0 1215 22 29 3 184 0 112 0 62 128 3 4 2 1 0 153 0 0 577 0 6 79 50 12 0 101 248 833 27 25 71 43 0 0 0 1 1218 0 44 80 0 0 0 0 0
1585331126.061473 3 0 1328 2539 2154 1.543798 0.259618 0.031361 0.005727 0.010363 1.012018 0.000000 0.600000 7.900000 5.000000 1.200000 0 0 0 0 0 2.500000 2.800000 6.900000 4.400000 0 0 0 0 0.000000 4.400000 8.000000 0.000000 0 0 0 0 1194 0 115 0 21 0 38 14 127 1196 5 48 9 235 8 106 0 0 1215 22 29 3 184 0 112 0 62 128 3 4 2 1 0 153 0 0 577 0 6 79 50 12 0 101 248 833 25 28 69 44 0 0 0 1 1218 0 44 80 0 0 0 0 0
1585331126.071485 3 0 1328 2538 2154 1.543798 0.259618 0.031361 0.004909 0.010363 1.012018 0.000000 0.600000 7.900000 5.000000 1.200000 0 0 0 0 0 2.400000 2.700000 7.100000 4.800000 0 0 0 0 0.000000 4.400000 8.000000 0.000000 0 0 0 0 1194 0 115 0 18 0 38 14 127 1196 5 48 9 234 8 106 0 0 1215 22 29 3 184 0 112 0 62 128 3 4 2 1 0 154 0 1 577 0 6 79 50 12 0 101 248 833 24 27 71 48 0 0 0 1 1218 0 44 80 0 0 0 0 0
1585331126.081423 3 0 1328 2538 2154 1.543798 0.258254 0.031361 0.004091 0.010363 1.012564 0.000000 0.600000 7.900000 5.000000 1.200000 0 0 0 0 0 2.500000 2.900000 7.000000 4.400000 0 0 0 0 0.000000 4.400000 8.000000 0.000000 0 0 0 0 1194 0 115 0 15 0 38 14 129 1196 5 48 9 234 8 106 0 0 1215 22 29 3 179 0 111 0 62 128 3 4 2 1 0 154 0 0 577 0 6 79 50 12 0 101 248 833 25 29 70 44 0 0 0 1 1218 0 44 80 0 0 0 0 0
1585331126.091471 3 0 1328 2540 2154 1.543798 0.259618 0.031361 0.004909 0.008454 1.012564 0.000000 0.600000 7.900000 5.000000 1.200000 0 0 0 0 0 2.500000 2.900000 6.700000 4.300000 0 0 0 0 0.000000 4.400000 8.000000 0.000000 0 0 0 0 1194 0 115 0 18 0 31 14 129 1196 5 48 9 236 8 106 0 0 1215 22 29 3 184 0 112 0 62 128 3 4 2 1 0 153 0 0 577 0 6 79 50 12 0 101 248 833 25 29 67 43 0 0 0 1 1218 0 44 80 0 0 0 0 0
1585331126.101496 3 0 1328 2540 2154 1.542435 0.258254 0.031361 0.005727 0.010363 1.012564 0.000000 0.600000 7.900000 5.000000 1.200000 0 0 0 0 0 2.600000 2.700000 6.900000 4.400000 0 0 0 0 0.000000 4.400000 8.000000 0.000000 0 0 0 0 1194 0 115 0 21 0 38 14 129 1196 5 48 9 236 8 106 0 0 1215 22 24 3 179 0 112 0 62 128 3 4 2 1 0 154 0 0 577 0 6 79 50 12 0 101 248 833 26 27 69 44 0 0 0 1 1218 0 44 80 0 0 0 0 0
1585331126.111532 3 0 1328 2539 2154 1.543798 0.259618 0.031361 0.004091 0.010363 1.012564 0.000000 0.600000 7.900000 5.000000 1.200000 0 0 0 0 0 2.600000 2.800000 7.300000 4.600000 0 0 0 0 0.000000 4.400000 8.000000 0.000000 0 0 0 0 1194 0 115 0 15 0 38 14 129 1196 5 48 9 235 8 106 0 0 1215 22 29 3 184 0 112 0 62 128 3 4 2 1 0 153 0 0 577 0 6 79 50 12 0 101 248 833 26 28 73 46 0 0 0 1 1218 0 44 80 0 0 0 0 0
1585331126.121534 3 0 1328 2539 2154 1.543798 0.258254 0.031361 0.004909 0.010363 1.012564 0.000000 0.600000 7.900000 5.000000 1.200000 0 0 0 0 0 2.600000 2.900000 7.200000 4.800000 0 0 0 0 0.000000 4.400000 8.000000 0.000000 0 0 0 0 1194 0 115 0 18 0 38 14 129 1196 5 48 9 235 8 106 0 0 1215 22 29 3 179 0 112 0 62 128 3 4 2 1 0 154 0 0 577 0 6 79 50 12 0 101 248 833 26 29 72 48 0 0 0 1 1218 0 44 80 0 0 0 0 0
1585331126.131509 3 0 1328 2540 2154 1.542435 0.258254 0.031361 0.004091 0.010363 1.012564 0.000000 0.600000 7.900000 5.000000 1.200000 0 0 0 0 0 2.400000 2.700000 7.300000 4.700000 0 0 0 0 0.000000 4.400000 8.000000 0.000000 0 0 0 0 1194 0 115 0 15 0 38 14 129 1196 5 48 9 236 8 106 0 0 1215 22 24 3 179 0 112 0 62 128 3 4 2 1 0 154 0 0 577 0 6 79 50 12 0 101 248 833 24 27 73 47 0 0 0 1 1218 0 44 80 0 0 0 0 0
1585331126.141495 3 0 1328 2540 2154 1.545162 0.260981 0.031361 0.004909 0.010363 1.012564 0.000000 0.600000 7.900000 5.000000 1.200000 0 0 0 0 0 2.400000 2.700000 7.200000 4.400000 0 0 0 0 0.000000 4.400000 8.000000 0.000000 0 0 0 0 1194 0 115 0 18 0 38 14 129 1196 5 48 9 236 8 106 0 0 1215 22 34 3 189 0 112 0 62 128 3 4 2 1 0 153 0 0 577 0 6 79 50 12 0 101 248 833 24 27 72 44 0 0 0 1 1218 0 44 80 0 0 0 0 0
1585331126.151582 3 0 1328 2539 2153 1.543798 0.259618 0.031361 0.004909 0.010363 1.012564 0.000000 0.600000 7.900000 5.000000 1.200000 0 0 0 0 0 2.500000 2.800000 6.900000 4.400000 0 0 0 0 0.000000 4.400000 8.000000 0.000000 0 0 0 0 1194 0 115 0 18 0 38 14 129 1196 5 48 9 235 8 105 0 0 1215 22 29 3 184 0 112 0 62 128 3 4 2 1 0 154 0 0 577 0 6 79 50 12 0 101 248 833 25 28 69 44 0 0 0 1 1218 0 44 80 0 0 0 0 0
1585331126.161491 3 0 1328 2539 2153 1.543798 0.259618 0.031361 0.004091 0.010363 1.012564 0.000000 0.600000 7.900000 5.000000 1.200000 0 0 0 0 0 2.500000 2.600000 6.900000 4.400000 0 0 0 0 0.000000 4.400000 8.000000 0.000000 0 0 0 0 1194 0 115 0 15 0 38 14 129 1196 5 48 9 235 8 105 0 0 1215 22 29 3 184 0 112 0 62 128 3 4 2 1 0 154 0 0 577 0 6 79 50 12 0 101 248 833 25 26 69 44 0 0 0 1 1218 0 44 80 0 0 0 0 0
1585331126.171485 3 0 1328 2540 2153 1.542435 0.258254 0.031361 0.004909 0.010363 1.012564 0.000000 0.600000 7.900000 5.000000 1.200000 0 0 0 0 0 2.400000 2.800000 7.100000 4.600000 0 0 0 0 0.000000 4.400000 8.000000 0.000000 0 0 0 0 1194 0 115 0 18 0 38 14 129 1196 5 48 9 236 8 105 0 0 1215 22 24 3 179 0 112 0 62 128 3 4 2 1 0 154 0 1 577 0 6 79 50 12 0 101 248 833 24 28 71 46 0 0 0 1 1218 0 44 80 0 0 0 0 0
1585331126.181517 3 0 1328 2540 2153 1.543798 0.259618 0.031361 0.004091 0.010363 1.012564 0.000000 0.600000 7.900000 5.000000 1.200000 0 0 0 0 0 2.400000 2.700000 7.200000 4.500000 0 0 0 0 0.000000 4.400000 8.000000 0.000000 0 0 0 0 1194 0 115 0 15 0 38 14 129 1196 5 48 9 236 8 105 0 0 1215 22 29 3 184 0 112 0 62 128 3 4 2 1 0 153 0 0 577 0 6 79 50 12 0 101 248 833 24 27 72 45 0 0 0 1 1218 0 44 80 0 0 0 0 0
1585331126.191467 3 0 1328 2539 2154 1.543798 0.259618 0.031361 0.004909 0.010363 1.012564 0.000000 0.600000 7.900000 5.000000 1.200000 0 0 0 0 0 2.600000 2.500000 7.000000 4.300000 0 0 0 0 0.000000 4.400000 8.000000 0.000000 0 0 0 0 1194 0 115 0 18 0 38 14 129 1196 5 48 9 235 8 106 0 0 1215 22 29 3 184 0 112 0 62 128 3 4 2 1 0 153 0 0 577 0 6 79 50 12 0 101 248 833 26 25 70 43 0 0 0 1 1218 0 44 80 0 0 0 0 0
1585331126.201501 3 0 1328 2539 2154 1.542435 0.258254 0.031361 0.004909 0.010363 1.012564 0.000000 0.600000 7.900000 5.000000 1.200000 0 0 0 0 0 2.700000 2.600000 7.100000 4.400000 0 0 0 0 0.000000 4.400000 8.000000 0.000000 0 0 0 0 1194 0 115 0 18 0 38 14 129 1196 5 48 9 235 8 106 0 0 1215 22 24 3 179 0 112 0 62 128 3 4 2 1 0 154 0 0 577 0 6 79 50 12 0 101 248 833 27 26 71 44 0 0 0 1 1218 0 44 80 0 0 0 0 0
1585331126.211545 3 0 1328 2539 2153 1.543798 0.259618 0.031361 0.004909 0.010363 1.012564 0.000000 0.600000 7.900000 5.000000 1.200000 0 0 0 0 0 2.500000 2.700000 7.100000 4.300000 0 0 0 0 0.000000 4.400000 8.000000 0.000000 0 0 0 0 1194 0 115 0 18 0 38 14 129 1196 5 48 9 235 8 105 0 0 1215 22 29 3 184 0 112 0 62 128 3 4 2 1 0 154 0 0 577 0 6 79 50 12 0 101 248 833 25 27 71 43 0 0 0 1 1218 0 44 80 0 0 0 0 0
1585331126.221610 3 0 1328 2539 2153 1.543798 0.259618 0.031361 0.004091 0.010363 1.012564 0.000000 0.600000 7.900000 5.000000 1.200000 0 0 0 0 0 2.500000 2.800000 6.800000 4.500000 0 0 0 0 0.000000 4.400000 8.000000 0.000000 0 0 0 0 1194 0 115 0 15 0 38 14 129 1196 5 48 9 235 8 105 0 0 1215 22 29 3 184 0 112 0 62 128 3 4 2 1 0 153 0 0 577 0 6 79 50 12 0 101 248 833 25 28 68 45 0 0 0 1 1218 0 44 80 0 0 0 0 0
1585331126.231560 3 0 1329 2540 2154 1.543798 0.259618 0.031361 0.004909 0.010363 1.012564 0.000000 0.600000 7.900000 5.000000 1.200000 0 0 0 0 0 2.600000 2.900000 7.000000 4.500000 0 0 0 0 0.000000 4.400000 8.000000 0.000000 0 0 0 0 1194 0 115 0 18 0 38 14 129 1196 5 49 9 236 8 106 0 0 1215 22 29 3 184 0 112 0 62 128 3 4 2 1 0 153 0 0 577 0 6 79 50 12 0 101 248 833 26 29 70 45 0 0 0 1 1218 0 44 80 0 0 0 0 0
1585331126.241631 3 0 1329 2540 2154 1.543798 0.259618 0.031361 0.004909 0.010363 1.012018 0.000000 0.600000 7.900000 5.000000 1.200000 0 0 0 0 0 2.400000 2.600000 7.100000 4.500000 0 0 0 0 0.000000 4.400000 8.000000 0.000000 0 0 0 0 1194 0 115 0 18 0 38 14 127 1196 5 49 9 236 8 106 0 0 1215 22 29 3 184 0 112 0 62 128 3 4 2 1 0 154 0 0 577 0 6 79 50 12 0 101 248 833 24 26 71 45 0 0 0 1 1218 0 44 80 0 0 0 0 0
1585331126.251559 3 0 1328 2540 2154 1.543798 0.258254 0.031361 0.004909 0.011454 1.012564 0.000000 0.600000 7.900000 5.000000 1.200000 0 0 0 0 0 2.500000 2.400000 7.000000 4.600000 0 0 0 0 0.000000 4.400000 8.000000 0.000000 0 0 0 0 1194 0 115 0 18 0 42 14 129 1196 5 48 9 236 8 106 0 0 1215 22 29 3 179 0 112 0 62 128 3 4 2 1 0 153 0 0 577 0 6 79 50 12 0 101 248 833 25 24 70 46 0 0 0 1 1218 0 44 80 0 0 0 0 0
1585331126.261537 3 0 1328 2540 2154 1.543798 0.259618 0.031361 0.004909 0.010363 1.012564 0.000000 0.600000 7.900000 5.000000 1.200000 0 0 0 0 0 2.600000 2.600000 7.100000 4.600000 0 0 0 0 0.000000 4.400000 8.000000 0.000000 0 0 0 0 1194 0 115 0 18 0 38 14 129 1196 5 48 9 236 8 106 0 0 1215 22 29 3 184 0 112 0 62 128 3 4 2 1 0 154 0 0 577 0 6 79 50 12 0 101 248 833 26 26 71 46 0 0 0 1 1218 0 44 80 0 0 0 0 0
1585331126.271517 3 0 1328 2539 2153 1.543798 0.258254 0.031361 0.004909 0.010363 1.012564 0.000000 0.600000 7.900000 5.000000 1.200000 0 0 0 0 0 2.400000 2.600000 6.900000 4.300000 0 0 0 0 0.000000 4.400000 8.000000 0.000000 0 0 0 0 1194 0 115 0 18 0 38 14 129 1196 5 48 9 235 8 105 0 0 1215 22 29 3 179 0 112 0 62 128 3 4 2 1 0 154 0 1 577 0 6 79 50 12 0 101 248 833 24 26 69 43 0 0 0 1 1218 0 44 80 0 0 0 0 0
1585331126.281518 3 0 1328 2539 2153 1.543798 0.258254 0.031361 0.004909 0.009545 1.012564 0.000000 0.600000 7.900000 5.000000 1.200000 0 0 0 0 0 2.500000 2.600000 7.000000 4.400000 0 0 0 0 0.000000 4.400000 8.000000 0.000000 0 0 0 0 1194 0 115 0 18 0 35 14 129 1196 5 48 9 235 8 105 0 0 1215 22 29 3 179 0 112 0 62 128 3 4 2 1 0 154 0 0 577 0 6 79 50 12 0 101 248 833 25 26 70 44 0 0 0 1 1218 0 44 80 0 0 0 0 0
1585331126.291563 3 0 1328 2540 2154 1.543798 0.259618 0.031361 0.004909 0.010363 1.013382 0.000000 0.600000 7.900000 5.000000 1.200000 0 0 0 0 0 2.400000 2.700000 7.200000 4.700000 0 0 0 0 0.000000 4.400000 8.000000 0.000000 0 0 0 0 1194 0 115 0 18 0 38 14 132 1196 5 48 9 236 8 106 0 0 1215 22 29 3 184 0 112 0 62 128 3 4 2 1 0 153 0 0 577 0 6 79 50 12 0 101 248 833 24 27 72 47 0 0 0 1 1218 0 44 80 0 0 0 0 0
1585331126.301539 3 0 1328 2540 2154 1.543798 0.259618 0.031361 0.005727 0.008454 1.012564 0.000000 0.600000 7.900000 5.000000 1.200000 0 0 0 0 0 2.400000 2.800000 7.300000 4.400000 0 0 0 0 0.000000 4.400000 8.000000 0.000000 0 0 0 0 1194 0 115 0 21 0 31 14 129 1196 5 48 9 236 8 106 0 0 1215 22 29 3 184 0 112 0 62 128 3 4 2 1 0 154 0 0 577 0 6 79 50 12 0 101 248 833 24 28 73 44 0 0 0 1 1218 0 44 80 0 0 0 0 0
1585331126.311559 3 0 1329 2539 2153 1.543798 0.259618 0.031361 0.005727 0.010363 1.012564 0.000000 0.600000 7.900000 5.000000 1.200000 0 0 0 0 0 2.500000 2.900000 7.200000 4.900000 0 0 0 0 0.000000 4.400000 8.000000 0.000000 0 0 0 0 1194 0 115 0 21 0 38 14 129 1196 5 49 9 235 8 105 0 0 1215 22 29 3 184 0 112 0 62 128 3 4 2 1 0 153 0 0 577 0 6 79 50 12 0 101 248 833 25 29 72 49 0 0 0 1 1218 0 44 80 0 0 0 0 0
1585331126.321511 3 0 1329 2539 2153 1.543798 0.259618 0.031361 0.004909 0.009545 1.012564 0.000000 0.600000 7.900000 5.000000 1.200000 0 0 0 0 0 2.400000 2.700000 7.300000 4.700000 0 0 0 0 0.000000 4.400000 8.000000 0.000000 0 0 0 0 1194 0 115 0 18 0 35 14 129 1196 5 49 9 235 8 105 0 0 1215 22 29 3 184 0 112 0 62 128 3 4 2 1 0 153 0 0 577 0 6 79 50 12 0 101 248 833 24 27 73 47 0 0 0 1 1218 0 44 80 0 0 0 0 0
1585331126.331561 3 0 1329 2540 2154 1.543798 0.259618 0.031361 0.004909 0.010363 1.012564 0.000000 0.600000 7.900000 5.000000 1.200000 0 0 0 0 0 2.400000 2.600000 7.300000 4.500000 0 0 0 0 0.000000 4.400000 8.000000 0.000000 0 0 0 0 1194 0 115 0 18 0 38 14 129 1196 5 49 9 236 8 106 0 0 1215 22 29 3 184 0 112 0 62 128 3 4 2 1 0 153 0 0 577 0 6 79 50 12 0 101 248 833 24 26 73 45 0 0 0 1 1218 0 44 80 0 0 0 0 0
1585331126.341660 3 0 1329 2540 2154 1.543798 0.258254 0.031361 0.004909 0.010363 1.012564 0.000000 0.600000 7.900000 5.000000 1.200000 0 0 0 0 0 2.600000 2.600000 7.200000 4.600000 0 0 0 0 0.000000 4.400000 8.000000 0.000000 0 0 0 0 1194 0 115 0 18 0 38 14 129 1196 5 49 9 236 8 106 0 0 1215 22 29 3 179 0 112 0 62 128 3 4 2 1 0 154 0 0 577 0 6 79 50 12 0 101 248 833 26 26 72 46 0 0 0 1 1218 0 44 80 0 0 0 0 0
1585331126.351568 3 0 1327 2540 2153 1.543798 0.259618 0.031361 0.005727 0.010363 1.012564 0.000000 0.600000 7.900000 5.000000 1.200000 0 0 0 0 0 2.500000 2.800000 6.900000 4.400000 0 0 0 0 0.000000 4.400000 8.000000 0.000000 0 0 0 0 1194 0 115 0 21 0 38 14 129 1196 5 47 9 236 8 105 0 0 1215 22 29 3 184 0 112 0 62 128 3 4 2 1 0 153 0 0 577 0 6 79 50 12 0 101 248 833 25 28 69 44 0 0 0 1 1218 0 44 80 0 0 0 0 0
1585331126.361554 3 0 1327 2540 2153 1.543798 0.259618 0.031361 0.004909 0.010363 1.012018 0.000000 0.600000 7.900000 5.000000 1.200000 0 0 0 0 0 2.700000 3.100000 6.900000 4.600000 0 0 0 0 0.000000 4.400000 8.000000 0.000000 0 0 0 0 1194 0 115 0 18 0 38 14 127 1196 5 47 9 236 8 105 0 0 1215 22 29 3 184 0 112 0 62 128 3 4 2 1 0 154 0 0 577 0 6 79 50 12 0 101 248 833 27 31 69 46 0 0 0 1 1218 0 44 80 0 0 0 0 0
1585331126.371581 3 0 1328 2540 2154 1.543798 0.259618 0.031361 0.004909 0.010363 1.012564 0.000000 0.600000 7.900000 5.000000 1.200000 0 0 0 0 0 2.700000 2.800000 7.100000 4.500000 0 0 0 0 0.000000 4.400000 8.000000 0.000000 0 0 0 0 1194 0 115 0 18 0 38 14 129 1196 5 48 9 236 8 106 0 0 1215 22 29 3 184 0 112 0 62 128 3 4 2 1 0 153 0 1 577 0 6 79 50 12 0 101 248 833 27 28 71 45 0 0 0 1 1218 0 44 80 0 0 0 0 0
1585331126.381591 3 0 1328 2540 2154 1.543798 0.258254 0.031361 0.004909 0.013363 1.012564 0.000000 0.600000 7.900000 5.000000 1.200000 0 0 0 0 0 2.500000 2.600000 7.100000 4.400000 0 0 0 0 0.000000 4.400000 8.000000 0.000000 0 0 0 0 1194 0 115 0 18 0 49 14 129 1196 5 48 9 236 8 106 0 0 1215 22 29 3 179 0 112 0 62 128 3 4 2 1 0 153 0 0 577 0 6 79 50 12 0 101 248 833 25 26 71 44 0 0 0 1 1218 0 44 80 0 0 0 0 0
1585331126.391587 3 0 1329 2539 2154 1.543798 0.259618 0.031361 0.005727 0.010363 1.012564 0.000000 0.600000 7.900000 5.000000 1.200000 0 0 0 0 0 2.600000 2.500000 6.800000 4.500000 0 0 0 0 0.000000 4.400000 8.000000 0.000000 0 0 0 0 1194 0 115 0 21 0 38 14 129 1196 5 49 9 235 8 106 0 0 1215 22 29 3 184 0 112 0 62 128 3 4 2 1 0 153 0 0 577 0 6 79 50 12 0 101 248 833 26 25 68 45 0 0 0 1 1218 0 44 80 0 0 0 0 0
1585331126.401649 3 0 1329 2539 2154 1.543798 0.258254 0.031361 0.004909 0.010363 1.012564 0.000000 0.600000 7.900000 5.000000 1.200000 0 0 0 0 0 2.500000 2.600000 7.100000 4.600000 0 0 0 0 0.000000 4.400000 8.000000 0.000000 0 0 0 0 1194 0 115 0 18 0 38 14 129 1196 5 49 9 235 8 106 0 0 1215 22 29 3 179 0 112 0 62 128 3 4 2 1 0 154 0 0 577 0 6 79 50 12 0 101 248 833 25 26 71 46 0 0 0 1 1218 0 44 80 0 0 0 0 0
1585331126.411564 3 0 1329 2540 2154 1.543798 0.259618 0.031361 0.004909 0.010363 1.012564 0.000000 0.600000 7.900000 5.000000 1.200000 0 0 0 0 0 2.500000 2.700000 7.200000 4.600000 0 0 0 0 0.000000 4.400000 8.000000 0.000000 0 0 0 0 1194 0 115 0 18 0 38 14 129 1196 5 49 9 236 8 106 0 0 1215 22 29 3 184 0 112 0 62 128 3 4 2 1 0 153 0 0 577 0 6 79 50 12 0 101 248 833 25 27 72 46 0 0 0 1 1218 0 44 80 0 0 0 0 0
1585331126.421594 3 0 1329 2540 2154 1.543798 0.258254 0.031361 0.004909 0.010363 1.012564 0.000000 0.600000 7.900000 5.000000 1.200000 0 0 0 0 0 2.500000 2.800000 6.900000 4.700000 0 0 0 0 0.000000 4.400000 8.000000 0.000000 0 0 0 0 1194 0 115 0 18 0 38 14 129 1196 5 49 9 236 8 106 0 0 1215 22 29 3 179 0 112 0 62 128 3 4 2 1 0 154 0 0 577 0 6 79 50 12 0 101 248 833 25 28 69 47 0 0 0 1 1218 0 44 80 0 0 0 0 0
1585331126.431614 3 0 1328 2540 2153 1.543798 0.258254 0.031361 0.004909 0.010363 1.012564 0.000000 0.600000 7.900000 5.000000 1.200000 0 0 0 0 0 2.500000 2.600000 7.000000 4.700000 0 0 0 0 0.000000 4.400000 8.000000 0.000000 0 0 0 0 1194 0 115 0 18 0 38 14 129 1196 5 48 9 236 8 105 0 0 1215 22 29 3 179 0 112 0 62 128 3 4 2 1 0 154 0 0 577 0 6 79 50 12 0 101 248 833 25 26 70 47 0 0 0 1 1218 0 44 80 0 0 0 0 0
1585331126.441682 3 0 1328 2540 2153 1.543798 0.259618 0.031361 0.004909 0.009545 1.012564 0.000000 0.600000 7.900000 5.000000 1.200000 0 0 0 0 0 2.700000 2.300000 7.200000 4.400000 0 0 0 0 0.000000 4.400000 8.000000 0.000000 0 0 0 0 1194 0 115 0 18 0 35 14 129 1196 5 48 9 236 8 105 0 0 1215 22 29 3 184 0 112 0 62 128 3 4 2 1 0 153 0 0 577 0 6 79 50 12 0 101 248 833 27 23 72 44 0 0 0 1 1218 0 44 80 0 0 0 0 0
1585331126.451619 3 0 1328 2540 2153 1.542435 0.256891 0.031361 0.004909 0.010363 1.012564 0.000000 0.600000 7.900000 5.000000 1.200000 0 0 0 0 0 2.500000 2.500000 7.100000 4.200000 0 0 0 0 0.000000 4.400000 8.000000 0.000000 0 0 0 0 1194 0 115 0 18 0 38 14 129 1196 5 48 9 236 8 105 0 0 1215 22 24 3 174 0 112 0 62 128 3 4 2 1 0 153 0 0 577 0 6 79 50 12 0 101 248 833 25 25 71 42 0 0 0 1 1218 0 44 80 0 0 0 0 0
1585331126.461579 3 0 1328 2540 2153 1.543798 0.258254 0.031361 0.004909 0.010363 1.012564 0.000000 0.600000 7.900000 5.000000 1.200000 0 0 0 0 0 2.300000 2.700000 6.800000 4.300000 0 0 0 0 0.000000 4.400000 8.000000 0.000000 0 0 0 0 1194 0 115 0 18 0 38 14 129 1196 5 48 9 236 8 105 0 0 1215 22 29 3 179 0 112 0 62 128 3 4 2 1 0 153 0 0 577 0 6 79 50 12 0 101 248 833 23 27 68 43 0 0 0 1 1218 0 44 80 0 0 0 0 0
1585331126.471631 3 0 1329 2539 2154 1.543798 0.258254 0.031361 0.004909 0.010363 1.012564 0.000000 0.600000 7.900000 5.000000 1.200000 0 0 0 0 0 2.400000 2.500000 7.000000 4.100000 0 0 0 0 0.000000 4.400000 8.000000 0.000000 0 0 0 0 1194 0 115 0 18 0 38 14 129 1196 5 49 9 235 8 106 0 0 1215 22 29 3 179 0 112 0 62 128 3 4 2 1 0 153 0 1 577 0 6 79 50 12 0 101 248 833 24 25 70 41 0 0 0 1 1218 0 44 80 0 0 0 0 0
1585331126.481583 3 0 1329 2539 2154 1.543798 0.259618 0.031361 0.004909 0.010363 1.012564 0.000000 0.600000 7.900000 5.000000 1.200000 0 0 0 0 0 2.600000 2.400000 7.000000 4.500000 0 0 0 0 0.000000 4.400000 8.000000 0.000000 0 0 0 0 1194 0 115 0 18 0 38 14 129 1196 5 49 9 235 8 106 0 0 1215 22 29 3 184 0 112 0 62 128 3 4 2 1 0 153 0 0 577 0 6 79 50 12 0 101 248 833 26 24 70 45 0 0 0 1 1218 0 44 80 0 0 0 0 0
1585331126.491627 3 0 1330 2540 2153 1.543798 0.259618 0.031361 0.004909 0.010363 1.012564 0.000000 0.600000 7.900000 5.000000 1.200000 0 0 0 0 0 2.500000 2.700000 7.200000 4.700000 0 0 0 0 0.000000 4.400000 8.000000 0.000000 0 0 0 0 1194 0 115 0 18 0 38 14 129 1196 5 50 9 236 8 105 0 0 1215 22 29 3 184 0 112 0 62 128 3 4 2 1 0 153 0 0 577 0 6 79 50 12 0 101 248 833 25 27 72 47 0 0 0 1 1218 0 44 80 0 0 0 0 0
1585331126.501574 3 0 1330 2540 2153 1.543798 0.259618 0.031361 0.004909 0.010363 1.012564 0.000000 0.600000 7.900000 5.000000 1.200000 0 0 0 0 0 2.600000 2.700000 7.400000 4.500000 0 0 0 0 0.000000 4.400000 8.000000 0.000000 0 0 0 0 1194 0 115 0 18 0 38 14 129 1196 5 50 9 236 8 105 0 0 1215 22 29 3 184 0 112 0 62 128 3 4 2 1 0 153 0 0 577 0 6 79 50 12 0 101 248 833 26 27 74 45 0 0 0 1 1218 0 44 80 0 0 0 0 0
1585331126.511600 3 0 1328 2540 2154 1.543798 0.259618 0.031361 0.004909 0.013363 1.012564 0.000000 0.600000 7.900000 5.000000 1.200000 0 0 0 0 0 2.600000 2.800000 7.000000 4.800000 0 0 0 0 0.000000 4.400000 8.000000 0.000000 0 0 0 0 1194 0 115 0 18 0 49 14 129 1196 5 48 9 236 8 106 0 0 1215 22 29 3 184 0 112 0 62 128 3 4 2 1 0 154 0 0 577 0 6 79 50 12 0 101 248 833 26 28 70 48 0 0 0 1 1218 0 44 80 0 0 0 0 0
1585331126.521664 3 0 1328 2540 2154 1.543798 0.258254 0.031361 0.004909 0.010363 1.012018 0.000000 0.600000 7.900000 5.000000 1.200000 0 0 0 0 0 2.500000 2.700000 6.900000 4.600000 0 0 0 0 0.000000 4.400000 8.000000 0.000000 0 0 0 0 1194 0 115 0 18 0 38 14 127 1196 5 48 9 236 8 106 0 0 1215 22 29 3 179 0 112 0 62 128 3 4 2 1 0 154 0 0 577 0 6 79 50 12 0 101 248 833 25 27 69 46 0 0 0 1 1218 0 44 80 0 0 0 0 0
1585331126.531634 3 0 1328 2540 2153 1.543798 0.258254 0.031361 0.004909 0.009545 1.012564 0.000000 0.600000 7.900000 5.000000 1.200000 0 0 0 0 0 2.400000 2.500000 7.200000 4.700000 0 0 0 0 0.000000 4.400000 8.000000 0.000000 0 0 0 0 1194 0 115 0 18 0 35 14 129 1196 5 48 9 236 8 105 0 0 1215 22 29 3 179 0 112 0 62 128 3 4 2 1 0 153 0 0 577 0 6 79 50 12 0 101 248 833 24 25 72 47 0 0 0 1 1218 0 44 80 0 0 0 0 0
1585331126.541672 3 0 1328 2540 2153 1.543798 0.258254 0.031361 0.004909 0.010363 1.012564 0.000000 0.600000 7.900000 5.000000 1.200000 0 0 0 0 0 2.600000 2.700000 7.300000 4.700000 0 0 0 0 0.000000 4.400000 8.000000 0.000000 0 0 0 0 1194 0 115 0 18 0 38 14 129 1196 5 48 9 236 8 105 0 0 1215 22 29 3 179 0 112 0 62 128 3 4 2 1 0 154 0 0 577 0 6 79 50 12 0 101 248 833 26 27 73 47 0 0 0 1 1218 0 44 80 0 0 0 0 0
1585331126.551743 3 0 1329 2540 2154 1.543798 0.258254 0.031361 0.004909 0.010363 1.012564 0.000000 0.600000 7.900000 5.000000 1.200000 0 0 0 0 0 2.700000 2.700000 7.100000 4.500000 0 0 0 0 0.000000 4.400000 8.000000 0.000000 0 0 0 0 1194 0 115 0 18 0 38 14 129 1196 5 49 9 236 8 106 0 0 1215 22 29 3 179 0 112 0 62 128 3 4 2 1 0 154 0 0 577 0 6 79 50 12 0 101 248 833 27 27 71 45 0 0 0 1 1218 0 44 80 0 0 0 0 0
1585331126.561661 3 0 1329 2540 2154 1.542435 0.258254 0.031361 0.004909 0.010363 1.012564 0.000000 0.600000 7.900000 5.000000 1.200000 0 0 0 0 0 2.500000 2.800000 7.000000 4.500000 0 0 0 0 0.000000 4.400000 8.000000 0.000000 0 0 0 0 1194 0 115 0 18 0 38 14 129 1196 5 49 9 236 8 106 0 0 1215 22 24 3 179 0 112 0 62 128 3 4 2 1 0 154 0 0 577 0 6 79 50 12 0 101 248 833 25 28 70 45 0 0 0 1 1218 0 44 80 0 0 0 0 0
1585331126.571662 3 0 1329 2540 2154 1.543798 0.259618 0.031361 0.004909 0.010363 1.012564 0.000000 0.600000 7.900000 5.000000 1.200000 0 0 0 0 0 2.500000 2.800000 7.000000 4.500000 0 0 0 0 0.000000 4.400000 8.000000 0.000000 0 0 0 0 1194 0 115 0 18 0 38 14 129 1196 5 49 9 236 8 106 0 0 1215 22 29 3 184 0 112 0 62 128 3 4 2 1 0 153 0 1 577 0 6 79 50 12 0 101 248 833 25 28 70 45 0 0 0 1 1218 0 44 80 0 0 0 0 0
1585331126.581603 3 0 1329 2540 2154 1.543798 0.259618 0.031361 0.004909 0.010363 1.012564 0.000000 0.600000 7.900000 5.000000 1.200000 0 0 0 0 0 2.600000 2.500000 7.000000 4.400000 0 0 0 0 0.000000 4.400000 8.000000 0.000000 0 0 0 0 1194 0 115 0 18 0 38 14 129 1196 5 49 9 236 8 106 0 0 1215 22 29 3 184 0 112 0 62 128 3 4 2 1 0 154 0 0 577 0 6 79 50 12 0 101 248 833 26 25 70 44 0 0 0 1 1218 0 44 80 0 0 0 0 0
1585331126.591643 3 0 1329 2540 2154 1.543798 0.258254 0.031361 0.004909 0.010363 1.012564 0.000000 0.600000 7.900000 5.000000 1.200000 0 0 0 0 0 2.700000 2.700000 7.200000 4.700000 0 0 0 0 0.000000 4.400000 8.000000 0.000000 0 0 0 0 1194 0 115 0 18 0 38 14 129 1196 5 49 9 236 8 106 0 0 1215 22 29 3 179 0 112 0 62 128 3 4 2 1 0 153 0 0 577 0 6 79 50 12 0 101 248 833 27 27 72 47 0 0 0 1 1218 0 44 80 0 0 0 0 0
1585331126.601706 3 0 1329 2540 2154 1.543798 0.259618 0.031361 0.004909 0.010363 1.012564 0.000000 0.600000 7.900000 5.000000 1.200000 0 0 0 0 0 2.500000 2.500000 7.300000 4.400000 0 0 0 0 0.000000 4.400000 8.000000 0.000000 0 0 0 0 1194 0 115 0 18 0 38 14 129 1196 5 49 9 236 8 106 0 0 1215 22 29 3 184 0 112 0 62 128 3 4 2 1 0 153 0 0 577 0 6 79 50 12 0 101 248 833 25 25 73 44 0 0 0 1 1218 0 44 80 0 0 0 0 0
1585331126.611641 3 0 1329 2540 2154 1.543798 0.258254 0.031361 0.005727 0.010363 1.013382 0.000000 0.600000 7.900000 5.000000 1.200000 0 0 0 0 0 2.500000 2.500000 7.300000 4.500000 0 0 0 0 0.000000 4.400000 8.000000 0.000000 0 0 0 0 1194 0 115 0 21 0 38 14 132 1196 5 49 9 236 8 106 0 0 1215 22 29 3 179 0 112 0 62 128 3 4 2 1 0 153 0 0 577 0 6 79 50 12 0 101 248 833 25 25 73 45 0 0 0 1 1218 0 44 80 0 0 0 0 0
1585331126.621610 3 0 1329 2540 2154 1.542435 0.258254 0.031361 0.004909 0.009545 1.012564 0.000000 0.600000 7.900000 5.000000 1.200000 0 0 0 0 0 2.600000 2.800000 7.300000 4.900000 0 0 0 0 0.000000 4.400000 8.000000 0.000000 0 0 0 0 1194 0 115 0 18 0 35 14 129 1196 5 49 9 236 8 106 0 0 1215 22 24 3 179 0 112 0 62 128 3 4 2 1 0 153 0 0 577 0 6 79 50 12 0 101 248 833 26 28 73 49 0 0 0 1 1218 0 44 80 0 0 0 0 0
1585331126.631666 3 0 1329 2540 2154 1.543798 0.259618 0.031361 0.005727 0.010363 1.012564 0.000000 0.600000 7.900000 5.000000 1.200000 0 0 0 0 0 2.600000 2.500000 7.000000 4.400000 0 0 0 0 0.000000 4.400000 8.000000 0.000000 0 0 0 0 1194 0 115 0 21 0 38 14 129 1196 5 49 9 236 8 106 0 0 1215 22 29 3 184 0 112 0 62 128 3 4 2 1 0 153 0 0 577 0 6 79 50 12 0 101 248 833 26 25 70 44 0 0 0 1 1218 0 44 80 0 0 0 0 0
1585331126.641681 3 0 1329 2540 2154 1.543798 0.258254 0.031361 0.004909 0.010363 1.012564 0.000000 0.600000 7.900000 5.000000 1.200000 0 0 0 0 0 2.400000 2.500000 7.100000 4.300000 0 0 0 0 0.000000 4.400000 8.000000 0.000000 0 0 0 0 1194 0 115 0 18 0 38 14 129 1196 5 49 9 236 8 106 0 0 1215 22 29 3 179 0 112 0 62 128 3 4 2 1 0 154 0 0 577 0 6 79 50 12 0 101 248 833 24 25 71 43 0 0 0 1 1218 0 44 80 0 0 0 0 0
1585331126.651664 3 0 1329 2540 2153 1.543798 0.259618 0.031361 0.004909 0.010363 1.012564 0.000000 0.600000 7.900000 5.000000 1.200000 0 0 0 0 0 2.300000 2.700000 7.000000 4.400000 0 0 0 0 0.000000 4.400000 8.000000 0.000000 0 0 0 0 1194 0 115 0 18 0 38 14 129 1196 5 49 9 236 8 105 0 0 1215 22 29 3 184 0 112 0 62 128 3 4 2 1 0 154 0 0 577 0 6 79 50 12 0 101 248 833 23 27 70 44 0 0 0 1 1218 0 44 80 0 0 0 0 0
1585331126.661624 3 0 1329 2540 2153 1.543798 0.258254 0.031361 0.006545 0.010363 1.012018 0.000000 0.600000 7.900000 5.000000 1.200000 0 0 0 0 0 2.500000 2.800000 6.900000 4.500000 0 0 0 0 0.000000 4.400000 8.000000 0.000000 0 0 0 0 1194 0 115 0 24 0 38 14 127 1196 5 49 9 236 8 105 0 0 1215 22 29 3 179 0 112 0 62 128 3 4 2 1 0 153 0 0 577 0 6 79 50 12 0 101 248 833 25 28 69 45 0 0 0 1 1218 0 44 80 0 0 0 0 0
1585331126.671677 3 0 1329 2540 2154 1.543798 0.259618 0.031361 0.004909 0.010363 1.012564 0.000000 0.600000 7.900000 5.000000 1.200000 0 0 0 0 0 2.600000 2.700000 7.000000 4.600000 0 0 0 0 0.000000 4.400000 8.000000 0.000000 0 0 0 0 1194 0 115 0 18 0 38 14 129 1196 5 49 9 236 8 106 0 0 1215 22 29 3 184 0 112 0 62 128 3 4 2 1 0 154 0 1 577 0 6 79 50 12 0 101 248 833 26 27 70 46 0 0 0 1 1218 0 44 80 0 0 0 0 0
1585331126.681659 3 0 1329 2540 2154 1.542435 0.256891 0.031361 0.004091 0.010363 1.012564 0.000000 0.600000 7.900000 5.000000 1.200000 0 0 0 0 0 2.500000 2.700000 6.800000 4.400000 0 0 0 0 0.000000 4.400000 8.000000 0.000000 0 0 0 0 1194 0 115 0 15 0 38 14 129 1196 5 49 9 236 8 106 0 0 1215 22 24 3 174 0 112 0 62 128 3 4 2 1 0 153 0 0 577 0 6 79 50 12 0 101 248 833 25 27 68 44 0 0 0 1 1218 0 44 80 0 0 0 0 0
1585331126.691688 3 0 1329 2540 2149 1.543798 0.259618 0.031361 0.004091 0.010363 1.012564 0.000000 0.600000 7.900000 5.000000 1.200000 0 0 0 0 0 2.500000 2.500000 7.000000 4.500000 0 0 0 0 0.000000 4.400000 8.000000 0.000000 0 0 0 0 1194 0 115 0 15 0 38 14 129 1196 5 49 9 236 8 101 0 0 1215 22 29 3 184 0 112 0 62 128 3 4 2 1 0 154 0 0 577 0 6 79 50 12 0 101 248 833 25 25 70 45 0 0 0 1 1218 0 44 80 0 0 0 0 0
1585331126.701722 3 0 1329 2540 2149 1.543798 0.258254 0.031361 0.004909 0.010363 1.012564 0.000000 0.600000 7.900000 5.000000 1.200000 0 0 0 0 0 2.500000 2.500000 7.200000 4.500000 0 0 0 0 0.000000 4.400000 8.000000 0.000000 0 0 0 0 1194 0 115 0 18 0 38 14 129 1196 5 49 9 236 8 101 0 0 1215 22 29 3 179 0 112 0 62 128 3 4 2 1 0 154 0 0 577 0 6 79 50 12 0 101 248 833 25 25 72 45 0 0 0 1 1218 0 44 80 0 0 0 0 0
1585331126.711648 3 0 1329 2541 2153 1.543798 0.258254 0.031361 0.004909 0.010363 1.012564 0.000000 0.600000 7.900000 5.000000 1.200000 0 0 0 0 0 2.400000 2.800000 7.100000 4.500000 0 0 0 0 0.000000 4.400000 8.000000 0.000000 0 0 0 0 1194 0 115 0 18 0 38 14 129 1196 5 49 9 237 8 105 0 0 1215 22 29 3 179 0 112 0 62 128 3 4 2 1 0 154 0 0 577 0 6 79 50 12 0 101 248 833 24 28 71 45 0 0 0 1 1218 0 44 80 0 0 0 0 0
1585331126.721707 3 0 1329 2541 2153 1.542435 0.256891 0.031361 0.004909 0.010363 1.012564 0.000000 0.600000 7.900000 5.000000 1.200000 0 0 0 0 0 2.400000 2.900000 7.300000 4.800000 0 0 0 0 0.000000 4.400000 8.000000 0.000000 0 0 0 0 1194 0 115 0 18 0 38 14 129 1196 5 49 9 237 8 105 0 0 1215 22 24 3 174 0 112 0 62 128 3 4 2 1 0 154 0 0 577 0 6 79 50 12 0 101 248 833 24 29 73 48 0 0 0 1 1218 0 44 80 0 0 0 0 0
1585331126.731660 3 0 1330 2540 2153 1.543798 0.258254 0.031361 0.005727 0.010363 1.012564 0.000000 0.600000 7.900000 5.000000 1.200000 0 0 0 0 0 2.400000 2.300000 7.200000 4.800000 0 0 0 0 0.000000 4.400000 8.000000 0.000000 0 0 0 0 1194 0 115 0 21 0 38 14 129 1196 5 50 9 236 8 105 0 0 1215 22 29 3 179 0 112 0 62 128 3 4 2 1 0 153 0 0 577 0 6 79 50 12 0 101 248 833 24 23 72 48 0 0 0 1 1218 0 44 80 0 0 0 0 0
1585331126.741661 3 0 1330 2540 2153 1.543798 0.258254 0.031361 0.005727 0.009545 1.012564 0.000000 0.600000 7.900000 5.000000 1.200000 0 0 0 0 0 2.600000 2.400000 7.000000 4.300000 0 0 0 0 0.000000 4.400000 8.000000 0.000000 0 0 0 0 1194 0 115 0 21 0 35 14 129 1196 5 50 9 236 8 105 0 0 1215 22 29 3 179 0 112 0 62 128 3 4 2 1 0 153 0 0 577 0 6 79 50 12 0 101 248 833 26 24 70 43 0 0 0 1 1218 0 44 80 0 0 0 0 0
1585331126.751697 3 0 1329 2540 2154 1.543798 0.258254 0.031361 0.005727 0.010363 1.012564 0.000000 0.600000 7.900000 5.000000 1.200000 0 0 0 0 0 2.700000 2.600000 7.200000 4.100000 0 0 0 0 0.000000 4.400000 8.000000 0.000000 0 0 0 0 1194 0 115 0 21 0 38 14 129 1196 5 49 9 236 8 106 0 0 1215 22 29 3 179 0 112 0 62 128 3 4 2 1 0 154 0 0 577 0 6 79 50 12 0 101 248 833 27 26 72 41 0 0 0 1 1218 0 44 80 0 0 0 0 0
1585331126.761757 3 0 1329 2540 2154 1.542435 0.256891 0.031361 0.004909 0.010363 1.012564 0.000000 0.600000 7.900000 5.000000 1.200000 0 0 0 0 0 2.600000 2.500000 7.200000 4.500000 0 0 0 0 0.000000 4.400000 8.000000 0.000000 0 0 0 0 1194 0 115 0 18 0 38 14 129 1196 5 49 9 236 8 106 0 0 1215 22 24 3 174 0 112 0 62 128 3 4 2 1 0 154 0 0 577 0 6 79 50 12 0 101 248 833 26 25 72 45 0 0 0 1 1218 0 44 80 0 0 0 0 0
1585331126.771688 3 0 1330 2541 2153 1.539708 0.255527 0.031361 0.004909 0.010363 1.012564 0.000000 0.600000 7.900000 5.000000 1.200000 0 0 0 0 0 2.800000 2.800000 7.200000 4.600000 0 0 0 0 0.000000 4.400000 8.000000 0.000000 0 0 0 0 1194 0 115 0 18 0 38 14 129 1196 5 50 9 237 8 105 0 0 1215 22 14 3 169 0 112 0 62 128 3 4 2 1 0 154 0 1 577 0 6 79 50 12 0 101 248 833 28 28 72 46 0 0 0 1 1218 0 44 80 0 0 0 0 0
1585331126.781675 3 0 1330 2541 2153 1.543798 0.258254 0.031361 0.005727 0.009545 1.012564 0.000000 0.600000 7.900000 5.000000 1.200000 0 0 0 0 0 2.500000 2.600000 7.200000 4.600000 0 0 0 0 0.000000 4.400000 8.000000 0.000000 0 0 0 0 1194 0 115 0 21 0 35 14 129 1196 5 50 9 237 8 105 0 0 1215 22 29 3 179 0 112 0 62 128 3 4 2 1 0 153 0 0 577 0 6 79 50 12 0 101 248 833 25 26 72 46 0 0 0 1 1218 0 44 80 0 0 0 0 0
1585331126.791706 3 0 1330 2541 2154 1.543798 0.259618 0.031361 0.005727 0.010363 1.012564 0.000000 0.600000 7.900000 5.000000 1.200000 0 0 0 0 0 2.400000 2.600000 7.300000 4.500000 0 0 0 0 0.000000 4.400000 8.000000 0.000000 0 0 0 0 1194 0 115 0 21 0 38 14 129 1196 5 50 9 237 8 106 0 0 1215 22 29 3 184 0 112 0 62 128 3 4 2 1 0 154 0 0 577 0 6 79 50 12 0 101 248 833 24 26 73 45 0 0 0 1 1218 0 44 80 0 0 0 0 0
1585331126.801685 3 0 1330 2541 2154 1.543798 0.259618 0.031361 0.004909 0.010363 1.012564 0.000000 0.600000 7.900000 5.000000 1.200000 0 0 0 0 0 2.600000 2.600000 7.200000 4.400000 0 0 0 0 0.000000 4.400000 8.000000 0.000000 0 0 0 0 1194 0 115 0 18 0 38 14 129 1196 5 50 9 237 8 106 0 0 1215 22 29 3 184 0 112 0 62 128 3 4 2 1 0 153 0 0 577 0 6 79 50 12 0 101 248 833 26 26 72 44 0 0 0 1 1218 0 44 80 0 0 0 0 0
1585331126.811674 3 0 1330 2540 2154 1.543798 0.259618 0.031361 0.004909 0.010363 1.012564 0.000000 0.600000 7.900000 5.000000 1.200000 0 0 0 0 0 2.500000 2.700000 6.800000 4.700000 0 0 0 0 0.000000 4.400000 8.000000 0.000000 0 0 0 0 1194 0 115 0 18 0 38 14 129 1196 5 50 9 236 8 106 0 0 1215 22 29 3 184 0 112 0 62 128 3 4 2 1 0 154 0 0 577 0 6 79 50 12 0 101 248 833 25 27 68 47 0 0 0 1 1218 0 44 80 0 0 0 0 0
1585331126.821703 3 0 1330 2540 2154 1.542435 0.256891 0.031361 0.004909 0.010363 1.012564 0.000000 0.600000 7.900000 5.000000 1.200000 0 0 0 0 0 2.600000 2.700000 7.000000 4.600000 0 0 0 0 0.000000 4.400000 8.000000 0.000000 0 0 0 0 1194 0 115 0 18 0 38 14 129 1196 5 50 9 236 8 106 0 0 1215 22 24 3 174 0 112 0 62 128 3 4 2 1 0 154 0 0 577 0 6 79 50 12 0 101 248 833 26 27 70 46 0 0 0 1 1218 0 44 80 0 0 0 0 0
1585331126.831727 3 0 1329 2541 2154 1.543798 0.258254 0.031361 0.004909 0.010363 1.012564 0.000000 0.600000 7.900000 5.000000 1.200000 0 0 0 0 0 2.600000 2.500000 7.100000 4.400000 0 0 0 0 0.000000 4.400000 8.000000 0.000000 0 0 0 0 1194 0 115 0 18 0 38 14 129 1196 5 49 9 237 8 106 0 0 1215 22 29 3 179 0 112 0 62 128 3 4 2 1 0 154 0 0 577 0 6 79 50 12 0 101 248 833 26 25 71 44 0 0 0 1 1218 0 44 80 0 0 0 0 0
1585331126.841737 3 0 1329 2541 2154 1.543798 0.258254 0.031361 0.004909 0.009545 1.012564 0.000000 0.600000 7.900000 5.000000 1.200000 0 0 0 0 0 2.500000 2.400000 7.300000 4.600000 0 0 0 0 0.000000 4.400000 8.000000 0.000000 0 0 0 0 1194 0 115 0 18 0 35 14 129 1196 5 49 9 237 8 106 0 0 1215 22 29 3 179 0 112 0 62 128 3 4 2 1 0 154 0 0 577 0 6 79 50 12 0 101 248 833 25 24 73 46 0 0 0 1 1218 0 44 80 0 0 0 0 0
1585331126.851694 3 0 1329 2540 2154 1.543798 0.258254 0.031361 0.004909 0.010363 1.012564 0.000000 0.600000 7.900000 5.000000 1.200000 0 0 0 0 0 2.500000 2.600000 7.200000 4.500000 0 0 0 0 0.000000 4.400000 8.000000 0.000000 0 0 0 0 1194 0 115 0 18 0 38 14 129 1196 5 49 9 236 8 106 0 0 1215 22 29 3 179 0 112 0 62 128 3 4 2 1 0 154 0 0 577 0 6 79 50 12 0 101 248 833 25 26 72 45 0 0 0 1 1218 0 44 80 0 0 0 0 0
1585331126.861741 3 0 1329 2540 2154 1.545162 0.260981 0.031361 0.004909 0.010363 1.012564 0.000000 0.600000 7.900000 5.000000 1.200000 0 0 0 0 0 2.400000 2.600000 7.100000 4.500000 0 0 0 0 0.000000 4.400000 8.000000 0.000000 0 0 0 0 1194 0 115 0 18 0 38 14 129 1196 5 49 9 236 8 106 0 0 1215 22 34 3 189 0 112 0 62 128 3 4 2 1 0 153 0 0 577 0 6 79 50 12 0 101 248 833 24 26 71 45 0 0 0 1 1218 0 44 80 0 0 0 0 0
1585331126.871769 3 0 1330 2540 2154 1.543798 0.259618 0.031361 0.004909 0.010363 1.012564 0.000000 0.600000 7.900000 5.000000 1.200000 0 0 0 0 0 2.600000 2.400000 7.200000 4.700000 0 0 0 0 0.000000 4.400000 8.000000 0.000000 0 0 0 0 1194 0 115 0 18 0 38 14 129 1196 5 50 9 236 8 106 0 0 1215 22 29 3 184 0 112 0 62 128 3 4 2 1 0 154 0 1 577 0 6 79 50 12 0 101 248 833 26 24 72 47 0 0 0 1 1218 0 44 80 0 0 0 0 0
1585331126.881764 3 0 1330 2540 2154 1.543798 0.259618 0.031361 0.005727 0.009545 1.012564 0.000000 0.600000 7.900000 5.000000 1.200000 0 0 0 0 0 2.500000 2.500000 7.000000 4.600000 0 0 0 0 0.000000 4.400000 8.000000 0.000000 0 0 0 0 1194 0 115 0 21 0 35 14 129 1196 5 50 9 236 8 106 0 0 1215 22 29 3 184 0 112 0 62 128 3 4 2 1 0 153 0 0 577 0 6 79 50 12 0 101 248 833 25 25 70 46 0 0 0 1 1218 0 44 80 0 0 0 0 0
1585331126.891766 3 0 1330 2540 2153 1.543798 0.256891 0.031361 0.004909 0.010363 1.013927 0.000000 0.600000 7.900000 5.000000 1.200000 0 0 0 0 0 2.500000 2.600000 7.000000 4.600000 0 0 0 0 0.000000 4.400000 8.000000 0.000000 0 0 0 0 1194 0 115 0 18 0 38 14 134 1196 5 50 9 236 8 105 0 0 1215 22 29 3 174 0 112 0 62 128 3 4 2 1 0 154 0 0 577 0 6 79 50 12 0 101 248 833 25 26 70 46 0 0 0 1 1218 0 44 80 0 0 0 0 0
1585331126.901744 3 0 1330 2540 2153 1.543798 0.259618 0.031361 0.004909 0.010363 1.012564 0.000000 0.600000 7.900000 5.000000 1.200000 0 0 0 0 0 2.700000 2.700000 7.200000 4.300000 0 0 0 0 0.000000 4.400000 8.000000 0.000000 0 0 0 0 1194 0 115 0 18 0 38 14 129 1196 5 50 9 236 8 105 0 0 1215 22 29 3 184 0 112 0 62 128 3 4 2 1 0 153 0 0 577 0 6 79 50 12 0 101 248 833 27 27 72 43 0 0 0 1 1218 0 44 80 0 0 0 0 0
1585331126.911740 3 0 1330 2541 2154 1.543798 0.259618 0.031361 0.005727 0.009545 1.012564 0.000000 0.600000 7.900000 5.000000 1.200000 0 0 0 0 0 2.700000 2.700000 7.200000 4.300000 0 0 0 0 0.000000 4.400000 8.000000 0.000000 0 0 0 0 1194 0 115 0 21 0 35 14 129 1196 5 50 9 237 8 106 0 0 1215 22 29 3 184 0 112 0 62 128 3 4 2 1 0 153 0 0 577 0 6 79 50 12 0 101 248 833 27 27 72 43 0 0 0 1 1218 0 44 80 0 0 0 0 0
1585331126.921720 3 0 1330 2541 2154 1.543798 0.259618 0.031361 0.004909 0.010363 1.012564 0.000000 0.600000 7.900000 5.000000 1.200000 0 0 0 0 0 2.600000 2.700000 7.400000 4.400000 0 0 0 0 0.000000 4.400000 8.000000 0.000000 0 0 0 0 1194 0 115 0 18 0 38 14 129 1196 5 50 9 237 8 106 0 0 1215 22 29 3 184 0 112 0 62 128 3 4 2 1 0 153 0 0 577 0 6 79 50 12 0 101 248 833 26 27 74 44 0 0 0 1 1218 0 44 80 0 0 0 0 0
1585331126.931742 3 0 1330 2541 2154 1.543798 0.259618 0.031361 0.005727 0.010363 1.012564 0.000000 0.600000 7.900000 5.000000 1.200000 0 0 0 0 0 2.300000 2.800000 7.100000 4.600000 0 0 0 0 0.000000 4.400000 8.000000 0.000000 0 0 0 0 1194 0 115 0 21 0 38 14 129 1196 5 50 9 237 8 106 0 0 1215 22 29 3 184 0 112 0 62 128 3 4 2 1 0 154 0 0 577 0 6 79 50 12 0 101 248 833 23 28 71 46 0 0 0 1 1218 0 44 80 0 0 0 0 0
1585331126.941746 3 0 1330 2541 2154 1.545162 0.260981 0.031361 0.004909 0.010363 1.012564 0.000000 0.600000 7.900000 5.000000 1.200000 0 0 0 0 0 2.500000 2.800000 7.000000 4.800000 0 0 0 0 0.000000 4.400000 8.000000 0.000000 0 0 0 0 1194 0 115 0 18 0 38 14 129 1196 5 50 9 237 8 106 0 0 1215 22 34 3 189 0 112 0 62 128 3 4 2 1 0 153 0 0 577 0 6 79 50 12 0 101 248 833 25 28 70 48 0 0 0 1 1218 0 44 80 0 0 0 0 0
1585331126.951840 3 0 1330 2540 2153 1.538344 0.252800 0.031361 0.004909 0.010363 1.012564 0.000000 0.600000 7.900000 5.000000 1.200000 0 0 0 0 0 2.600000 2.500000 7.200000 4.400000 0 0 0 0 0.000000 4.400000 8.000000 0.000000 0 0 0 0 1194 0 115 0 18 0 38 14 129 1196 5 50 9 236 8 105 0 0 1215 22 9 3 159 0 112 0 62 128 3 4 2 1 0 153 0 0 577 0 6 79 50 12 0 101 248 833 26 25 72 44 0 0 0 1 1218 0 44 80 0 0 0 0 0
1585331126.961759 3 0 1330 2540 2153 1.543798 0.259618 0.031361 0.004909 0.010363 1.012564 0.000000 0.600000 7.900000 5.000000 1.200000 0 0 0 0 0 2.600000 2.500000 6.900000 4.300000 0 0 0 0 0.000000 4.400000 8.000000 0.000000 0 0 0 0 1194 0 115 0 18 0 38 14 129 1196 5 50 9 236 8 105 0 0 1215 22 29 3 184 0 112 0 62 128 3 4 2 1 0 154 0 0 577 0 6 79 50 12 0 101 248 833 26 25 69 43 0 0 0 1 1218 0 44 80 0 0 0 0 0
1585331126.971843 3 0 1330 2540 2154 1.543798 0.258254 0.031361 0.004909 0.009545 1.013382 0.000000 0.600000 7.900000 5.000000 1.200000 0 0 0 0 0 2.700000 2.600000 7.100000 4.400000 0 0 0 0 0.000000 4.400000 8.000000 0.000000 0 0 0 0 1194 0 115 0 18 0 35 14 132 1196 5 50 9 236 8 106 0 0 1215 22 29 3 179 0 112 0 62 128 3 4 2 1 0 153 0 1 577 0 6 79 50 12 0 101 248 833 27 26 71 44 0 0 0 1 1218 0 44 80 0 0 0 0 0
1585331126.981771 3 0 1330 2540 2154 1.543798 0.258254 0.031361 0.005727 0.010363 1.012564 0.000000 0.600000 7.900000 5.000000 1.200000 0 0 0 0 0 2.800000 2.800000 7.000000 4.700000 0 0 0 0 0.000000 4.400000 8.000000 0.000000 0 0 0 0 1194 0 115 0 21 0 38 14 129 1196 5 50 9 236 8 106 0 0 1215 22 29 3 179 0 112 0 62 128 3 4 2 1 0 154 0 0 577 0 6 79 50 12 0 101 248 833 28 28 70 47 0 0 0 1 1218 0 44 80 0 0 0 0 0
1585331126.991765 3 0 1330 2541 2153 1.543798 0.258254 0.031361 0.004909 0.010363 1.012018 0.000000 0.600000 7.900000 5.000000 1.200000 0 0 0 0 0 2.800000 2.800000 6.800000 4.700000 0 0 0 0 0.000000 4.400000 8.000000 0.000000 0 0 0 0 1194 0 115 0 18 0 38 14 127 1196 5 50 9 237 8 105 0 0 1215 22 29 3 179 0 112 0 62 128 3 4 2 1 0 153 0 0 577 0 6 79 50 12 0 101 248 833 28 28 68 47 0 0 0 1 1218 0 44 80 0 0 0 0 0
1585331127.001761 3 0 1330 2541 2153 1.543798 0.259618 0.031361 0.004909 0.010363 1.012564 0.000000 0.600000 7.900000 5.000000 1.200000 0 0 0 0 0 2.800000 2.800000 7.100000 4.500000 0 0 0 0 0.000000 4.400000 8.000000 0.000000 0 0 0 0 1194 0 115 0 18 0 38 14 129 1196 5 50 9 237 8 105 0 0 1215 22 29 3 184 0 112 0 62 128 3 4 2 1 0 154 0 0 577 0 6 79 50 12 0 101 248 833 28 28 71 45 0 0 0 1 1218 0 44 80 0 0 0 0 0
1585331127.011736 3 0 1330 2540 2153 1.543798 0.259618 0.031361 0.004909 0.010363 1.012564 0.000000 0.600000 7.900000 5.000000 1.200000 0 0 0 0 0 2.600000 2.800000 6.900000 4.600000 0 0 0 0 0.000000 4.400000 8.000000 0.000000 0 0 0 0 1194 0 115 0 18 0 38 14 129 1196 5 50 9 236 8 105 0 0 1215 22 29 3 184 0 112 0 62 128 3 4 2 1 0 154 0 0 577 0 6 79 50 12 0 101 248 833 26 28 69 46 0 0 0 1 1218 0 44 80 0 0 0 0 0
1585331127.021872 3 0 1330 2540 2153 1.543798 0.258254 0.031361 0.004909 0.010363 1.012018 0.000000 0.600000 7.900000 5.000000 1.200000 0 0 0 0 0 2.400000 2.500000 7.000000 4.600000 0 0 0 0 0.000000 4.400000 8.000000 0.000000 0 0 0 0 1194 0 115 0 18 0 38 14 127 1196 5 50 9 236 8 105 0 0 1215 22 29 3 179 0 112 0 62 128 3 4 2 1 0 154 0 0 577 0 6 79 50 12 0 101 248 833 24 25 70 46 0 0 0 1 1218 0 44 80 0 0 0 0 0
1585331127.031759 3 0 1330 2541 2153 1.543798 0.258254 0.031361 0.004909 0.010363 1.012018 0.000000 0.600000 7.900000 5.000000 1.200000 0 0 0 0 0 2.400000 2.600000 7.200000 4.500000 0 0 0 0 0.000000 4.400000 8.000000 0.000000 0 0 0 0 1194 0 115 0 18 0 38 14 127 1196 5 50 9 237 8 105 0 0 1215 22 29 3 179 0 112 0 62 128 3 4 2 1 0 153 0 0 577 0 6 79 50 12 0 101 248 833 24 26 72 45 0 0 0 1 1218 0 44 80 0 0 0 0 0
1585331127.041770 3 0 1330 2541 2153 1.543798 0.259618 0.031361 0.004909 0.010363 1.012564 0.000000 0.600000 7.900000 5.000000 1.200000 0 0 0 0 0 2.400000 2.600000 7.200000 4.500000 0 0 0 0 0.000000 4.400000 8.000000 0.000000 0 0 0 0 1194 0 115 0 18 0 38 14 129 1196 5 50 9 237 8 105 0 0 1215 22 29 3 184 0 112 0 62 128 3 4 2 1 0 153 0 0 577 0 6 79 50 12 0 101 248 833 24 26 72 45 0 0 0 1 1218 0 44 80 0 0 0 0 0
1585331127.051847 3 0 1331 2541 2154 1.543798 0.258254 0.031361 0.004909 0.010363 1.012564 0.000000 0.600000 7.900000 5.000000 1.200000 0 0 0 0 0 2.500000 2.600000 7.200000 4.400000 0 0 0 0 0.000000 4.400000 8.000000 0.000000 0 0 0 0 1194 0 115 0 18 0 38 14 129 1196 5 51 9 237 8 106 0 0 1215 22 29 3 179 0 112 0 62 128 3 4 2 1 0 153 0 0 577 0 6 79 50 12 0 101 248 833 25 26 72 44 0 0 0 1 1218 0 44 80 0 0 0 0 0
1585331127.061798 3 0 1331 2541 2154 1.545162 0.259618 0.031361 0.004909 0.010363 1.012564 0.000000 0.600000 7.900000 5.000000 1.200000 0 0 0 0 0 2.500000 2.800000 7.200000 4.400000 0 0 0 0 0.000000 4.400000 8.000000 0.000000 0 0 0 0 1194 0 115 0 18 0 38 14 129 1196 5 51 9 237 8 106 0 0 1215 22 34 3 184 0 112 0 62 128 3 4 2 1 0 153 0 0 577 0 6 79 50 12 0 101 248 833 25 28 72 44 0 0 0 1 1218 0 44 80 0 0 0 0 0
1585331127.071857 3 0 1330 2541 2153 1.542435 0.256891 0.031361 0.004909 0.010363 1.012564 0.000000 0.600000 7.900000 5.000000 1.200000 0 0 0 0 0 2.500000 2.700000 7.100000 4.400000 0 0 0 0 0.000000 4.400000 8.000000 0.000000 0 0 0 0 1194 0 115 0 18 0 38 14 129 1196 5 50 9 237 8 105 0 0 1215 22 24 3 174 0 112 0 62 128 3 4 2 1 0 154 0 1 577 0 6 79 50 12 0 101 248 833 25 27 71 44 0 0 0 1 1218 0 44 80 0 0 0 0 0
1585331127.081784 3 0 1330 2541 2153 1.543798 0.258254 0.031361 0.004909 0.010363 1.012564 0.000000 0.600000 7.900000 5.000000 1.200000 0 0 0 0 0 2.800000 2.900000 7.300000 4.400000 0 0 0 0 0.000000 4.300000 8.000000 0.000000 0 0 0 0 1194 0 115 0 18 0 38 14 129 1196 5 50 9 237 8 105 0 0 1215 22 29 3 179 0 112 0 62 128 3 4 2 1 0 153 0 0 577 0 6 79 50 12 0 101 248 833 28 29 73 44 0 0 0 1 1218 0 43 80 0 0 0 0 0
1585331127.091813 3 0 1330 2541 2154 1.543798 0.258254 0.031361 0.005727 0.010363 1.012564 0.000000 0.600000 7.900000 5.000000 1.200000 0 0 0 0 0 2.300000 3.000000 7.000000 4.200000 0 0 0 0 0.000000 4.400000 8.000000 0.000000 0 0 0 0 1194 0 115 0 21 0 38 14 129 1196 5 50 9 237 8 106 0 0 1215 22 29 3 179 0 112 0 62 128 3 4 2 1 0 154 0 0 577 0 6 79 50 12 0 101 248 833 23 30 70 42 0 0 0 1 1218 0 44 80 0 0 0 0 0
1585331127.101821 3 0 1330 2541 2154 1.536981 0.251436 0.031361 0.004909 0.010363 1.012564 0.000000 0.600000 7.900000 5.000000 1.200000 0 0 0 0 0 2.400000 2.700000 7.000000 4.200000 0 0 0 0 0.000000 4.400000 8.000000 0.000000 0 0 0 0 1194 0 115 0 18 0 38 14 129 1196 5 50 9 237 8 106 0 0 1215 22 4 3 154 0 112 0 62 128 3 4 2 1 0 154 0 0 577 0 6 79 50 12 0 101 248 833 24 27 70 42 0 0 0 1 1218 0 44 80 0 0 0 0 0
1585331127.111834 3 0 1330 2541 2153 1.543798 0.258254 0.031361 0.004909 0.010363 1.012564 0.000000 0.600000 7.900000 5.000000 1.200000 0 0 0 0 0 2.600000 2.700000 7.400000 4.500000 0 0 0 0 0.000000 4.400000 8.000000 0.000000 0 0 0 0 1194 0 115 0 18 0 38 14 129 1196 5 50 9 237 8 105 0 0 1215 22 29 3 179 0 112 0 62 128 3 4 2 1 0 154 0 0 577 0 6 79 50 12 0 101 248 833 26 27 74 45 0 0 0 1 1218 0 44 80 0 0 0 0 0
1585331127.121823 3 0 1330 2541 2153 1.543798 0.258254 0.031361 0.004909 0.010363 1.012564 0.000000 0.600000 7.900000 5.000000 1.200000 0 0 0 0 0 2.500000 2.900000 7.200000 4.400000 0 0 0 0 0.000000 4.400000 8.000000 0.000000 0 0 0 0 1194 0 115 0 18 0 38 14 129 1196 5 50 9 237 8 105 0 0 1215 22 29 3 179 0 112 0 62 128 3 4 2 1 0 154 0 0 577 0 6 79 50 12 0 101 248 833 25 29 72 44 0 0 0 1 1218 0 44 80 0 0 0 0 0
1585331127.131780 3 0 1330 2540 2154 1.543798 0.258254 0.031361 0.004909 0.010363 1.012564 0.000000 0.600000 7.900000 5.000000 1.200000 0 0 0 0 0 2.900000 2.600000 7.200000 4.600000 0 0 0 0 0.000000 4.400000 8.000000 0.000000 0 0 0 0 1194 0 115 0 18 0 38 14 129 1196 5 50 9 236 8 106 0 0 1215 22 29 3 179 0 112 0 62 128 3 4 2 1 0 153 0 0 577 0 6 79 50 12 0 101 248 833 29 26 72 46 0 0 0 1 1218 0 44 80 0 0 0 0 0
1585331127.141867 3 0 1330 2540 2154 1.542435 0.256891 0.031361 0.004909 0.010363 1.012564 0.000000 0.600000 7.900000 5.000000 1.200000 0 0 0 0 0 2.700000 2.800000 7.400000 4.500000 0 0 0 0 0.000000 4.400000 8.000000 0.000000 0 0 0 0 1194 0 115 0 18 0 38 14 129 1196 5 50 9 236 8 106 0 0 1215 22 24 3 174 0 112 0 62 128 3 4 2 1 0 153 0 0 577 0 6 79 50 12 0 101 248 833 27 28 74 45 0 0 0 1 1218 0 44 80 0 0 0 0 0
1585331127.151856 3 0 1330 2541 2153 1.543798 0.259618 0.031361 0.004909 0.009545 1.012018 0.000000 0.600000 7.900000 5.000000 1.200000 0 0 0 0 0 2.500000 2.900000 7.100000 4.400000 0 0 0 0 0.000000 4.400000 8.000000 0.000000 0 0 0 0 1194 0 115 0 18 0 35 14 127 1196 5 50 9 237 8 105 0 0 1215 22 29 3 184 0 112 0 62 128 3 4 2 1 0 154 0 0 577 0 6 79 50 12 0 101 248 833 25 29 71 44 0 0 0 1 1218 0 44 80 0 0 0 0 0
1585331127.161802 3 0 1330 2541 2153 1.543798 0.258254 0.031361 0.004091 0.010363 1.012564 0.000000 0.600000 7.900000 5.000000 1.200000 0 0 0 0 0 2.300000 2.800000 7.000000 4.500000 0 0 0 0 0.000000 4.400000 8.000000 0.000000 0 0 0 0 1194 0 115 0 15 0 38 14 129 1196 5 50 9 237 8 105 0 0 1215 22 29 3 179 0 112 0 62 128 3 4 2 1 0 154 0 0 577 0 6 79 50 12 0 101 248 833 23 28 70 45 0 0 0 1 1218 0 44 80 0 0 0 0 0
1585331127.171836 3 0 1330 2542 2154 1.543798 0.258254 0.031361 0.004091 0.010363 1.012564 0.000000 0.600000 7.900000 5.000000 1.200000 0 0 0 0 0 2.300000 2.800000 7.100000 4.500000 0 0 0 0 0.000000 4.400000 8.000000 0.000000 0 0 0 0 1194 0 115 0 15 0 38 14 129 1196 5 50 9 238 8 106 0 0 1215 22 29 3 179 0 112 0 62 128 3 4 2 1 0 154 0 1 577 0 6 79 50 12 0 101 248 833 23 28 71 45 0 0 0 1 1218 0 44 80 0 0 0 0 0
1585331127.181823 3 0 1330 2542 2154 1.543798 0.259618 0.031361 0.004909 0.010363 1.012564 0.000000 0.600000 7.900000 5.000000 1.200000 0 0 0 0 0 2.600000 2.700000 6.900000 4.400000 0 0 0 0 0.000000 4.400000 8.000000 0.000000 0 0 0 0 1194 0 115 0 18 0 38 14 129 1196 5 50 9 238 8 106 0 0 1215 22 29 3 184 0 112 0 62 128 3 4 2 1 0 154 0 0 577 0 6 79 50 12 0 101 248 833 26 27 69 44 0 0 0 1 1218 0 44 80 0 0 0 0 0
1585331127.191854 3 0 1330 2541 2154 1.543798 0.256891 0.031361 0.004909 0.009545 1.012564 0.000000 0.600000 7.900000 5.000000 1.200000 0 0 0 0 0 2.600000 2.400000 7.000000 4.500000 0 0 0 0 0.000000 4.400000 8.000000 0.000000 0 0 0 0 1194 0 115 0 18 0 35 14 129 1196 5 50 9 237 8 106 0 0 1215 22 29 3 174 0 112 0 62 128 3 4 2 1 0 154 0 0 577 0 6 79 50 12 0 101 248 833 26 24 70 45 0 0 0 1 1218 0 44 80 0 0 0 0 0
1585331127.201833 3 0 1330 2541 2154 1.543798 0.258254 0.031361 0.005727 0.010363 1.012564 0.000000 0.600000 7.900000 5.000000 1.200000 0 0 0 0 0 2.500000 2.400000 7.100000 4.600000 0 0 0 0 0.000000 4.400000 8.100000 0.000000 0 0 0 0 1194 0 115 0 21 0 38 14 129 1196 5 50 9 237 8 106 0 0 1215 22 29 3 179 0 112 0 62 128 3 4 2 1 0 154 0 0 577 0 6 79 50 12 0 101 248 833 25 24 71 46 0 0 0 1 1218 0 44 81 0 0 0 0 0
1585331127.211949 3 0 1330 2541 2153 1.543798 0.259618 0.031361 0.005727 0.010363 1.012564 0.000000 0.600000 7.900000 5.000000 1.200000 0 0 0 0 0 2.400000 2.500000 7.000000 4.700000 0 0 0 0 0.000000 4.400000 8.000000 0.000000 0 0 0 0 1194 0 115 0 21 0 38 14 129 1196 5 50 9 237 8 105 0 0 1215 22 29 3 184 0 112 0 62 128 3 4 2 1 0 154 0 0 577 0 6 79 50 12 0 101 248 833 24 25 70 47 0 0 0 1 1218 0 44 80 0 0 0 0 0
1585331127.221829 3 0 1330 2541 2153 1.542435 0.258254 0.031361 0.005727 0.010363 1.012564 0.000000 0.600000 7.900000 5.000000 1.200000 0 0 0 0 0 2.500000 2.700000 7.000000 4.500000 0 0 0 0 0.000000 4.400000 8.000000 0.000000 0 0 0 0 1194 0 115 0 21 0 38 14 129 1196 5 50 9 237 8 105 0 0 1215 22 24 3 179 0 112 0 62 128 3 4 2 1 0 154 0 0 577 0 6 79 50 12 0 101 248 833 25 27 70 45 0 0 0 1 1218 0 44 80 0 0 0 0 0
1585331127.231851 3 0 1330 2541 2154 1.543798 0.258254 0.031361 0.005727 0.010363 1.012564 0.000000 0.600000 7.900000 5.000000 1.200000 0 0 0 0 0 2.500000 2.800000 7.100000 4.400000 0 0 0 0 0.000000 4.400000 8.000000 0.000000 0 0 0 0 1194 0 115 0 21 0 38 14 129 1196 5 50 9 237 8 106 0 0 1215 22 29 3 179 0 112 0 62 128 3 4 2 1 0 154 0 0 577 0 6 79 50 12 0 101 248 833 25 28 71 44 0 0 0 1 1218 0 44 80 0 0 0 0 0
1585331127.241864 3 0 1330 2541 2154 1.542435 0.256891 0.031361 0.005727 0.010363 1.012564 0.000000 0.600000 7.900000 5.000000 1.200000 0 0 0 0 0 2.600000 2.600000 7.100000 4.400000 0 0 0 0 0.000000 4.400000 8.000000 0.000000 0 0 0 0 1194 0 115 0 21 0 38 14 129 1196 5 50 9 237 8 106 0 0 1215 22 24 3 174 0 112 0 62 128 3 4 2 1 0 153 0 0 577 0 6 79 50 12 0 101 248 833 26 26 71 44 0 0 0 1 1218 0 44 80 0 0 0 0 0
1585331127.251884 3 0 1330 2542 2153 1.543798 0.258254 0.031361 0.004909 0.009545 1.012564 0.000000 0.600000 7.900000 5.000000 1.200000 0 0 0 0 0 2.400000 2.600000 7.200000 4.500000 0 0 0 0 0.000000 4.300000 8.000000 0.000000 0 0 0 0 1194 0 115 0 18 0 35 14 129 1196 5 50 9 238 8 105 0 0 1215 22 29 3 179 0 112 0 62 128 3 4 2 1 0 154 0 0 577 0 6 79 50 12 0 101 248 833 24 26 72 45 0 0 0 1 1218 0 43 80 0 0 0 0 0
1585331127.261840 3 0 1330 2542 2153 1.543798 0.258254 0.031361 0.005727 0.010363 1.012564 0.000000 0.600000 7.900000 5.000000 1.200000 0 0 0 0 0 2.300000 2.800000 7.200000 4.800000 0 0 0 0 0.000000 4.400000 8.000000 0.000000 0 0 0 0 1194 0 115 0 21 0 38 14 129 1196 5 50 9 238 8 105 0 0 1215 22 29 3 179 0 112 0 62 128 3 4 2 1 0 154 0 0 577 0 6 79 50 12 0 101 248 833 23 28 72 48 0 0 0 1 1218 0 44 80 0 0 0 0 0
1585331127.271871 3 0 1330 2541 2154 1.543798 0.258254 0.031361 0.005727 0.009545 1.012564 0.000000 0.600000 7.900000 5.000000 1.200000 0 0 0 0 0 2.500000 2.600000 7.000000 4.600000 0 0 0 0 0.000000 4.400000 8.000000 0.000000 0 0 0 0 1194 0 115 0 21 0 35 14 129 1196 5 50 9 237 8 106 0 0 1215 22 29 3 179 0 112 0 62 128 3 4 2 1 0 153 0 1 577 0 6 79 50 12 0 101 248 833 25 26 70 46 0 0 0 1 1218 0 44 80 0 0 0 0 0
1585331127.281834 3 0 1330 2541 2154 1.543798 0.259618 0.031361 0.004091 0.010363 1.012564 0.000000 0.600000 7.900000 5.000000 1.200000 0 0 0 0 0 2.400000 2.500000 7.000000 4.500000 0 0 0 0 0.000000 4.400000 8.100000 0.000000 0 0 0 0 1194 0 115 0 15 0 38 14 129 1196 5 50 9 237 8 106 0 0 1215 22 29 3 184 0 112 0 62 128 3 4 2 1 0 154 0 0 577 0 6 79 50 12 0 101 248 833 24 25 70 45 0 0 0 1 1218 0 44 81 0 0 0 0 0
1585331127.291877 3 0 1330 2541 2152 1.543798 0.258254 0.031361 0.005727 0.010363 1.012018 0.000000 0.600000 7.900000 5.000000 1.200000 0 0 0 0 0 2.600000 2.600000 7.200000 4.500000 0 0 0 0 0.000000 4.400000 8.100000 0.000000 0 0 0 0 1194 0 115 0 21 0 38 14 127 1196 5 50 9 237 8 104 0 0 1215 22 29 3 179 0 112 0 62 128 3 4 2 1 0 154 0 0 577 0 6 79 50 12 0 101 248 833 26 26 72 45 0 0 0 1 1218 0 44 81 0 0 0 0 0
1585331127.301888 3 0 1330 2541 2152 1.543798 0.258254 0.031361 0.006545 0.010363 1.012564 0.000000 0.600000 7.900000 5.000000 1.200000 0 0 0 0 0 2.600000 2.700000 6.900000 4.500000 0 0 0 0 0.000000 4.400000 8.000000 0.000000 0 0 0 0 1194 0 115 0 24 0 38 14 129 1196 5 50 9 237 8 104 0 0 1215 22 29 3 179 0 112 0 62 128 3 4 2 1 0 153 0 0 577 0 6 79 50 12 0 101 248 833 26 27 69 45 0 0 0 1 1218 0 44 80 0 0 0 0 0
1585331127.311925 3 0 1330 2541 2153 1.542435 0.256891 0.031361 0.004909 0.010363 1.012564 0.000000 0.600000 7.900000 5.000000 1.200000 0 0 0 0 0 2.600000 2.500000 7.100000 4.500000 0 0 0 0 0.000000 4.400000 8.000000 0.000000 0 0 0 0 1194 0 115 0 18 0 38 14 129 1196 5 50 9 237 8 105 0 0 1215 22 24 3 174 0 112 0 62 128 3 4 2 1 0 154 0 0 577 0 6 79 50 12 0 101 248 833 26 25 71 45 0 0 0 1 1218 0 44 80 0 0 0 0 0
1585331127.321892 3 0 1330 2541 2153 1.543798 0.259618 0.031361 0.004909 0.010363 1.012564 0.000000 0.600000 7.900000 5.000000 1.200000 0 0 0 0 0 2.700000 2.600000 7.300000 4.300000 0 0 0 0 0.000000 4.400000 8.000000 0.000000 0 0 0 0 1194 0 115 0 18 0 38 14 129 1196 5 50 9 237 8 105 0 0 1215 22 29 3 184 0 112 0 62 128 3 4 2 1 0 154 0 0 577 0 6 79 50 12 0 101 248 833 27 26 73 43 0 0 0 1 1218 0 44 80 0 0 0 0 0
1585331127.331896 3 0 1331 2541 2154 1.543798 0.258254 0.031361 0.004909 0.010363 1.012018 0.000000 0.600000 7.900000 5.000000 1.200000 0 0 0 0 0 2.500000 2.800000 7.000000 4.300000 0 0 0 0 0.000000 4.300000 8.100000 0.000000 0 0 0 0 1194 0 115 0 18 0 38 14 127 1196 5 51 9 237 8 106 0 0 1215 22 29 3 179 0 112 0 62 128 3 4 2 1 0 154 0 0 577 0 6 79 50 12 0 101 248 833 25 28 70 43 0 0 0 1 1218 0 43 81 0 0 0 0 0
1585331127.341888 3 0 1331 2541 2154 1.543798 0.258254 0.031361 0.005727 0.010363 1.012564 0.000000 0.600000 7.900000 5.000000 1.200000 0 0 0 0 0 2.400000 2.600000 7.000000 4.700000 0 0 0 0 0.000000 4.400000 8.000000 0.000000 0 0 0 0 1194 0 115 0 21 0 38 14 129 1196 5 51 9 237 8 106 0 0 1215 22 29 3 179 0 112 0 62 128 3 4 2 1 0 154 0 0 577 0 6 79 50 12 0 101 248 833 24 26 70 47 0 0 0 1 1218 0 44 80 0 0 0 0 0
1585331127.351856 3 0 1330 2541 2154 1.543798 0.258254 0.031361 0.005727 0.009545 1.012018 0.000000 0.600000 7.900000 5.000000 1.200000 0 0 0 0 0 2.600000 2.800000 7.000000 4.600000 0 0 0 0 0.000000 4.400000 8.000000 0.000000 0 0 0 0 1194 0 115 0 21 0 35 14 127 1196 5 50 9 237 8 106 0 0 1215 22 29 3 179 0 112 0 62 128 3 4 2 1 0 153 0 0 577 0 6 79 50 12 0 101 248 833 26 28 70 46 0 0 0 1 1218 0 44 80 0 0 0 0 0
1585331127.361892 3 0 1330 2541 2154 1.543798 0.262345 0.031361 0.004909 0.009545 1.012018 0.000000 0.600000 7.900000 5.000000 1.200000 0 0 0 0 0 2.600000 2.800000 7.000000 4.500000 0 0 0 0 0.000000 4.300000 8.000000 0.000000 0 0 0 0 1194 0 115 0 18 0 35 14 127 1196 5 50 9 237 8 106 0 0 1215 22 29 3 194 0 112 0 62 128 3 4 2 1 0 153 0 0 577 0 6 79 50 12 0 101 248 833 26 28 70 45 0 0 0 1 1218 0 43 80 0 0 0 0 0
1585331127.371977 3 0 1330 2541 2154 1.543798 0.259618 0.031361 0.004909 0.010363 1.012018 0.000000 0.600000 7.900000 5.000000 1.200000 0 0 0 0 0 2.500000 2.700000 7.000000 4.900000 0 0 0 0 0.000000 4.400000 8.000000 0.000000 0 0 0 0 1194 0 115 0 18 0 38 14 127 1196 5 50 9 237 8 106 0 0 1215 22 29 3 184 0 112 0 62 128 3 4 2 1 0 154 0 1 577 0 6 79 50 12 0 101 248 833 25 27 70 49 0 0 0 1 1218 0 44 80 0 0 0 0 0
1585331127.381848 3 0 1330 2541 2154 1.543798 0.258254 0.031361 0.005727 0.010363 1.015291 0.000000 0.600000 7.900000 5.000000 1.200000 0 0 0 0 0 2.500000 2.800000 7.000000 4.800000 0 0 0 0 0.000000 4.400000 8.000000 0.000000 0 0 0 0 1194 0 115 0 21 0 38 14 139 1196 5 50 9 237 8 106 0 0 1215 22 29 3 179 0 112 0 62 128 3 4 2 1 0 154 0 0 577 0 6 79 50 12 0 101 248 833 25 28 70 48 0 0 0 1 1218 0 44 80 0 0 0 0 0
1585331127.391870 3 0 1330 2541 2154 1.543798 0.258254 0.031361 0.004909 0.009545 1.012564 0.000000 0.600000 7.900000 5.000000 1.200000 0 0 0 0 0 2.400000 2.700000 7.200000 4.500000 0 0 0 0 0.000000 4.400000 8.000000 0.000000 0 0 0 0 1194 0 115 0 18 0 35 14 129 1196 5 50 9 237 8 106 0 0 1215 22 29 3 179 0 112 0 62 128 3 4 2 1 0 154 0 0 577 0 6 79 50 12 0 101 248 833 24 27 72 45 0 0 0 1 1218 0 44 80 0 0 0 0 0
1585331127.401990 3 0 1330 2541 2154 1.543798 0.259618 0.031361 0.004909 0.010363 1.012564 0.000000 0.600000 7.900000 5.000000 1.200000 0 0 0 0 0 2.600000 2.800000 7.300000 4.700000 0 0 0 0 0.000000 4.400000 8.000000 0.000000 0 0 0 0 1194 0 115 0 18 0 38 14 129 1196 5 50 9 237 8 106 0 0 1215 22 29 3 184 0 112 0 62 128 3 4 2 1 0 154 0 0 577 0 6 79 50 12 0 101 248 833 26 28 73 47 0 0 0 1 1218 0 44 80 0 0 0 0 0
1585331127.411883 3 0 1330 2541 2154 1.543798 0.259618 0.031361 0.004909 0.010363 1.012564 0.000000 0.600000 7.900000 5.000000 1.200000 0 0 0 0 0 2.400000 2.900000 7.100000 4.700000 0 0 0 0 0.000000 4.400000 8.000000 0.000000 0 0 0 0 1194 0 115 0 18 0 38 14 129 1196 5 50 9 237 8 106 0 0 1215 22 29 3 184 0 112 0 62 128 3 4 2 1 0 154 0 0 577 0 6 79 50 12 0 101 248 833 24 29 71 47 0 0 0 1 1218 0 44 80 0 0 0 0 0
1585331127.421891 3 0 1330 2541 2154 1.543798 0.258254 0.031361 0.004909 0.009545 1.012564 0.000000 0.600000 7.900000 5.000000 1.200000 0 0 0 0 0 2.500000 2.900000 7.300000 4.700000 0 0 0 0 0.000000 4.400000 8.000000 0.000000 0 0 0 0 1194 0 115 0 18 0 35 14 129 1196 5 50 9 237 8 106 0 0 1215 22 29 3 179 0 112 0 62 128 3 4 2 1 0 154 0 0 577 0 6 79 50 12 0 101 248 833 25 29 73 47 0 0 0 1 1218 0 44 80 0 0 0 0 0
1585331127.431915 3 0 1331 2541 2153 1.545162 0.260981 0.031361 0.004909 0.010363 1.012564 0.000000 0.600000 7.900000 5.000000 1.200000 0 0 0 0 0 2.500000 2.800000 7.100000 4.400000 0 0 0 0 0.000000 4.400000 8.000000 0.000000 0 0 0 0 1194 0 115 0 18 0 38 14 129 1196 5 51 9 237 8 105 0 0 1215 22 34 3 189 0 112 0 62 128 3 4 2 1 0 154 0 0 577 0 6 79 50 12 0 101 248 833 25 28 71 44 0 0 0 1 1218 0 44 80 0 0 0 0 0
1585331127.441861 3 0 1331 2541 2153 1.543798 0.259618 0.031361 0.004909 0.011454 1.012564 0.000000 0.600000 7.900000 5.000000 1.200000 0 0 0 0 0 2.500000 2.500000 6.900000 4.200000 0 0 0 0 0.000000 4.400000 8.000000 0.000000 0 0 0 0 1194 0 115 0 18 0 42 14 129 1196 5 51 9 237 8 105 0 0 1215 22 29 3 184 0 112 0 61 128 3 4 2 1 0 153 0 0 577 0 6 79 50 12 0 101 248 833 25 25 69 42 0 0 0 1 1218 0 44 80 0 0 0 0 0
1585331127.451887 3 0 1330 2541 2153 1.543798 0.258254 0.031361 0.004909 0.010363 1.012564 0.000000 0.600000 7.900000 5.000000 1.200000 0 0 0 0 0 2.700000 2.500000 7.200000 4.500000 0 0 0 0 0.000000 4.300000 8.000000 0.000000 0 0 0 0 1194 0 115 0 18 0 38 14 129 1196 5 50 9 237 8 105 0 0 1215 22 29 3 179 0 112 0 61 128 3 4 2 1 0 153 0 0 577 0 6 79 50 12 0 101 248 833 27 25 72 45 0 0 0 1 1218 0 43 80 0 0 0 0 0
1585331127.461952 3 0 1330 2541 2153 1.542435 0.256891 0.031361 0.004909 0.009545 1.012564 0.000000 0.600000 7.900000 5.000000 1.200000 0 0 0 0 0 2.500000 2.500000 7.700000 4.400000 0 0 0 0 0.000000 4.300000 8.000000 0.000000 0 0 0 0 1194 0 115 0 18 0 35 14 129 1196 5 50 9 237 8 105 0 0 1215 22 24 3 174 0 112 0 62 128 3 4 2 1 0 154 0 0 577 0 6 79 50 12 0 101 248 833 25 25 77 44 0 0 0 1 1218 0 43 80 0 0 0 0 0
1585331127.471882 3 0 1330 2542 2154 1.543798 0.258254 0.031361 0.004909 0.010363 1.013382 0.000000 0.600000 7.900000 5.000000 1.200000 0 0 0 0 0 2.500000 2.700000 7.400000 4.400000 0 0 0 0 0.000000 4.300000 8.000000 0.000000 0 0 0 0 1194 0 115 0 18 0 38 14 132 1196 5 50 9 238 8 106 0 0 1215 22 29 3 179 0 112 0 61 128 3 4 2 1 0 154 0 1 577 0 6 79 50 12 0 101 248 833 25 27 74 44 0 0 0 1 1218 0 43 80 0 0 0 0 0
1585331127.481896 3 0 1330 2542 2154 1.543798 0.259618 0.031361 0.005727 0.009545 1.012564 0.000000 0.600000 7.900000 5.000000 1.200000 0 0 0 0 0 2.600000 2.600000 7.200000 4.400000 0 0 0 0 0.000000 4.400000 8.000000 0.000000 0 0 0 0 1194 0 115 0 21 0 35 14 129 1196 5 50 9 238 8 106 0 0 1215 22 29 3 184 0 112 0 62 128 3 4 2 1 0 153 0 0 577 0 6 79 50 12 0 101 248 833 26 26 72 44 0 0 0 1 1218 0 44 80 0 0 0 0 0
1585331127.491880 3 0 1330 2541 2154 1.543798 0.258254 0.031361 0.004909 0.009545 1.012564 0.000000 0.600000 7.900000 5.000000 1.200000 0 0 0 0 0 2.500000 2.700000 7.500000 4.600000 0 0 0 0 0.000000 4.300000 8.000000 0.000000 0 0 0 0 1194 0 115 0 18 0 35 14 129 1196 5 50 9 237 8 106 0 0 1215 22 29 3 179 0 112 0 62 128 3 4 2 1 0 154 0 0 577 0 6 79 50 12 0 101 248 833 25 27 75 46 0 0 0 1 1218 0 43 80 0 0 0 0 0
1585331127.501949 3 0 1330 2541 2154 1.543798 0.258254 0.031361 0.004909 0.009545 1.012564 0.000000 0.600000 7.900000 5.000000 1.200000 0 0 0 0 0 2.400000 2.600000 7.000000 4.500000 0 0 0 0 0.000000 4.400000 8.100000 0.000000 0 0 0 0 1194 0 115 0 18 0 35 14 129 1196 5 50 9 237 8 106 0 0 1215 22 29 3 179 0 112 0 61 128 3 4 2 1 0 154 0 0 577 0 6 79 50 12 0 101 248 833 24 26 70 45 0 0 0 1 1218 0 44 81 0 0 0 0 0
1585331127.511898 3 0 1331 2542 2154 1.543798 0.259618 0.031361 0.004909 0.010363 1.012564 0.000000 0.600000 7.900000 5.000000 1.200000 0 0 0 0 0 2.600000 2.500000 7.000000 4.200000 0 0 0 0 0.000000 4.300000 8.000000 0.000000 0 0 0 0 1194 0 115 0 18 0 38 14 129 1196 5 51 9 238 8 106 0 0 1215 22 29 3 184 0 112 0 61 128 3 4 2 1 0 153 0 0 577 0 6 79 50 12 0 101 248 833 26 25 70 42 0 0 0 1 1218 0 43 80 0 0 0 0 0
1585331127.521920 3 0 1331 2542 2154 1.543798 0.256891 0.031361 0.005727 0.010363 1.012564 0.000000 0.600000 7.900000 5.000000 1.200000 0 0 0 0 0 2.500000 2.700000 6.700000 4.800000 0 0 0 0 0.000000 4.400000 8.000000 0.000000 0 0 0 0 1194 0 115 0 21 0 38 14 129 1196 5 51 9 238 8 106 0 0 1215 22 29 3 174 0 112 0 61 128 3 4 2 1 0 154 0 0 577 0 6 79 50 12 0 101 248 833 25 27 67 48 0 0 0 1 1218 0 44 80 0 0 0 0 0
1585331127.531949 3 0 1331 2541 2154 1.542435 0.256891 0.031361 0.004909 0.010363 1.012564 0.000000 0.600000 7.900000 5.000000 1.200000 0 0 0 0 0 2.500000 2.700000 6.800000 4.700000 0 0 0 0 0.000000 4.400000 8.000000 0.000000 0 0 0 0 1194 0 115 0 18 0 38 14 129 1196 5 51 9 237 8 106 0 0 1215 22 24 3 174 0 112 0 61 128 3 4 2 1 0 154 0 0 577 0 6 79 50 12 0 101 248 833 25 27 68 47 0 0 0 1 1218 0 44 80 0 0 0 0 0
1585331127.541974 3 0 1331 2541 2154 1.543798 0.250073 0.031361 0.004091 0.009545 1.012564 0.000000 0.600000 7.900000 5.000000 1.200000 0 0 0 0 0 2.600000 2.700000 7.200000 4.500000 0 0 0 0 0.000000 4.300000 8.100000 0.000000 0 0 0 0 1194 0 115 0 15 0 35 14 129 1196 5 51 9 237 8 106 0 0 1215 22 29 3 149 0 113 0 61 128 3 4 2 1 0 154 0 0 577 0 6 79 50 12 0 101 248 833 26 27 72 45 0 0 0 1 1218 0 43 81 0 0 0 0 0
1585331127.552004 3 0 1331 2541 2154 1.542435 0.256891 0.031361 0.004909 0.010363 1.012564 0.000000 0.600000 7.900000 5.000000 1.200000 0 0 0 0 0 2.600000 2.900000 7.200000 4.200000 0 0 0 0 0.000000 4.400000 8.100000 0.000000 0 0 0 0 1194 0 115 0 18 0 38 14 129 1196 5 51 9 237 8 106 0 0 1215 22 24 3 174 0 113 0 61 128 3 4 2 1 0 154 0 0 577 0 6 79 50 12 0 101 248 833 26 29 72 42 0 0 0 1 1218 0 44 81 0 0 0 0 0
1585331127.562002 3 0 1331 2541 2154 1.543798 0.258254 0.031361 0.004909 0.010363 1.012564 0.000000 0.600000 7.900000 5.000000 1.200000 0 0 0 0 0 2.500000 2.800000 7.600000 4.500000 0 0 0 0 0.000000 4.300000 8.000000 0.000000 0 0 0 0 1194 0 115 0 18 0 38 14 129 1196 5 51 9 237 8 106 0 0 1215 22 29 3 179 0 112 0 61 128 3 4 2 1 0 154 0 0 577 0 6 79 50 12 0 101 248 833 25 28 76 45 0 0 0 1 1218 0 43 80 0 0 0 0 0
1585331127.571926 3 0 1330 2539 2154 1.543798 0.259618 0.031361 0.004909 0.010363 1.012564 0.000000 0.600000 7.900000 5.000000 1.200000 0 0 0 0 0 2.800000 2.400000 7.700000 5.400000 0 0 0 0 0.000000 4.400000 8.100000 0.000000 0 0 0 0 1194 0 115 0 18 0 38 14 129 1196 5 50 9 235 8 106 0 0 1215 22 29 3 184 0 112 0 62 128 3 4 2 1 0 155 0 1 577 0 6 79 50 12 0 101 248 833 28 24 77 54 0 0 0 1 1218 0 44 81 0 0 0 0 0
1585331127.581998 3 0 1330 2539 2154 1.543798 0.258254 0.031361 0.004909 0.010363 1.012564 0.000000 0.600000 7.900000 5.000000 1.200000 0 0 0 0 0 2.400000 2.900000 6.700000 4.300000 0 0 0 0 0.000000 4.300000 8.000000 0.000000 0 0 0 0 1194 0 115 0 18 0 38 14 129 1196 5 50 9 235 8 106 0 0 1215 22 29 3 179 0 112 0 62 128 3 4 2 1 0 155 0 0 577 0 6 79 50 12 0 101 248 833 24 29 67 43 0 0 0 1 1218 0 43 80 0 0 0 0 0
1585331127.591985 3 0 1329 2539 2154 1.543798 0.258254 0.031361 0.005727 0.010363 1.012564 0.000000 0.600000 7.900000 5.000000 1.200000 0 0 0 0 0 2.500000 3.000000 6.600000 4.500000 0 0 0 0 0.000000 4.400000 8.000000 0.000000 0 0 0 0 1194 0 115 0 21 0 38 14 129 1196 5 49 9 235 8 106 0 0 1215 22 29 3 179 0 112 0 62 128 3 4 2 1 0 155 0 0 577 0 6 79 50 12 0 101 248 833 25 30 66 45 0 0 0 1 1218 0 44 80 0 0 0 0 0
1585331127.601967 3 0 1329 2539 2154 1.543798 0.258254 0.031361 0.004091 0.010363 1.012564 0.000000 0.600000 7.900000 5.000000 1.200000 0 0 0 0 0 3.000000 2.400000 7.600000 4.800000 0 0 0 0 0.000000 4.400000 8.000000 0.000000 0 0 0 0 1194 0 115 0 15 0 38 14 129 1196 5 49 9 235 8 106 0 0 1215 22 29 3 179 0 112 0 62 128 3 4 2 1 0 155 0 0 577 0 6 79 50 12 0 101 248 833 30 24 76 48 0 0 0 1 1218 0 44 80 0 0 0 0 0
1585331127.611957 3 0 1330 2539 2153 1.543798 0.258254 0.031361 0.004909 0.010363 1.012564 0.000000 0.600000 7.900000 5.000000 1.200000 0 0 0 0 0 2.900000 2.900000 7.800000 4.400000 0 0 0 0 0.000000 4.400000 8.000000 0.000000 0 0 0 0 1194 0 115 0 18 0 38 14 129 1196 5 50 9 235 8 105 0 0 1215 22 29 3 179 0 112 0 62 128 3 4 2 1 0 155 0 0 577 0 6 79 50 12 0 101 248 833 29 29 78 44 0 0 0 1 1218 0 44 80 0 0 0 0 0
1585331127.621987 3 0 1330 2539 2153 1.543798 0.258254 0.031361 0.004909 0.010363 1.012564 0.000000 0.600000 7.900000 5.000000 1.200000 0 0 0 0 0 2.600000 3.000000 7.300000 4.800000 0 0 0 0 0.000000 4.400000 8.000000 0.000000 0 0 0 0 1194 0 115 0 18 0 38 14 129 1196 5 50 9 235 8 105 0 0 1215 22 29 3 179 0 112 0 62 128 3 4 2 1 0 155 0 0 577 0 6 79 50 12 0 101 248 833 26 30 73 48 0 0 0 1 1218 0 44 80 0 0 0 0 0
1585331127.631962 3 0 1331 2536 2154 1.543798 0.258254 0.031361 0.004909 0.009545 1.013382 0.000000 0.600000 7.900000 5.000000 1.200000 0 0 0 0 0 2.300000 2.500000 6.800000 4.500000 0 0 0 0 0.000000 4.400000 8.000000 0.000000 0 0 0 0 1194 0 115 0 18 0 35 14 132 1196 5 51 9 232 8 106 0 0 1215 22 29 3 179 0 111 0 62 128 3 4 2 1 0 155 0 0 577 0 6 79 50 12 0 101 248 833 23 25 68 45 0 0 0 1 1218 0 44 80 0 0 0 0 0
1585331127.641965 3 0 1331 2536 2154 1.543798 0.256891 0.031361 0.004909 0.009545 1.012564 0.000000 0.600000 7.900000 5.000000 1.200000 0 0 0 0 0 2.400000 2.700000 7.500000 4.600000 0 0 0 0 0.000000 4.400000 8.000000 0.000000 0 0 0 0 1194 0 115 0 18 0 35 14 129 1196 5 51 9 232 8 106 0 0 1215 22 29 3 174 0 111 0 62 128 3 4 2 1 0 155 0 0 577 0 6 79 50 12 0 101 248 833 24 27 75 46 0 0 0 1 1218 0 44 80 0 0 0 0 0
1585331127.651946 3 0 1333 2529 2154 1.543798 0.254164 0.031361 0.004091 0.010363 1.012564 0.000000 0.600000 7.900000 5.000000 1.200000 0 0 0 0 0 2.500000 2.800000 7.500000 4.400000 0 0 0 0 0.000000 4.400000 7.900000 0.000000 0 0 0 0 1194 0 115 0 15 0 38 14 129 1196 5 53 9 225 8 106 0 0 1215 22 29 3 164 0 110 0 61 128 3 4 2 1 0 155 0 0 577 0 6 79 50 12 0 101 248 833 25 28 75 44 0 0 0 1 1218 0 44 79 0 0 0 0 0
1585331127.661947 3 0 1333 2529 2154 1.543798 0.250073 0.031361 0.004909 0.010363 1.012564 0.000000 0.600000 7.900000 5.000000 1.200000 0 0 0 0 0 2.400000 2.700000 6.900000 4.700000 0 0 0 0 0.000000 4.300000 7.900000 0.000000 0 0 0 0 1194 0 115 0 18 0 38 14 129 1196 5 53 9 225 8 106 0 0 1215 22 29 3 149 0 109 0 61 128 3 4 2 1 0 155 0 0 577 0 6 79 50 12 0 101 248 833 24 27 69 47 0 0 0 1 1218 0 43 79 0 0 0 0 0
1585331127.671934 3 0 1342 2506 2153 1.543798 0.244619 0.031361 0.004909 0.009545 1.012564 0.000000 0.600000 7.900000 5.000000 1.200000 0 0 0 0 0 2.300000 2.700000 7.000000 5.000000 0 0 0 0 0.000000 4.300000 7.900000 0.000000 0 0 0 0 1194 0 115 0 18 0 35 14 129 1196 5 62 9 202 8 105 0 0 1215 22 29 3 129 0 107 0 60 128 3 4 2 1 0 155 0 1 577 0 6 79 50 12 0 101 248 833 23 27 70 50 0 0 0 1 1218 0 43 79 0 0 0 0 0
1585331127.681992 3 0 1342 2506 2153 1.543798 0.240801 0.031361 0.004909 0.010363 1.012564 0.000000 0.600000 7.900000 5.000000 1.200000 0 0 0 0 0 2.200000 2.800000 7.300000 4.500000 0 0 0 0 0.000000 4.300000 7.700000 0.000000 0 0 0 0 1194 0 115 0 18 0 38 14 129 1196 5 62 9 202 8 105 0 0 1215 22 29 3 115 0 103 0 59 128 3 4 2 1 0 155 0 0 577 0 6 79 50 12 0 101 248 833 22 28 73 45 0 0 0 1 1218 0 43 77 0 0 0 0 0
1585331127.691970 3 0 1363 2479 2153 1.542435 0.233983 0.031361 0.004909 0.010363 1.013382 0.000000 0.600000 7.900000 5.000000 1.200000 0 0 0 0 0 2.100000 2.700000 7.200000 4.500000 0 0 0 0 0.000000 4.200000 7.600000 0.000000 0 0 0 0 1194 0 115 0 18 0 38 14 132 1196 5 83 9 175 8 105 0 0 1215 22 24 3 90 0 99 0 57 128 3 4 2 1 0 154 0 0 577 0 6 79 50 12 0 101 248 833 21 27 72 45 0 0 0 1 1218 0 42 76 0 0 0 0 0
1585331127.702033 3 0 1363 2479 2153 1.542435 0.233983 0.031361 0.004091 0.009545 1.012564 0.000000 0.600000 7.900000 5.000000 1.200000 0 0 0 0 0 2.400000 2.600000 6.800000 4.700000 0 0 0 0 0.000000 4.100000 7.200000 0.000000 0 0 0 0 1194 0 115 0 15 0 35 14 129 1196 5 83 9 175 8 105 0 0 1215 22 24 3 90 0 95 0 52 128 3 4 2 1 0 154 0 0 577 0 6 79 50 12 0 101 248 833 24 26 68 47 0 0 0 1 1218 0 41 72 0 0 0 0 0
1585331127.712005 3 0 1387 2460 2153 1.534253 0.239165 0.031361 0.004909 0.010363 1.012564 0.000000 0.600000 7.900000 5.000000 1.200000 0 0 0 0 0 2.500000 2.600000 6.800000 4.500000 0 0 0 0 0.000000 3.900000 6.900000 0.000000 0 0 0 0 1194 0 115 0 18 0 38 14 129 1196 5 107 9 156 8 105 0 0 1215 21 250 3 109 0 92 0 47 128 3 4 2 1 0 154 0 0 577 0 6 79 50 12 0 101 248 833 25 26 68 45 0 0 0 1 1218 0 39 69 0 0 0 0 0
1585331127.722094 3 0 1387 2460 2153 1.524709 0.248709 0.031361 0.005727 0.010363 1.012564 0.000000 0.600000 7.500000 5.000000 1.200000 0 0 0 0 0 2.300000 3.000000 6.900000 4.600000 0 0 0 0 0.000000 3.700000 6.600000 0.000000 0 0 0 0 1194 0 115 0 21 0 38 14 129 1196 5 107 9 156 8 105 0 0 1215 21 215 3 144 0 87 0 45 128 3 4 2 1 0 154 0 0 577 0 6 75 50 12 0 101 248 833 23 30 69 46 0 0 0 1 1218 0 37 66 0 0 0 0 0
1585331127.731972 3 0 1406 2443 2153 1.516527 0.255527 0.031361 0.004909 0.010363 1.012564 0.000000 0.600000 7.400000 4.800000 1.200000 0 0 0 0 0 2.400000 3.100000 7.100000 4.600000 0 0 0 0 0.000000 3.000000 6.700000 0.000000 0 0 0 0 1194 0 115 0 18 0 38 14 129 1196 5 126 9 139 8 105 0 0 1215 21 185 3 169 0 84 0 42 128 3 4 2 1 0 154 0 0 577 0 6 74 48 12 0 101 248 833 24 31 71 46 0 0 0 1 1218 0 30 67 0 0 0 0 0
1585331127.742028 3 0 1406 2443 2153 1.502892 0.258254 0.031361 0.004909 0.010363 1.012564 0.000000 0.600000 7.400000 4.800000 1.200000 0 0 0 0 0 2.500000 2.700000 7.400000 4.400000 0 0 0 0 0.000000 3.200000 6.100000 0.000000 0 0 0 0 1194 0 115 0 18 0 38 14 129 1196 5 126 9 139 8 105 0 0 1215 21 135 3 179 0 80 0 39 128 3 4 2 1 0 154 0 0 577 0 6 74 48 12 0 101 248 833 25 27 74 44 0 0 0 1 1218 0 32 61 0 0 0 0 0
1585331127.752045 3 0 1429 2419 2154 1.490893 0.263981 0.031361 0.004909 0.010363 1.012018 0.000000 0.600000 6.100000 4.700000 1.100000 0 0 0 0 0 2.500000 2.600000 7.200000 5.000000 0 0 0 0 0.000000 3.100000 5.900000 0.000000 0 0 0 0 1194 0 115 0 18 0 38 14 127 1196 5 149 9 115 8 106 0 0 1215 21 91 3 200 0 76 0 35 128 3 4 2 1 0 154 0 0 577 0 6 61 47 11 0 101 248 833 25 26 72 50 0 0 0 1 1218 0 31 59 0 0 0 0 0
1585331127.762028 3 0 1429 2419 2154 1.481348 0.269162 0.031361 0.004909 0.010363 1.001928 0.000000 0.600000 5.800000 4.700000 1.100000 0 0 0 0 0 2.500000 2.800000 7.300000 4.800000 0 0 0 0 0.000000 2.800000 5.700000 0.000000 0 0 0 0 1194 0 115 0 18 0 38 14 90 1196 5 149 9 115 8 106 0 0 1215 21 56 3 219 0 70 0 32 128 3 4 2 1 0 154 0 0 577 0 6 58 47 11 0 101 248 833 25 28 73 48 0 0 0 1 1218 0 28 57 0 0 0 0 0
1585331127.771965 3 0 1466 2347 2154 1.470440 0.278707 0.031361 0.004909 0.010363 0.980111 0.000000 0.600000 5.500000 4.700000 1.000000 0 0 0 0 0 2.500000 2.700000 7.300000 4.400000 0 0 0 0 0.000000 2.600000 5.500000 0.000000 0 0 0 0 1194 0 115 0 18 0 38 14 10 1196 5 186 9 43 8 106 0 0 1215 21 16 3 254 0 60 0 27 128 3 4 2 1 0 154 0 1 577 0 6 55 47 10 0 101 248 833 25 27 73 44 0 0 0 1 1218 0 26 55 0 0 0 0 0
1585331127.781981 3 0 1466 2347 2154 1.451350 0.289616 0.031361 0.004909 0.010363 0.956386 0.000000 0.600000 4.500000 4.500000 1.000000 0 0 0 0 0 2.400000 2.600000 6.900000 4.400000 0 0 0 0 0.000000 2.300000 5.200000 0.000000 0 0 0 0 1194 0 115 0 18 0 38 13 179 1196 5 186 9 43 8 106 0 0 1215 20 202 4 38 0 51 0 21 128 3 4 2 1 0 155 0 0 577 0 6 45 45 10 0 101 248 833 24 26 69 44 0 0 0 1 1218 0 23 52 0 0 0 0 0
1585331127.792035 3 0 1422 2274 2153 1.432261 0.300251 0.031361 0.005727 0.010363 0.932660 0.000000 0.600000 4.300000 4.400000 0.900000 0 0 0 0 0 2.400000 3.100000 7.200000 4.300000 0 0 0 0 0.000000 2.100000 4.100000 0.000000 0 0 0 0 1194 0 115 0 21 0 38 13 92 1196 5 142 8 226 8 105 0 0 1215 20 132 4 77 0 41 0 20 128 3 4 2 1 0 155 0 0 577 0 6 43 44 9 0 101 248 833 24 31 72 43 0 0 0 1 1218 0 21 41 0 0 0 0 0
1585331127.802014 3 0 1422 2274 2153 1.426807 0.298888 0.031361 0.004909 0.010363 0.904026 0.000000 0.600000 3.900000 4.300000 0.800000 0 0 0 0 0 2.500000 3.100000 7.600000 4.500000 0 0 0 0 0.000000 1.600000 3.500000 0.000000 0 0 0 0 1194 0 115 0 18 0 38 12 243 1196 5 142 8 226 8 105 0 0 1215 20 112 4 72 0 29 0 22 128 3 4 2 1 0 155 0 0 577 0 6 39 43 8 0 101 248 833 25 31 76 45 0 0 0 1 1218 0 16 35 0 0 0 0 0
1585331127.812082 3 0 1505 2281 2153 1.421353 0.296161 0.031361 0.004909 0.010363 0.888482 0.000000 0.600000 3.200000 4.200000 0.600000 0 0 0 0 0 2.500000 2.900000 7.300000 4.300000 0 0 0 0 0.000000 1.400000 3.100000 0.000000 0 0 0 0 1194 0 115 0 18 0 38 12 186 1196 5 225 8 233 8 105 0 0 1215 20 92 4 62 0 24 0 13 128 3 4 2 1 0 155 0 0 577 0 6 32 42 6 0 101 248 833 25 29 73 43 0 0 0 1 1218 0 14 31 0 0 0 0 0
1585331127.822072 3 0 1505 2281 2153 1.418625 0.296161 0.031361 0.004091 0.009545 0.870210 0.000000 0.600000 2.700000 3.900000 0.500000 0 0 0 0 0 2.600000 3.100000 7.100000 4.200000 0 0 0 0 0.000000 2.500000 1.800000 0.000000 0 0 0 0 1194 0 115 0 15 0 35 12 119 1196 5 225 8 233 8 105 0 0 1215 20 82 4 62 0 20 0 10 128 3 4 2 1 0 155 0 0 577 0 6 27 39 5 0 101 248 833 26 31 71 42 0 0 0 1 1218 0 25 18 0 0 0 0 0
1585331127.832052 3 0 1522 2247 2154 1.414808 0.296433 0.031361 0.004909 0.010363 0.850575 0.000000 0.600000 2.700000 3.800000 0.400000 0 0 0 0 0 2.400000 2.800000 7.200000 4.200000 0 0 0 0 0.000000 1.200000 1.600000 0.000000 0 0 0 0 1194 0 115 0 18 0 38 12 47 1196 5 242 8 199 8 106 0 0 1215 20 68 4 63 0 16 0 6 128 3 4 2 1 0 155 0 0 577 0 6 27 38 4 0 101 248 833 24 28 72 42 0 0 0 1 1218 0 12 16 0 0 0 0 0
1585331127.842006 3 0 1522 2247 2154 1.412080 0.293706 0.031361 0.004091 0.010363 0.831486 0.000000 0.600000 2.300000 3.700000 0.300000 0 0 0 0 0 2.400000 3.100000 7.100000 4.200000 0 0 0 0 0.000000 0.800000 1.900000 0.000000 0 0 0 0 1194 0 115 0 15 0 38 11 233 1196 5 242 8 199 8 106 0 0 1215 20 58 4 53 0 12 0 2 128 3 4 2 1 0 155 0 0 577 0 6 23 37 3 0 101 248 833 24 31 71 42 0 0 0 1 1218 0 8 19 0 0 0 0 0
1585331127.852053 3 0 1539 2250 2154 1.412080 0.293706 0.031361 0.004091 0.010363 0.815941 0.000000 0.600000 2.000000 3.700000 0.200000 0 0 0 0 0 2.500000 3.000000 7.100000 4.200000 0 0 0 0 0.000000 0.900000 1.400000 0.000000 0 0 0 0 1194 0 115 0 15 0 38 11 176 1196 6 3 8 202 8 106 0 0 1215 20 58 4 53 0 11 0 0 128 3 4 2 1 0 155 0 0 577 0 6 20 37 2 0 101 248 833 25 30 71 42 0 0 0 1 1218 0 9 14 0 0 0 0 0
1585331127.862036 3 0 1539 2250 2154 1.412080 0.293706 0.031361 0.004091 0.010363 0.802306 0.000000 0.600000 1.900000 3.600000 0.200000 0 0 0 0 0 2.300000 2.800000 7.000000 4.200000 0 0 0 0 0.000000 0.500000 1.100000 0.000000 0 0 0 0 1194 0 115 0 15 0 38 11 126 1196 6 3 8 202 8 106 0 0 1215 20 58 4 53 0 10 0 0 128 3 4 2 1 0 155 0 0 577 0 6 19 36 2 0 101 248 833 23 28 70 42 0 0 0 1 1218 0 5 11 0 0 0 0 0
1585331127.872041 3 0 1536 2242 2153 1.409353 0.292343 0.031361 0.004091 0.010363 0.788125 0.000000 0.600000 1.800000 3.600000 0.100000 0 0 0 0 0 2.400000 2.800000 6.900000 4.100000 0 0 0 0 0.000000 0.300000 1.200000 0.000000 0 0 0 0 1194 0 115 0 15 0 38 11 74 1196 6 0 8 194 8 105 0 0 1215 20 48 4 48 0 8 0 0 128 3 4 2 1 0 155 0 1 577 0 6 18 36 1 0 101 248 833 24 28 69 41 0 0 0 1 1218 0 3 12 0 0 0 0 0
1585331127.882049 3 0 1536 2242 2153 1.412080 0.295070 0.031361 0.004091 0.009545 0.776672 0.000000 0.600000 1.800000 3.500000 0.100000 0 0 0 0 0 2.700000 2.600000 7.200000 4.500000 0 0 0 0 0.000000 0.100000 1.200000 0.000000 0 0 0 0 1194 0 115 0 15 0 35 11 32 1196 6 0 8 194 8 105 0 0 1215 20 58 4 58 0 7 0 0 128 3 4 2 1 0 155 0 0 577 0 6 18 35 1 0 101 248 833 27 26 72 45 0 0 0 1 1218 0 1 12 0 0 0 0 0
1585331127.892000 3 0 1539 2242 2153 1.412080 0.295070 0.031361 0.004909 0.010363 0.766309 0.000000 0.600000 1.600000 3.500000 0.100000 0 0 0 0 0 2.500000 2.600000 7.500000 4.700000 0 0 0 0 0.000000 0.200000 1.000000 0.000000 0 0 0 0 1194 0 115 0 18 0 38 10 250 1196 6 3 8 194 8 105 0 0 1215 20 58 4 58 0 7 0 0 128 3 4 2 1 0 155 0 0 577 0 6 16 35 1 0 101 248 833 25 26 75 47 0 0 0 1 1218 0 2 10 0 0 0 0 0
1585331127.902049 3 0 1539 2242 2153 1.412080 0.297797 0.031361 0.004909 0.010363 0.761673 0.000000 0.600000 1.500000 3.400000 0.000000 0 0 0 0 0 2.400000 2.600000 7.200000 4.900000 0 0 0 0 0.000000 0.200000 1.000000 0.000000 0 0 0 0 1194 0 115 0 18 0 38 10 233 1196 6 3 8 194 8 105 0 0 1215 20 58 4 68 0 7 0 0 128 3 4 2 1 0 155 0 0 577 0 6 15 34 0 0 101 248 833 24 26 72 49 0 0 0 1 1218 0 2 10 0 0 0 0 0
1585331127.912091 3 0 1543 2234 2154 1.406626 0.295070 0.031361 0.004909 0.010363 0.752128 0.000000 0.600000 1.400000 3.400000 0.000000 0 0 0 0 0 2.600000 2.800000 7.100000 4.600000 0 0 0 0 0.000000 0.200000 1.000000 0.000000 0 0 0 0 1194 0 115 0 18 0 38 10 198 1196 6 7 8 186 8 106 0 0 1215 20 38 4 58 0 6 0 0 128 3 4 2 1 0 155 0 0 577 0 6 14 34 0 0 101 248 833 26 28 71 46 0 0 0 1 1218 0 2 10 0 0 0 0 0
1585331127.922042 3 0 1543 2234 2154 1.397082 0.286888 0.031361 0.004909 0.010363 0.743401 0.000000 0.600000 1.400000 3.300000 0.000000 0 0 0 0 0 2.600000 3.000000 7.100000 3.900000 0 0 0 0 0.000000 0.100000 1.000000 0.000000 0 0 0 0 1194 0 115 0 18 0 38 10 166 1196 6 7 8 186 8 106 0 0 1215 20 3 4 28 0 5 0 0 128 3 4 2 1 0 155 0 0 577 0 6 14 33 0 0 101 248 833 26 30 71 39 0 0 0 1 1218 0 1 10 0 0 0 0 0
1585331127.932060 3 0 1543 2235 2153 1.391627 0.278707 0.031361 0.004909 0.009545 0.735220 0.000000 0.600000 1.400000 3.300000 0.000000 0 0 0 0 0 2.600000 3.100000 7.300000 4.000000 0 0 0 0 0.000000 0.000000 0.900000 0.000000 0 0 0 0 1194 0 115 0 18 0 35 10 136 1196 6 7 8 187 8 105 0 0 1215 19 239 3 254 0 4 0 0 128 3 4 2 1 0 155 0 0 577 0 6 14 33 0 0 101 248 833 26 31 73 40 0 0 0 1 1218 0 0 9 0 0 0 0 0
1585331127.942121 3 0 1543 2235 2153 1.386173 0.284161 0.031361 0.004909 0.010363 0.726493 0.000000 0.600000 1.300000 3.200000 0.000000 0 0 0 0 0 2.600000 3.300000 7.300000 4.600000 0 0 0 0 0.000000 0.000000 0.800000 0.000000 0 0 0 0 1194 0 115 0 18 0 38 10 104 1196 6 7 8 187 8 105 0 0 1215 19 219 4 18 0 4 0 0 128 3 4 2 1 0 155 0 0 577 0 6 13 32 0 0 101 248 833 26 33 73 46 0 0 0 1 1218 0 0 8 0 0 0 0 0
1585331127.952074 3 0 1541 2234 2153 1.379356 0.282798 0.031361 0.004909 0.010363 0.711494 0.000000 0.600000 1.300000 3.200000 0.000000 0 0 0 0 0 2.400000 3.000000 7.100000 4.400000 0 0 0 0 0.000000 0.100000 0.800000 0.000000 0 0 0 0 1194 0 115 0 18 0 38 10 49 1196 6 5 8 186 8 105 0 0 1215 19 194 4 13 0 4 0 0 128 3 4 2 1 0 155 0 0 577 0 6 13 32 0 0 101 248 833 24 30 71 44 0 0 0 1 1218 0 1 8 0 0 0 0 0
1585331127.962037 3 0 1541 2234 2153 1.368447 0.277344 0.031361 0.004909 0.010363 0.701950 0.000000 0.600000 1.200000 3.100000 0.000000 0 0 0 0 0 2.500000 3.000000 7.200000 4.300000 0 0 0 0 0.000000 0.000000 0.900000 0.000000 0 0 0 0 1194 0 115 0 18 0 38 10 14 1196 6 5 8 186 8 105 0 0 1215 19 154 3 249 0 4 0 0 128 3 4 2 1 0 155 0 0 577 0 6 12 31 0 0 101 248 833 25 30 72 43 0 0 0 1 1218 0 0 9 0 0 0 0 0
1585331127.972106 3 0 1543 2233 2153 1.362993 0.275980 0.031361 0.004909 0.010363 0.687769 0.000000 0.600000 1.200000 3.100000 0.000000 0 0 0 0 0 2.500000 2.900000 7.200000 4.100000 0 0 0 0 0.000000 0.100000 0.900000 0.000000 0 0 0 0 1194 0 115 0 18 0 38 9 218 1196 6 7 8 185 8 105 0 0 1215 19 134 3 244 0 3 0 0 128 3 4 2 1 0 155 0 1 577 0 6 12 31 0 0 101 248 833 25 29 72 41 0 0 0 1 1218 0 1 9 0 0 0 0 0
1585331127.982065 3 0 1543 2233 2153 1.358902 0.274617 0.031361 0.005727 0.010363 0.676315 0.000000 0.600000 1.200000 3.000000 0.000000 0 0 0 0 0 2.500000 2.800000 7.100000 3.700000 0 0 0 0 0.000000 0.100000 0.800000 0.000000 0 0 0 0 1194 0 115 0 21 0 38 9 176 1196 6 7 8 185 8 105 0 0 1215 19 119 3 239 0 3 255 255 128 3 4 2 1 0 155 0 0 577 0 6 12 30 0 0 101 248 833 25 28 71 37 0 0 0 1 1218 0 1 8 0 0 0 0 0
1585331127.992077 3 0 1542 2228 2153 1.352085 0.271890 0.031361 0.004091 0.009545 0.664043 0.000000 0.600000 1.100000 3.000000 0.000000 0 0 0 0 0 2.500000 3.000000 7.200000 4.200000 0 0 0 0 0.000000 0.100000 0.800000 0.000000 0 0 0 0 1194 0 115 0 15 0 35 9 131 1196 6 6 8 180 8 105 0 0 1215 19 94 3 229 0 3 255 255 128 3 4 2 1 0 155 0 0 577 0 6 11 30 0 0 101 248 833 25 30 72 42 0 0 0 1 1218 0 1 8 0 0 0 0 0
1585331128.002155 3 0 1542 2228 2153 1.343904 0.269162 0.031361 0.004909 0.010363 0.651771 0.000000 0.600000 1.100000 3.000000 0.000000 0 0 0 0 0 2.500000 2.900000 7.500000 4.000000 0 0 0 0 0.000000 0.000000 0.800000 0.000000 0 0 0 0 1194 0 115 0 18 0 38 9 86 1196 6 6 8 180 8 105 0 0 1215 19 64 3 219 0 2 0 0 128 3 4 2 1 0 155 0 0 577 0 6 11 30 0 0 101 248 833 25 29 75 40 0 0 0 1 1218 0 0 8 0 0 0 0 0
1585331128.012111 3 0 1543 2226 2154 1.335995 0.263981 0.031361 0.004909 0.010363 0.639500 0.000000 0.600000 1.100000 3.000000 0.000000 0 0 0 0 0 2.600000 3.100000 7.400000 3.900000 0 0 0 0 0.000000 0.000000 0.800000 0.000000 0 0 0 0 1194 0 115 0 18 0 38 9 41 1196 6 7 8 178 8 106 0 0 1215 19 35 3 200 0 1 255 255 128 3 4 2 1 0 155 0 0 577 0 6 11 30 0 0 101 248 833 26 31 74 39 0 0 0 1 1218 0 0 8 0 0 0 0 0
1585331128.022084 3 0 1543 2226 2154 1.331904 0.265345 0.031361 0.004909 0.010363 0.626682 0.000000 0.600000 1.100000 3.000000 0.000000 0 0 0 0 0 2.700000 3.200000 7.200000 4.100000 0 0 0 0 0.000000 0.100000 0.700000 0.100000 0 0 0 0 1194 0 115 0 18 0 38 8 250 1196 6 7 8 178 8 106 0 0 1215 19 20 3 205 0 1 255 255 128 3 4 2 1 0 155 0 0 577 0 6 11 30 0 0 101 248 833 27 32 72 41 0 0 0 1 1218 0 1 7 1 0 0 0 0
1585331128.032097 3 0 1543 2226 2153 1.325087 0.263981 0.031361 0.005727 0.011454 0.614410 0.000000 0.600000 1.100000 3.000000 0.000000 0 0 0 0 0 2.600000 2.900000 7.300000 4.200000 0 0 0 0 0.000000 0.000000 0.600000 0.200000 0 0 0 0 1194 0 115 0 21 0 42 8 205 1196 6 7 8 178 8 105 0 0 1215 18 251 3 200 0 1 255 255 128 3 4 2 1 0 155 0 0 577 0 6 11 30 0 0 101 248 833 26 29 73 42 0 0 0 1 1218 0 0 6 2 0 0 0 0
1585331128.042116 3 0 1543 2226 2153 1.319633 0.265345 0.031361 0.004909 0.010363 0.604320 0.000000 0.600000 1.100000 3.000000 0.000000 0 0 0 0 0 2.500000 3.100000 7.400000 4.000000 0 0 0 0 0.000000 0.000000 0.600000 0.200000 0 0 0 0 1194 0 115 0 18 0 38 8 168 1196 6 7 8 178 8 105 0 0 1215 18 231 3 205 0 1 255 255 128 3 4 2 1 0 155 0 0 577 0 6 11 30 0 0 101 248 833 25 31 74 40 0 0 0 1 1218 0 0 6 2 0 0 0 0
1585331128.052085 3 0 1543 2225 2153 1.312815 0.262345 0.031361 0.004909 0.010363 0.597503 0.000000 0.600000 1.100000 3.000000 0.000000 0 0 0 0 0 2.500000 3.400000 7.100000 3.800000 0 0 0 0 0.000000 0.000000 0.600000 0.200000 0 0 0 0 1194 0 115 0 18 0 38 8 143 1196 6 7 8 177 8 105 0 0 1215 18 206 3 194 0 1 0 0 128 3 4 2 1 0 155 0 0 577 0 6 11 30 0 0 101 248 833 25 34 71 38 0 0 0 1 1218 0 0 6 2 0 0 0 0
1585331128.062073 3 0 1543 2225 2153 1.307361 0.259618 0.031361 0.004909 0.010363 0.592048 0.000000 0.600000 1.100000 3.000000 0.000000 0 0 0 0 0 2.500000 3.300000 7.200000 3.800000 0 0 0 0 0.000000 0.000000 0.600000 0.200000 0 0 0 0 1194 0 115 0 18 0 38 8 123 1196 6 7 8 177 8 105 0 0 1215 18 186 3 184 0 0 255 255 128 3 4 2 1 0 155 0 0 577 0 6 11 30 0 0 101 248 833 25 33 72 38 0 0 0 1 1218 0 0 6 2 0 0 0 0
1585331128.072141 3 0 1543 2224 2153 1.300543 0.258254 0.031361 0.004909 0.009545 0.586049 0.000000 0.600000 1.100000 3.000000 0.000000 0 0 0 0 0 2.600000 3.400000 7.400000 4.000000 0 0 0 0 0.000000 0.100000 0.600000 0.200000 0 0 0 0 1194 0 115 0 18 0 35 8 101 1196 6 7 8 176 8 105 0 0 1215 18 161 3 179 0 1 255 255 128 3 4 2 1 0 155 0 1 577 0 6 11 30 0 0 101 248 833 26 34 74 40 0 0 0 1 1218 0 1 6 2 0 0 0 0
1585331128.082104 3 0 1543 2224 2153 1.296452 0.258254 0.031361 0.004091 0.010363 0.579231 0.000000 0.600000 1.100000 3.000000 0.000000 0 0 0 0 0 2.600000 3.400000 7.300000 4.200000 0 0 0 0 0.000000 0.000000 0.600000 0.200000 0 0 0 0 1194 0 115 0 15 0 38 8 76 1196 6 7 8 176 8 105 0 0 1215 18 146 3 179 0 0 255 255 128 3 4 2 1 0 155 0 0 577 0 6 11 30 0 0 101 248 833 26 34 73 42 0 0 0 1 1218 0 0 6 2 0 0 0 0
1585331128.092089 3 0 1544 2227 2153 1.293725 0.258254 0.031361 0.004909 0.010363 0.571868 0.000000 0.600000 1.100000 3.000000 0.000000 0 0 0 0 0 2.600000 3.100000 7.300000 4.100000 0 0 0 0 0.000000 0.000000 0.600000 0.200000 0 0 0 0 1194 0 115 0 18 0 38 8 49 1196 6 8 8 179 8 105 0 0 1215 18 136 3 179 0 0 255 255 128 3 4 2 1 0 155 0 0 577 0 6 11 30 0 0 101 248 833 26 31 73 41 0 0 0 1 1218 0 0 6 2 0 0 0 0
1585331128.102200 3 0 1544 2227 2153 1.286908 0.255527 0.031361 0.004909 0.010363 0.562323 0.000000 0.600000 1.100000 3.000000 0.000000 0 0 0 0 0 2.600000 3.200000 7.200000 4.200000 0 0 0 0 0.000000 0.000000 0.600000 0.200000 0 0 0 0 1194 0 115 0 18 0 38 8 14 1196 6 8 8 179 8 105 0 0 1215 18 111 3 169 0 0 255 255 128 3 4 2 1 0 155 0 0 577 0 6 11 30 0 0 101 248 833 26 32 72 42 0 0 0 1 1218 0 0 6 2 0 0 0 0
1585331128.112151 3 0 1543 2224 2154 1.282817 0.256891 0.031361 0.004909 0.010363 0.548142 0.000000 0.600000 1.100000 3.000000 0.000000 0 0 0 0 0 2.600000 3.100000 7.100000 4.400000 0 0 0 0 0.000000 0.000000 0.600000 0.200000 0 0 0 0 1194 0 115 0 18 0 38 7 218 1196 6 7 8 176 8 106 0 0 1215 18 96 3 174 0 0 255 255 128 3 4 2 1 0 155 0 0 577 0 6 11 30 0 0 101 248 833 26 31 71 44 0 0 0 1 1218 0 0 6 2 0 0 0 0
1585331128.122122 3 0 1543 2224 2154 1.278726 0.258254 0.031361 0.004909 0.010363 0.535052 0.000000 0.600000 1.100000 3.000000 0.000000 0 0 0 0 0 2.500000 2.800000 7.200000 4.300000 0 0 0 0 0.000000 0.000000 0.700000 0.100000 0 0 0 0 1194 0 115 0 18 0 38 7 170 1196 6 7 8 176 8 106 0 0 1215 18 81 3 179 0 0 255 255 128 3 4 2 1 0 155 0 0 577 0 6 11 30 0 0 101 248 833 25 28 72 43 0 0 0 1 1218 0 0 7 1 0 0 0 0
1585331128.132118 3 0 1543 2223 2154 1.273272 0.255527 0.031361 0.004091 0.010363 0.516236 0.000000 0.600000 1.100000 3.000000 0.000000 0 0 0 0 0 2.700000 2.500000 7.400000 4.300000 0 0 0 0 0.000000 0.000000 0.600000 0.200000 0 0 0 0 1194 0 115 0 15 0 38 7 101 1196 6 7 8 175 8 106 0 0 1215 18 61 3 169 0 0 255 255 128 3 4 2 1 0 155 0 0 577 0 6 11 30 0 0 101 248 833 27 25 74 43 0 0 0 1 1218 0 0 6 2 0 0 0 0
1585331128.142141 3 0 1543 2223 2154 1.267818 0.250073 0.031361 0.004091 0.010363 0.497146 0.000000 0.600000 0.800000 2.800000 0.000000 0 0 0 0 0 2.900000 2.700000 7.200000 4.300000 0 0 0 0 0.000000 0.000000 0.600000 0.200000 0 0 0 0 1194 0 115 0 15 0 38 7 31 1196 6 7 8 175 8 106 0 0 1215 18 41 3 149 0 0 255 255 128 3 4 2 1 0 155 0 0 577 0 6 8 28 0 0 101 248 833 29 27 72 43 0 0 0 1 1218 0 0 6 2 0 0 0 0
1585331128.152113 3 0 1544 2225 2153 1.262364 0.252800 0.031361 0.004909 0.010363 0.477511 0.000000 0.600000 0.600000 2.700000 0.000000 0 0 0 0 0 2.600000 3.000000 7.500000 4.500000 0 0 0 0 0.000000 0.000000 0.600000 0.200000 0 0 0 0 1194 0 115 0 18 0 38 6 215 1196 6 8 8 177 8 105 0 0 1215 18 21 3 159 0 0 255 255 128 3 4 2 1 0 155 0 0 577 0 6 6 27 0 0 101 248 833 26 30 75 45 0 0 0 1 1218 0 0 6 2 0 0 0 0
1585331128.162143 3 0 1544 2225 2153 1.255546 0.251436 0.031361 0.004909 0.010363 0.459240 0.000000 0.600000 0.700000 2.700000 0.000000 0 0 0 0 0 2.500000 2.900000 7.300000 4.300000 0 0 0 0 0.000000 0.000000 0.600000 0.300000 0 0 0 0 1194 0 115 0 18 0 38 6 148 1196 6 8 8 177 8 105 0 0 1215 17 252 3 154 0 0 255 255 128 3 4 2 1 0 155 0 0 577 0 6 7 27 0 0 101 248 833 25 29 73 43 0 0 0 1 1218 0 0 6 3 0 0 0 0
1585331128.172201 3 0 1544 2225 2153 1.250365 0.250346 0.031361 0.004909 0.010363 0.443695 0.000000 0.600000 0.700000 2.700000 0.000000 0 0 0 0 0 2.600000 3.000000 7.000000 4.200000 0 0 0 0 0.000000 0.000000 0.600000 0.200000 0 0 0 0 1194 0 115 0 18 0 38 6 91 1196 6 8 8 177 8 105 0 0 1215 17 233 3 150 0 0 255 255 128 3 4 2 1 0 155 0 1 577 0 6 7 27 0 0 101 248 833 26 30 70 42 0 0 0 1 1218 0 0 6 2 0 0 0 0
1585331128.182119 3 0 1544 2225 2153 1.243547 0.244892 0.031361 0.005727 0.010363 0.426515 0.000000 0.600000 0.700000 2.700000 0.000000 0 0 0 0 0 2.700000 2.900000 7.100000 4.700000 0 0 0 0 0.000000 0.000000 0.600000 0.200000 0 0 0 0 1194 0 115 0 21 0 38 6 28 1196 6 8 8 177 8 105 0 0 1215 17 208 3 130 0 0 255 255 128 3 4 2 1 0 155 0 0 577 0 6 7 27 0 0 101 248 833 27 29 71 47 0 0 0 1 1218 0 0 6 2 0 0 0 0
1585331128.192134 3 0 1544 2225 2153 1.239456 0.246255 0.031361 0.004909 0.010363 0.413698 0.000000 0.600000 0.700000 2.700000 0.000000 0 0 0 0 0 2.600000 2.600000 7.200000 4.300000 0 0 0 0 0.000000 0.000000 0.600000 0.200000 0 0 0 0 1194 0 115 0 18 0 38 5 237 1196 6 8 8 177 8 105 0 0 1215 17 193 3 135 0 0 255 255 128 3 4 2 1 0 155 0 0 577 0 6 7 27 0 0 101 248 833 26 26 72 43 0 0 0 1 1218 0 0 6 2 0 0 0 0
1585331128.202174 3 0 1544 2225 2153 1.235366 0.247619 0.031361 0.004909 0.008454 0.402244 0.000000 0.600000 0.700000 2.700000 0.000000 0 0 0 0 0 2.600000 2.700000 7.500000 4.000000 0 0 0 0 0.000000 0.000000 0.600000 0.200000 0 0 0 0 1194 0 115 0 18 0 31 5 195 1196 6 8 8 177 8 105 0 0 1215 17 178 3 140 0 0 255 255 128 3 4 2 1 0 155 0 0 577 0 6 7 27 0 0 101 248 833 26 27 75 40 0 0 0 1 1218 0 0 6 2 0 0 0 0
1585331128.212165 3 0 1545 2224 2153 1.231275 0.244892 0.031361 0.004909 0.010363 0.388063 0.000000 0.600000 0.700000 2.700000 0.000000 0 0 0 0 0 2.600000 3.000000 7.300000 4.200000 0 0 0 0 0.000000 0.000000 0.600000 0.200000 0 0 0 0 1194 0 115 0 18 0 38 5 143 1196 6 9 8 176 8 105 0 0 1215 17 163 3 130 0 0 255 255 128 3 4 2 1 0 155 0 0 577 0 6 7 27 0 0 101 248 833 26 30 73 42 0 0 0 1 1218 0 0 6 2 0 0 0 0
1585331128.222179 3 0 1545 2224 2153 1.227185 0.247619 0.031361 0.004091 0.010363 0.378518 0.000000 0.600000 0.700000 2.700000 0.000000 0 0 0 0 0 2.600000 2.900000 7.200000 4.100000 0 0 0 0 0.000000 0.000000 0.600000 0.200000 0 0 0 0 1194 0 115 0 15 0 38 5 108 1196 6 9 8 176 8 105 0 0 1215 17 148 3 140 0 0 255 255 128 3 4 2 1 0 155 0 0 577 0 6 7 27 0 0 101 248 833 26 29 72 41 0 0 0 1 1218 0 0 6 2 0 0 0 0
1585331128.232209 3 0 1546 2225 2153 1.221730 0.244892 0.031361 0.004909 0.009545 0.370337 0.000000 0.600000 0.700000 2.700000 0.000000 0 0 0 0 0 2.700000 3.100000 7.300000 4.200000 0 0 0 0 0.000000 0.000000 0.600000 0.200000 0 0 0 0 1194 0 115 0 18 0 35 5 78 1196 6 10 8 177 8 105 0 0 1215 17 128 3 130 0 0 255 255 128 3 4 2 1 0 155 0 0 577 0 6 7 27 0 0 101 248 833 27 31 73 42 0 0 0 1 1218 0 0 6 2 0 0 0 0
1585331128.242196 3 0 1546 2225 2153 1.214913 0.243255 0.031361 0.005727 0.009545 0.360792 0.000000 0.600000 0.700000 2.700000 0.000000 0 0 0 0 0 2.700000 3.200000 7.400000 4.000000 0 0 0 0 0.000000 0.000000 0.600000 0.200000 0 0 0 0 1194 0 115 0 21 0 35 5 43 1196 6 10 8 177 8 105 0 0 1215 17 103 3 124 0 0 255 255 128 3 4 2 1 0 155 0 0 577 0 6 7 27 0 0 101 248 833 27 32 74 40 0 0 0 1 1218 0 0 6 2 0 0 0 0
1585331128.252131 3 0 1546 2224 2153 1.205368 0.237801 0.031361 0.004091 0.009545 0.352066 0.000000 0.600000 0.700000 2.700000 0.000000 0 0 0 0 0 2.900000 2.900000 7.400000 4.000000 0 0 0 0 0.000000 0.000000 0.600000 0.200000 0 0 0 0 1194 0 115 0 15 0 35 5 11 1196 6 10 8 176 8 105 0 0 1215 17 68 3 104 0 0 255 255 128 3 4 2 1 0 155 0 0 577 0 6 7 27 0 0 101 248 833 29 29 74 40 0 0 0 1 1218 0 0 6 2 0 0 0 0
1585331128.262169 3 0 1546 2224 2153 1.202641 0.239165 0.031361 0.004091 0.010363 0.343884 0.000000 0.600000 0.700000 2.600000 0.000000 0 0 0 0 0 2.900000 2.900000 7.300000 4.300000 0 0 0 0 0.000000 0.000000 0.600000 0.200000 0 0 0 0 1194 0 115 0 15 0 38 4 237 1196 6 10 8 176 8 105 0 0 1215 17 58 3 109 0 0 255 255 128 3 4 2 1 0 155 0 0 577 0 6 7 26 0 0 101 248 833 29 29 73 43 0 0 0 1 1218 0 0 6 2 0 0 0 0
1585331128.272186 3 0 1544 2225 2153 1.197187 0.236438 0.031361 0.004909 0.009545 0.335703 0.000000 0.600000 0.700000 2.700000 0.000000 0 0 0 0 0 2.800000 2.900000 7.200000 4.300000 0 0 0 0 0.000000 0.000000 0.600000 0.200000 0 0 0 0 1194 0 115 0 18 0 35 4 207 1196 6 8 8 177 8 105 0 0 1215 17 38 3 99 0 0 255 254 128 3 4 2 1 0 155 0 1 577 0 6 7 27 0 0 101 248 833 28 29 72 43 0 0 0 1 1218 0 0 6 2 0 0 0 0
1585331128.282123 3 0 1544 2225 2153 1.191733 0.232347 0.031361 0.005727 0.010363 0.326977 0.000000 0.600000 0.700000 2.600000 0.000000 0 0 0 0 0 2.600000 3.400000 7.500000 4.400000 0 0 0 0 0.000000 0.000000 0.600000 0.200000 0 0 0 0 1194 0 115 0 21 0 38 4 175 1196 6 8 8 177 8 105 0 0 1215 17 18 3 84 0 0 255 254 128 3 4 2 1 0 155 0 0 577 0 6 7 26 0 0 101 248 833 26 34 75 44 0 0 0 1 1218 0 0 6 2 0 0 0 0
1585331128.292258 3 0 1546 2224 2153 1.189006 0.237801 0.031361 0.004909 0.010363 0.317432 0.000000 0.600000 0.700000 2.700000 0.000000 0 0 0 0 0 2.900000 3.200000 7.400000 4.300000 0 0 0 0 0.000000 0.000000 0.700000 0.100000 0 0 0 0 1194 0 115 0 18 0 38 4 140 1196 6 10 8 176 8 105 0 0 1215 17 8 3 104 0 0 255 254 128 3 4 2 1 0 155 0 0 577 0 6 7 27 0 0 101 248 833 29 32 74 43 0 0 0 1 1218 0 0 7 1 0 0 0 0
1585331128.302143 3 0 1546 2224 2153 1.184915 0.240528 0.031361 0.004909 0.009545 0.307887 0.000000 0.600000 0.700000 2.600000 0.000000 0 0 0 0 0 2.900000 2.700000 7.100000 4.300000 0 0 0 0 0.000000 0.000000 0.600000 0.200000 0 0 0 0 1194 0 115 0 18 0 35 4 105 1196 6 10 8 176 8 105 0 0 1215 16 249 3 114 0 0 255 254 128 3 4 2 1 0 155 0 0 577 0 6 7 26 0 0 101 248 833 29 27 71 43 0 0 0 1 1218 0 0 6 2 0 0 0 0
1585331128.312172 3 0 1546 2225 2153 1.179461 0.239165 0.031361 0.004091 0.010363 0.295070 0.000000 0.600000 0.700000 2.700000 0.000000 0 0 0 0 0 2.600000 3.000000 7.200000 4.300000 0 0 0 0 0.000000 0.000000 0.600000 0.200000 0 0 0 0 1194 0 115 0 15 0 38 4 58 1196 6 10 8 177 8 105 0 0 1215 16 229 3 109 0 0 255 254 128 3 4 2 1 0 155 0 0 577 0 6 7 27 0 0 101 248 833 26 30 72 43 0 0 0 1 1218 0 0 6 2 0 0 0 0
1585331128.322211 3 0 1546 2225 2153 1.172643 0.237801 0.031361 0.004909 0.010363 0.283616 0.000000 0.600000 0.700000 2.600000 0.000000 0 0 0 0 0 2.800000 3.100000 7.300000 4.200000 0 0 0 0 0.000000 0.000000 0.600000 0.200000 0 0 0 0 1194 0 115 0 18 0 38 4 16 1196 6 10 8 177 8 105 0 0 1215 16 204 3 104 0 0 255 254 128 3 4 2 1 0 155 0 0 577 0 6 7 26 0 0 101 248 833 28 31 73 42 0 0 0 1 1218 0 0 6 2 0 0 0 0
1585331128.332245 3 0 1546 2225 2153 1.167462 0.238074 0.031361 0.004909 0.010363 0.271890 0.000000 0.600000 0.700000 2.700000 0.000000 0 0 0 0 0 3.000000 3.000000 7.300000 4.200000 0 0 0 0 0.000000 0.000000 0.600000 0.200000 0 0 0 0 1194 0 115 0 18 0 38 3 229 1196 6 10 8 177 8 105 0 0 1215 16 185 3 105 0 0 255 254 128 3 4 2 1 0 155 0 0 577 0 6 7 27 0 0 101 248 833 30 30 73 42 0 0 0 1 1218 0 0 6 2 0 0 0 0
1585331128.342220 3 0 1546 2225 2153 1.162007 0.235347 0.031361 0.005727 0.009545 0.260436 0.000000 0.600000 0.700000 2.600000 0.000000 0 0 0 0 0 3.000000 3.100000 7.300000 4.400000 0 0 0 0 0.000000 0.000000 0.600000 0.200000 0 0 0 0 1194 0 115 0 21 0 35 3 187 1196 6 10 8 177 8 105 0 0 1215 16 165 3 95 0 0 255 254 128 3 4 2 1 0 155 0 0 577 0 6 7 26 0 0 101 248 833 30 31 73 44 0 0 0 1 1218 0 0 6 2 0 0 0 0
1585331128.352136 3 0 1547 2226 2153 1.159280 0.239437 0.031361 0.004909 0.009545 0.247619 0.000000 0.600000 0.700000 2.700000 0.000000 0 0 0 0 0 3.000000 3.200000 7.600000 4.200000 0 0 0 0 0.000000 0.000000 0.600000 0.200000 0 0 0 0 1194 0 115 0 18 0 35 3 140 1196 6 11 8 178 8 105 0 0 1215 16 155 3 110 0 0 255 254 128 3 4 2 1 0 155 0 0 577 0 6 7 27 0 0 101 248 833 30 32 76 42 0 0 0 1 1218 0 0 6 2 0 0 0 0
1585331128.362180 3 0 1547 2226 2153 1.152463 0.235347 0.031361 0.004909 0.009545 0.235892 0.000000 0.600000 0.700000 2.600000 0.000000 0 0 0 0 0 3.100000 3.600000 7.600000 4.200000 0 0 0 0 0.000000 0.000000 0.600000 0.200000 0 0 0 0 1194 0 115 0 18 0 35 3 97 1196 6 11 8 178 8 105 0 0 1215 16 130 3 95 0 0 255 254 128 3 4 2 1 0 154 0 0 577 0 6 7 26 0 0 101 248 833 31 36 76 42 0 0 0 1 1218 0 0 6 2 0 0 0 0
1585331128.372190 3 0 1545 2225 2152 1.147009 0.232620 0.031361 0.004091 0.009545 0.224438 0.000000 0.600000 0.700000 2.700000 0.000000 0 0 0 0 0 3.100000 3.000000 7.400000 4.400000 0 0 0 0 0.000000 0.000000 0.600000 0.200000 0 0 0 0 1194 0 115 0 15 0 35 3 55 1196 6 9 8 177 8 104 0 0 1215 16 110 3 85 0 0 255 254 128 3 4 2 1 0 155 0 1 577 0 6 7 27 0 0 101 248 833 31 30 74 44 0 0 0 1 1218 0 0 6 2 0 0 0 0
1585331128.382195 3 0 1545 2225 2152 1.141554 0.232620 0.031361 0.004909 0.009545 0.211621 0.000000 0.600000 0.700000 2.600000 0.000000 0 0 0 0 0 3.200000 3.200000 7.600000 4.500000 0 0 0 0 0.000000 0.000000 0.600000 0.200000 0 0 0 0 1194 0 115 0 18 0 35 3 8 1196 6 9 8 177 8 104 0 0 1215 16 90 3 85 0 0 255 254 128 3 4 2 1 0 154 0 0 577 0 6 7 26 0 0 101 248 833 32 32 76 45 0 0 0 1 1218 0 0 6 2 0 0 0 0
1585331128.392201 3 0 1547 2226 2152 1.138827 0.233983 0.031361 0.004909 0.010363 0.200167 0.000000 0.600000 0.700000 2.700000 0.000000 0 0 0 0 0 3.200000 3.400000 7.700000 4.400000 0 0 0 0 0.000000 0.000000 0.600000 0.200000 0 0 0 0 1194 0 115 0 18 0 38 2 222 1196 6 11 8 178 8 104 0 0 1215 16 80 3 90 0 0 255 254 128 3 4 2 1 0 155 0 0 577 0 6 7 27 0 0 101 248 833 32 34 77 44 0 0 0 1 1218 0 0 6 2 0 0 0 0
1585331128.402159 3 0 1547 2226 2152 1.133373 0.232620 0.031361 0.004909 0.010363 0.187077 0.000000 0.600000 0.700000 2.600000 0.000000 0 0 0 0 0 3.200000 3.200000 7.600000 4.400000 0 0 0 0 0.000000 0.000000 0.600000 0.200000 0 0 0 0 1194 0 115 0 18 0 38 2 174 1196 6 11 8 178 8 104 0 0 1215 16 60 3 85 0 0 255 254 128 3 4 2 1 0 154 0 0 577 0 6 7 26 0 0 101 248 833 32 32 76 44 0 0 0 1 1218 0 0 6 2 0 0 0 0
1585331128.412201 3 0 1547 2226 2153 1.127919 0.231256 0.031361 0.004909 0.009545 0.176442 0.000000 0.600000 0.700000 2.700000 0.000000 0 0 0 0 0 3.400000 3.100000 7.600000 4.300000 0 0 0 0 0.000000 0.000000 0.600000 0.200000 0 0 0 0 1194 0 115 0 18 0 35 2 135 1196 6 11 8 178 8 105 0 0 1215 16 40 3 80 0 0 255 254 128 3 4 2 1 0 154 0 0 577 0 6 7 27 0 0 101 248 833 34 31 76 43 0 0 0 1 1218 0 0 6 2 0 0 0 0
1585331128.422235 3 0 1547 2226 2153 1.122465 0.232620 0.031361 0.004909 0.010363 0.164170 0.000000 0.600000 0.700000 2.600000 0.000000 0 0 0 0 0 3.400000 2.900000 7.500000 4.300000 0 0 0 0 0.000000 0.000000 0.600000 0.200000 0 0 0 0 1194 0 115 0 18 0 38 2 90 1196 6 11 8 178 8 105 0 0 1215 16 20 3 85 0 1 255 254 128 3 4 2 1 0 154 0 0 577 0 6 7 26 0 0 101 248 833 34 29 75 43 0 0 0 1 1218 0 0 6 2 0 0 0 0
1585331128.432203 3 0 1549 2226 2153 1.115647 0.229620 0.031361 0.004909 0.010363 0.153807 0.000000 0.600000 0.700000 2.700000 0.000000 0 0 0 0 0 3.300000 3.200000 7.600000 4.400000 0 0 0 0 0.000000 0.000000 0.600000 0.200000 0 0 0 0 1194 0 115 0 18 0 38 2 52 1196 6 13 8 178 8 105 0 0 1215 15 251 3 74 0 0 255 254 128 3 4 2 1 0 154 0 0 577 0 6 7 27 0 0 101 248 833 33 32 76 44 0 0 0 1 1218 0 0 6 2 0 0 0 0
1585331128.442181 3 0 1549 2226 2153 1.108829 0.225529 0.031361 0.005727 0.010363 0.145080 0.000000 0.600000 0.700000 2.600000 0.000000 0 0 0 0 0 3.400000 3.200000 7.700000 4.100000 0 0 0 0 0.000000 0.000000 0.600000 0.200000 0 0 0 0 1194 0 115 0 21 0 38 2 20 1196 6 13 8 178 8 105 0 0 1215 15 226 3 59 0 1 255 254 128 3 4 2 1 0 154 0 0 577 0 6 7 26 0 0 101 248 833 34 32 77 41 0 0 0 1 1218 0 0 6 2 0 0 0 0
1585331128.452280 3 0 1548 2226 2153 1.104739 0.222802 0.031361 0.005727 0.010363 0.134990 0.000000 0.600000 0.700000 2.700000 0.000000 0 0 0 0 0 3.300000 3.200000 7.700000 4.300000 0 0 0 0 0.000000 0.000000 0.600000 0.200000 0 0 0 0 1194 0 115 0 21 0 38 1 239 1196 6 12 8 178 8 105 0 0 1215 15 211 3 49 0 1 255 254 128 3 4 2 1 0 154 0 0 577 0 6 7 27 0 0 101 248 833 33 32 77 43 0 0 0 1 1218 0 0 6 2 0 0 0 0
1585331128.462243 3 0 1548 2226 2153 1.102012 0.228256 0.031361 0.004909 0.010363 0.125991 0.000000 0.600000 0.700000 2.600000 0.000000 0 0 0 0 0 3.400000 3.300000 7.600000 4.300000 0 0 0 0 0.000000 0.000000 0.600000 0.200000 0 0 0 0 1194 0 115 0 18 0 38 1 206 1196 6 12 8 178 8 105 0 0 1215 15 201 3 69 0 1 255 254 128 3 4 2 1 0 154 0 0 577 0 6 7 26 0 0 101 248 833 34 33 76 43 0 0 0 1 1218 0 0 6 2 0 0 0 0
1585331128.472236 3 0 1549 2226 2153 1.095194 0.225529 0.031361 0.004909 0.010363 0.116719 0.000000 0.600000 0.700000 2.700000 0.000000 0 0 0 0 0 3.500000 3.000000 7.600000 4.400000 0 0 0 0 0.000000 0.000000 0.600000 0.200000 0 0 0 0 1194 0 115 0 18 0 38 1 172 1196 6 13 8 178 8 105 0 0 1215 15 176 3 59 0 1 255 254 128 3 4 2 1 0 154 0 1 577 0 6 7 27 0 0 101 248 833 35 30 76 44 0 0 0 1 1218 0 0 6 2 0 0 0 0
1585331128.482174 3 0 1549 2226 2153 1.091103 0.226893 0.031361 0.004909 0.010363 0.104992 0.000000 0.600000 0.700000 2.600000 0.000000 0 0 0 0 0 3.500000 3.200000 7.600000 4.400000 0 0 0 0 0.000000 0.000000 0.600000 0.200000 0 0 0 0 1194 0 115 0 18 0 38 1 129 1196 6 13 8 178 8 105 0 0 1215 15 161 3 64 0 1 255 254 128 3 4 2 1 0 154 0 0 577 0 6 7 26 0 0 101 248 833 35 32 76 44 0 0 0 1 1218 0 0 6 2 0 0 0 0
1585331128.492211 3 0 1549 2226 2153 1.083195 0.223075 0.031361 0.005727 0.010363 0.094902 0.000000 0.600000 0.700000 2.700000 0.000000 0 0 0 0 0 3.900000 3.300000 7.500000 4.100000 0 0 0 0 0.000000 0.000000 0.600000 0.200000 0 0 0 0 1194 0 115 0 21 0 38 1 92 1196 6 13 8 178 8 105 0 0 1215 15 132 3 50 0 1 255 253 128 3 4 2 1 0 154 0 0 577 0 6 7 27 0 0 101 248 833 39 33 75 41 0 0 0 1 1218 0 0 6 2 0 0 0 0
1585331128.502263 3 0 1549 2226 2153 1.077741 0.220348 0.031361 0.004909 0.010363 0.082085 0.000000 0.600000 0.700000 2.600000 0.000000 0 0 0 0 0 3.800000 3.100000 7.600000 4.200000 0 0 0 0 0.000000 0.000000 0.600000 0.200000 0 0 0 0 1194 0 115 0 18 0 38 1 45 1196 6 13 8 178 8 105 0 0 1215 15 112 3 40 0 1 255 254 128 3 4 2 1 0 154 0 0 577 0 6 7 26 0 0 101 248 833 38 31 76 42 0 0 0 1 1218 0 0 6 2 0 0 0 0
1585331128.512312 3 0 1548 2226 2153 1.073650 0.220348 0.031361 0.005727 0.010363 0.070359 0.000000 0.600000 0.700000 2.700000 0.000000 0 0 0 0 0 3.900000 3.100000 7.800000 4.100000 0 0 0 0 0.000000 0.000000 0.600000 0.200000 0 0 0 0 1194 0 115 0 21 0 38 1 2 1196 6 12 8 178 8 105 0 0 1215 15 97 3 40 0 1 255 254 128 3 4 2 1 0 154 0 0 577 0 6 7 27 0 0 101 248 833 39 31 78 41 0 0 0 1 1218 0 0 6 2 0 0 0 0
1585331128.522254 3 0 1548 2226 2153 1.070923 0.220348 0.031361 0.004909 0.010363 0.059723 0.000000 0.600000 0.700000 2.600000 0.000000 0 0 0 0 0 4.100000 3.200000 7.800000 3.500000 0 0 0 0 0.000000 0.000000 0.600000 0.200000 0 0 0 0 1194 0 115 0 18 0 38 0 219 1196 6 12 8 178 8 105 0 0 1215 15 87 3 40 0 1 255 253 128 3 4 2 1 0 154 0 0 577 0 6 7 26 0 0 101 248 833 41 32 78 35 0 0 0 1 1218 0 0 6 2 0 0 0 0
1585331128.532241 3 0 1549 2226 2153 1.062742 0.214894 0.031361 0.004091 0.009545 0.050178 0.000000 0.600000 0.700000 2.700000 0.000000 0 0 0 0 0 3.900000 3.000000 7.600000 3.100000 0 0 0 0 0.000000 0.000000 0.600000 0.200000 0 0 0 0 1194 0 115 0 15 0 35 0 184 1196 6 13 8 178 8 105 0 0 1215 15 57 3 20 0 1 255 253 128 3 4 2 1 0 155 0 0 577 0 6 7 27 0 0 101 248 833 39 30 76 31 0 0 0 1 1218 0 0 6 2 0 0 0 0
1585331128.542273 3 0 1549 2226 2153 1.060015 0.213530 0.031361 0.005727 0.010363 0.041452 0.000000 0.600000 0.700000 2.600000 0.000000 0 0 0 0 0 3.900000 3.000000 7.600000 2.900000 0 0 0 0 0.000000 0.000000 0.600000 0.200000 0 0 0 0 1194 0 115 0 21 0 38 0 152 1196 6 13 8 178 8 105 0 0 1215 15 47 3 15 0 1 255 253 128 3 4 2 1 0 155 0 0 577 0 6 7 26 0 0 101 248 833 39 30 76 29 0 0 0 1 1218 0 0 6 2 0 0 0 0
1585331128.552268 3 0 1549 2226 2153 1.055924 0.209440 0.031361 0.004909 0.010363 0.037906 0.000000 0.600000 0.400000 2.400000 0.000000 0 0 0 0 0 3.700000 2.900000 7.800000 3.100000 0 0 0 0 0.000000 0.000000 0.700000 0.100000 0 0 0 0 1194 0 115 0 18 0 38 0 139 1196 6 13 8 178 8 105 0 0 1215 15 32 3 0 0 1 255 253 128 3 4 2 1 0 155 0 0 577 0 6 4 24 0 0 101 248 833 37 29 78 31 0 0 0 1 1218 0 0 7 1 0 0 0 0
1585331128.562231 3 0 1549 2226 2153 1.050470 0.209440 0.031361 0.004091 0.009545 0.037361 0.000000 0.600000 0.200000 2.300000 0.000000 0 0 0 0 0 3.600000 3.000000 7.900000 3.100000 0 0 0 0 0.000000 0.000000 0.600000 0.200000 0 0 0 0 1194 0 115 0 15 0 35 0 137 1196 6 13 8 178 8 105 0 0 1215 15 12 3 0 0 1 255 253 128 3 4 2 1 0 155 0 0 577 0 6 2 23 0 0 101 248 833 36 30 79 31 0 0 0 1 1218 0 0 6 2 0 0 0 0
1585331128.572222 3 0 1549 2226 2152 1.045016 0.209440 0.031361 0.004909 0.009545 0.037361 0.000000 0.600000 0.300000 2.300000 0.000000 0 0 0 0 0 3.700000 3.000000 7.900000 2.900000 0 0 0 0 0.000000 0.000000 0.600000 0.200000 0 0 0 0 1194 0 115 0 18 0 35 0 137 1196 6 13 8 178 8 104 0 0 1215 14 248 3 0 0 1 255 253 128 3 4 2 1 0 155 0 1 577 0 6 3 23 0 0 101 248 833 37 30 79 29 0 0 0 1 1218 0 0 6 2 0 0 0 0
1585331128.582278 3 0 1549 2226 2152 1.042289 0.212167 0.031361 0.004091 0.010363 0.036543 0.000000 0.600000 0.300000 2.300000 0.000000 0 0 0 0 0 3.800000 3.100000 7.900000 3.000000 0 0 0 0 0.000000 0.000000 0.600000 0.200000 0 0 0 0 1194 0 115 0 15 0 38 0 134 1196 6 13 8 178 8 104 0 0 1215 14 238 3 10 0 1 255 253 128 3 4 2 1 0 155 0 0 577 0 6 3 23 0 0 101 248 833 38 31 79 30 0 0 0 1 1218 0 0 6 2 0 0 0 0
1585331128.592270 3 0 1550 2227 2153 1.039562 0.210803 0.031361 0.004091 0.010363 0.037361 0.000000 0.600000 0.300000 2.300000 0.000000 0 0 0 0 0 4.000000 3.000000 7.600000 2.800000 0 0 0 0 0.000000 0.000000 0.600000 0.200000 0 0 0 0 1194 0 115 0 15 0 38 0 137 1196 6 14 8 179 8 105 0 0 1215 14 228 3 5 0 1 255 253 128 3 4 2 1 0 155 0 0 577 0 6 3 23 0 0 101 248 833 40 30 76 28 0 0 0 1 1218 0 0 6 2 0 0 0 0
1585331128.602302 3 0 1550 2227 2153 1.035471 0.210803 0.031361 0.004909 0.010363 0.037361 0.000000 0.600000 0.300000 2.300000 0.000000 0 0 0 0 0 3.900000 2.800000 7.400000 2.900000 0 0 0 0 0.000000 0.000000 0.600000 0.200000 0 0 0 0 1194 0 115 0 18 0 38 0 137 1196 6 14 8 179 8 105 0 0 1215 14 213 3 5 0 1 255 253 128 3 4 2 1 0 155 0 0 577 0 6 3 23 0 0 101 248 833 39 28 74 29 0 0 0 1 1218 0 0 6 2 0 0 0 0
1585331128.612276 3 0 1550 2227 2153 1.032744 0.212167 0.031361 0.004909 0.009545 0.037361 0.000000 0.600000 0.300000 2.300000 0.000000 0 0 0 0 0 3.900000 2.800000 7.600000 3.000000 0 0 0 0 0.000000 0.000000 0.700000 0.100000 0 0 0 0 1194 0 115 0 18 0 35 0 137 1196 6 14 8 179 8 105 0 0 1215 14 203 3 10 0 1 255 253 128 3 4 2 1 0 155 0 0 577 0 6 3 23 0 0 101 248 833 39 28 76 30 0 0 0 1 1218 0 0 7 1 0 0 0 0
1585331128.622277 3 0 1550 2227 2153 1.030017 0.210803 0.031361 0.005727 0.009545 0.036543 0.000000 0.600000 0.300000 2.300000 0.000000 0 0 0 0 0 4.000000 2.800000 7.700000 3.100000 0 0 0 0 0.000000 0.000000 0.700000 0.100000 0 0 0 0 1194 0 115 0 21 0 35 0 134 1196 6 14 8 179 8 105 0 0 1215 14 193 3 5 0 1 255 253 128 3 4 2 1 0 155 0 0 577 0 6 3 23 0 0 101 248 833 40 28 77 31 0 0 0 1 1218 0 0 7 1 0 0 0 0
1585331128.632270 3 0 1550 2227 2153 1.028653 0.209440 0.031361 0.004909 0.010363 0.036543 0.000000 0.600000 0.300000 2.300000 0.000000 0 0 0 0 0 4.100000 3.000000 7.900000 3.100000 0 0 0 0 0.000000 0.000000 0.600000 0.200000 0 0 0 0 1194 0 115 0 18 0 38 0 134 1196 6 14 8 179 8 105 0 0 1215 14 188 3 0 0 1 255 253 128 3 4 2 1 0 155 0 0 577 0 6 3 23 0 0 101 248 833 41 30 79 31 0 0 0 1 1218 0 0 6 2 0 0 0 0
1585331128.642391 3 0 1550 2227 2153 1.028653 0.209440 0.031361 0.004909 0.010363 0.036543 0.000000 0.600000 0.300000 2.300000 0.000000 0 0 0 0 0 4.100000 3.100000 8.100000 3.100000 0 0 0 0 0.000000 0.000000 0.700000 0.100000 0 0 0 0 1194 0 115 0 18 0 38 0 134 1196 6 14 8 179 8 105 0 0 1215 14 188 3 0 0 1 255 253 128 3 4 2 1 0 155 0 0 577 0 6 3 23 0 0 101 248 833 41 31 81 31 0 0 0 1 1218 0 0 7 1 0 0 0 0
1585331128.652380 3 0 1550 2226 2153 1.027290 0.208076 0.031361 0.004909 0.010363 0.037361 0.000000 0.600000 0.300000 2.300000 0.000000 0 0 0 0 0 4.000000 3.000000 7.800000 3.200000 0 0 0 0 0.000000 0.000000 0.600000 0.200000 0 0 0 0 1194 0 115 0 18 0 38 0 137 1196 6 14 8 178 8 105 0 0 1215 14 183 2 251 0 1 255 253 128 3 4 2 1 0 155 0 0 577 0 6 3 23 0 0 101 248 833 40 30 78 32 0 0 0 1 1218 0 0 6 2 0 0 0 0
1585331128.662290 3 0 1550 2226 2153 1.027290 0.208076 0.031361 0.004909 0.009545 0.037361 0.000000 0.600000 0.300000 2.300000 0.000000 0 0 0 0 0 3.700000 3.000000 7.700000 3.200000 0 0 0 0 0.000000 0.000000 0.700000 0.100000 0 0 0 0 1194 0 115 0 18 0 35 0 137 1196 6 14 8 178 8 105 0 0 1215 14 183 2 251 0 1 255 253 128 3 4 2 1 0 155 0 0 577 0 6 3 23 0 0 101 248 833 37 30 77 32 0 0 0 1 1218 0 0 7 1 0 0 0 0
1585331128.672221 3 0 1550 2226 2153 1.027290 0.206712 0.031361 0.005727 0.010363 0.037361 0.000000 0.600000 0.300000 2.300000 0.000000 0 0 0 0 0 3.800000 3.100000 7.700000 3.100000 0 0 0 0 0.000000 0.000000 0.600000 0.200000 0 0 0 0 1194 0 115 0 21 0 38 0 137 1196 6 14 8 178 8 105 0 0 1215 14 183 2 246 0 1 255 253 128 3 4 2 1 0 155 0 1 577 0 6 3 23 0 0 101 248 833 38 31 77 31 0 0 0 1 1218 0 0 6 2 0 0 0 0
1585331128.682298 3 0 1550 2226 2153 1.027290 0.208076 0.031361 0.004909 0.010363 0.037361 0.000000 0.600000 0.300000 2.300000 0.000000 0 0 0 0 0 4.000000 3.100000 7.700000 3.100000 0 0 0 0 0.000000 0.000000 0.600000 0.200000 0 0 0 0 1194 0 115 0 18 0 38 0 137 1196 6 14 8 178 8 105 0 0 1215 14 183 2 251 0 1 255 253 128 3 4 2 1 0 155 0 0 577 0 6 3 23 0 0 101 248 833 40 31 77 31 0 0 0 1 1218 0 0 6 2 0 0 0 0
1585331128.692263 3 0 1550 2227 2153 1.028653 0.209440 0.031361 0.004909 0.010363 0.037361 0.000000 0.600000 0.300000 2.300000 0.000000 0 0 0 0 0 4.000000 3.200000 7.700000 2.800000 0 0 0 0 0.000000 0.000000 0.700000 0.100000 0 0 0 0 1194 0 115 0 18 0 38 0 137 1196 6 14 8 179 8 105 0 0 1215 14 188 3 0 0 1 255 253 128 3 4 2 1 0 155 0 0 577 0 6 3 23 0 0 101 248 833 40 32 77 28 0 0 0 1 1218 0 0 7 1 0 0 0 0
1585331128.702304 3 0 1550 2227 2153 1.027290 0.208076 0.031361 0.004091 0.008454 0.036543 0.000000 0.600000 0.300000 2.300000 0.000000 0 0 0 0 0 4.000000 3.200000 7.800000 2.800000 0 0 0 0 0.000000 0.000000 0.600000 0.200000 0 0 0 0 1194 0 115 0 15 0 31 0 134 1196 6 14 8 179 8 105 0 0 1215 14 183 2 251 0 1 255 253 128 3 4 2 1 0 155 0 0 577 0 6 3 23 0 0 101 248 833 40 32 78 28 0 0 0 1 1218 0 0 6 2 0 0 0 0
1585331128.712290 3 0 1550 2226 2153 1.027290 0.208076 0.031361 0.004091 0.010363 0.036543 0.000000 0.600000 0.300000 2.300000 0.000000 0 0 0 0 0 4.000000 3.100000 7.800000 3.000000 0 0 0 0 0.000000 0.000000 0.600000 0.200000 0 0 0 0 1194 0 115 0 15 0 38 0 134 1196 6 14 8 178 8 105 0 0 1215 14 183 2 251 0 1 255 253 128 3 4 2 1 0 155 0 0 577 0 6 3 23 0 0 101 248 833 40 31 78 30 0 0 0 1 1218 0 0 6 2 0 0 0 0
1585331128.722281 3 0 1550 2226 2153 1.027290 0.206712 0.031361 0.005727 0.010363 0.037361 0.000000 0.600000 0.300000 2.300000 0.000000 0 0 0 0 0 3.800000 3.100000 7.900000 2.700000 0 0 0 0 0.000000 0.000000 0.700000 0.100000 0 0 0 0 1194 0 115 0 21 0 38 0 137 1196 6 14 8 178 8 105 0 0 1215 14 183 2 246 0 1 255 253 128 3 4 2 1 0 155 0 0 577 0 6 3 23 0 0 101 248 833 38 31 79 27 0 0 0 1 1218 0 0 7 1 0 0 0 0
1585331128.732322 3 0 1550 2227 2154 1.027290 0.206712 0.031361 0.005727 0.009545 0.037361 0.000000 0.600000 0.300000 2.300000 0.000000 0 0 0 0 0 3.900000 3.200000 7.800000 2.800000 0 0 0 0 0.000000 0.000000 0.600000 0.200000 0 0 0 0 1194 0 115 0 21 0 35 0 137 1196 6 14 8 179 8 106 0 0 1215 14 183 2 246 0 1 255 253 128 3 4 2 1 0 155 0 0 577 0 6 3 23 0 0 101 248 833 39 32 78 28 0 0 0 1 1218 0 0 6 2 0 0 0 0
1585331128.742390 3 0 1550 2227 2154 1.027290 0.206712 0.031361 0.005727 0.009545 0.037361 0.000000 0.600000 0.300000 2.300000 0.000000 0 0 0 0 0 3.900000 3.000000 7.700000 3.100000 0 0 0 0 0.000000 0.000000 0.600000 0.200000 0 0 0 0 1194 0 115 0 21 0 35 0 137 1196 6 14 8 179 8 106 0 0 1215 14 183 2 246 0 1 255 253 128 3 4 2 1 0 155 0 0 577 0 6 3 23 0 0 101 248 833 39 30 77 31 0 0 0 1 1218 0 0 6 2 0 0 0 0
1585331128.752325 3 0 1550 2227 2153 1.028653 0.209440 0.031361 0.004091 0.009545 0.035997 0.000000 0.600000 0.300000 2.300000 0.000000 0 0 0 0 0 3.700000 2.900000 8.000000 2.900000 0 0 0 0 0.000000 0.000000 0.700000 0.100000 0 0 0 0 1194 0 115 0 15 0 35 0 132 1196 6 14 8 179 8 105 0 0 1215 14 188 3 0 0 1 255 253 128 3 4 2 1 0 155 0 0 577 0 6 3 23 0 0 101 248 833 37 29 80 29 0 0 0 1 1218 0 0 7 1 0 0 0 0
1585331128.762268 3 0 1550 2227 2153 1.027290 0.206712 0.031361 0.004909 0.008454 0.037361 0.000000 0.600000 0.300000 2.300000 0.000000 0 0 0 0 0 3.900000 3.100000 7.800000 2.700000 0 0 0 0 0.000000 0.000000 0.700000 0.100000 0 0 0 0 1194 0 115 0 18 0 31 0 137 1196 6 14 8 179 8 105 0 0 1215 14 183 2 246 0 1 255 253 128 3 4 2 1 0 155 0 0 577 0 6 3 23 0 0 101 248 833 39 31 78 27 0 0 0 1 1218 0 0 7 1 0 0 0 0
1585331128.772351 3 0 1550 2226 2153 1.027290 0.206712 0.031361 0.004091 0.009545 0.037361 0.000000 0.600000 0.300000 2.300000 0.000000 0 0 0 0 0 4.300000 3.200000 7.800000 2.800000 0 0 0 0 0.000000 0.000000 0.600000 0.200000 0 0 0 0 1194 0 115 0 15 0 35 0 137 1196 6 14 8 178 8 105 0 0 1215 14 183 2 246 0 1 255 253 128 3 4 2 1 0 155 0 1 577 0 6 3 23 0 0 101 248 833 43 32 78 28 0 0 0 1 1218 0 0 6 2 0 0 0 0
1585331128.782329 3 0 1550 2226 2153 1.027290 0.208076 0.031361 0.004909 0.010363 0.037361 0.000000 0.600000 0.300000 2.300000 0.000000 0 0 0 0 0 3.700000 3.000000 8.000000 2.700000 0 0 0 0 0.000000 0.000000 0.700000 0.100000 0 0 0 0 1194 0 115 0 18 0 38 0 137 1196 6 14 8 178 8 105 0 0 1215 14 183 2 251 0 1 255 253 128 3 4 2 1 0 155 0 0 577 0 6 3 23 0 0 101 248 833 37 30 80 27 0 0 0 1 1218 0 0 7 1 0 0 0 0
1585331128.792300 3 0 1550 2226 2153 1.027290 0.206712 0.031361 0.004909 0.010363 0.036543 0.000000 0.600000 0.300000 2.300000 0.000000 0 0 0 0 0 3.900000 3.000000 7.700000 2.800000 0 0 0 0 0.000000 0.000000 0.600000 0.200000 0 0 0 0 1194 0 115 0 18 0 38 0 134 1196 6 14 8 178 8 105 0 0 1215 14 183 2 246 0 1 255 253 128 3 4 2 1 0 155 0 0 577 0 6 3 23 0 0 101 248 833 39 30 77 28 0 0 0 1 1218 0 0 6 2 0 0 0 0
1585331128.802315 3 0 1550 2226 2153 1.025926 0.205349 0.031361 0.004909 0.009545 0.037361 0.000000 0.600000 0.300000 2.300000 0.000000 0 0 0 0 0 3.700000 3.000000 7.700000 3.000000 0 0 0 0 0.000000 0.000000 0.600000 0.200000 0 0 0 0 1194 0 115 0 18 0 35 0 137 1196 6 14 8 178 8 105 0 0 1215 14 178 2 241 0 1 255 253 128 3 4 2 1 0 155 0 0 577 0 6 3 23 0 0 101 248 833 37 30 77 30 0 0 0 1 1218 0 0 6 2 0 0 0 0
1585331128.812382 3 0 1550 2226 2153 1.027290 0.208076 0.031361 0.005727 0.010363 0.036543 0.000000 0.600000 0.300000 2.300000 0.000000 0 0 0 0 0 3.600000 3.000000 7.800000 2.900000 0 0 0 0 0.000000 0.000000 0.600000 0.200000 0 0 0 0 1194 0 115 0 21 0 38 0 134 1196 6 14 8 178 8 105 0 0 1215 14 183 2 251 0 1 255 253 128 3 4 2 1 0 155 0 0 577 0 6 3 23 0 0 101 248 833 36 30 78 29 0 0 0 1 1218 0 0 6 2 0 0 0 0
1585331128.822333 3 0 1550 2226 2153 1.028653 0.209440 0.031361 0.004909 0.010363 0.036543 0.000000 0.600000 0.300000 2.300000 0.000000 0 0 0 0 0 4.000000 2.900000 7.900000 2.800000 0 0 0 0 0.000000 0.000000 0.600000 0.200000 0 0 0 0 1194 0 115 0 18 0 38 0 134 1196 6 14 8 178 8 105 0 0 1215 14 188 3 0 0 1 255 253 128 3 4 2 1 0 155 0 0 577 0 6 3 23 0 0 101 248 833 40 29 79 28 0 0 0 1 1218 0 0 6 2 0 0 0 0
1585331128.832353 3 0 1550 2227 2153 1.027290 0.208076 0.031361 0.004909 0.009545 0.035997 0.000000 0.600000 0.300000 2.300000 0.000000 0 0 0 0 0 3.900000 3.100000 7.900000 3.000000 0 0 0 0 0.000000 0.000000 0.700000 0.100000 0 0 0 0 1194 0 115 0 18 0 35 0 132 1196 6 14 8 179 8 105 0 0 1215 14 183 2 251 0 1 255 253 128 3 4 2 1 0 155 0 0 577 0 6 3 23 0 0 101 248 833 39 31 79 30 0 0 0 1 1218 0 0 7 1 0 0 0 0
1585331128.842378 3 0 1550 2227 2153 1.027290 0.208076 0.031361 0.005727 0.010363 0.037361 0.000000 0.600000 0.300000 2.300000 0.000000 0 0 0 0 0 3.800000 3.100000 7.900000 3.000000 0 0 0 0 0.000000 0.000000 0.600000 0.200000 0 0 0 0 1194 0 115 0 21 0 38 0 137 1196 6 14 8 179 8 105 0 0 1215 14 183 2 251 0 1 255 253 128 3 4 2 1 0 155 0 0 577 0 6 3 23 0 0 101 248 833 38 31 79 30 0 0 0 1 1218 0 0 6 2 0 0 0 0
1585331128.852362 3 0 1550 2226 2153 1.027290 0.208076 0.031361 0.005727 0.009545 0.036543 0.000000 0.600000 0.300000 2.300000 0.000000 0 0 0 0 0 3.700000 3.000000 8.000000 2.700000 0 0 0 0 0.000000 0.000000 0.700000 0.100000 0 0 0 0 1194 0 115 0 21 0 35 0 134 1196 6 14 8 178 8 105 0 0 1215 14 183 2 251 0 1 255 253 128 3 4 2 1 0 155 0 0 577 0 6 3 23 0 0 101 248 833 37 30 80 27 0 0 0 1 1218 0 0 7 1 0 0 0 0
1585331128.862386 3 0 1550 2226 2153 1.027290 0.208076 0.031361 0.004909 0.010363 0.036543 0.000000 0.600000 0.300000 2.300000 0.000000 0 0 0 0 0 3.800000 3.000000 8.100000 2.700000 0 0 0 0 0.000000 0.000000 0.700000 0.100000 0 0 0 0 1194 0 115 0 18 0 38 0 134 1196 6 14 8 178 8 105 0 0 1215 14 183 2 251 0 1 255 253 128 3 4 2 1 0 155 0 0 577 0 6 3 23 0 0 101 248 833 38 30 81 27 0 0 0 1 1218 0 0 7 1 0 0 0 0
1585331128.872433 3 0 1550 2226 2153 1.027290 0.208076 0.031361 0.004909 0.010363 0.036543 0.000000 0.600000 0.300000 2.300000 0.000000 0 0 0 0 0 3.900000 3.100000 7.800000 3.000000 0 0 0 0 0.000000 0.000000 0.600000 0.200000 0 0 0 0 1194 0 115 0 18 0 38 0 134 1196 6 14 8 178 8 105 0 0 1215 14 183 2 251 0 1 255 253 128 3 4 2 1 0 155 0 1 577 0 6 3 23 0 0 101 248 833 39 31 78 30 0 0 0 1 1218 0 0 6 2 0 0 0 0
1585331128.882316 3 0 1550 2226 2153 1.027290 0.206712 0.031361 0.004909 0.009545 0.037361 0.000000 0.600000 0.300000 2.300000 0.000000 0 0 0 0 0 3.900000 3.100000 7.500000 2.800000 0 0 0 0 0.000000 0.000000 0.600000 0.200000 0 0 0 0 1194 0 115 0 18 0 35 0 137 1196 6 14 8 178 8 105 0 0 1215 14 183 2 246 0 1 255 253 128 3 4 2 1 0 155 0 0 577 0 6 3 23 0 0 101 248 833 39 31 75 28 0 0 0 1 1218 0 0 6 2 0 0 0 0
1585331128.892369 3 0 1551 2226 2152 1.027290 0.206712 0.031361 0.004909 0.009545 0.036543 0.000000 0.600000 0.300000 2.300000 0.000000 0 0 0 0 0 3.900000 3.300000 7.300000 2.800000 0 0 0 0 0.000000 0.000000 0.600000 0.200000 0 0 0 0 1194 0 115 0 18 0 35 0 134 1196 6 15 8 178 8 104 0 0 1215 14 183 2 246 0 1 255 253 128 3 4 2 1 0 155 0 0 577 0 6 3 23 0 0 101 248 833 39 33 73 28 0 0 0 1 1218 0 0 6 2 0 0 0 0
1585331128.902354 3 0 1551 2226 2152 1.028653 0.208076 0.031361 0.004091 0.009545 0.037361 0.000000 0.600000 0.300000 2.300000 0.000000 0 0 0 0 0 3.900000 3.100000 7.800000 3.000000 0 0 0 0 0.000000 0.000000 0.600000 0.200000 0 0 0 0 1194 0 115 0 15 0 35 0 137 1196 6 15 8 178 8 104 0 0 1215 14 188 2 251 0 1 255 253 128 3 4 2 1 0 155 0 0 577 0 6 3 23 0 0 101 248 833 39 31 78 30 0 0 0 1 1218 0 0 6 2 0 0 0 0
1585331128.912397 3 0 1550 2226 2153 1.027290 0.208076 0.031361 0.004909 0.010363 0.037361 0.000000 0.600000 0.300000 2.300000 0.000000 0 0 0 0 0 3.900000 2.900000 8.300000 2.800000 0 0 0 0 0.000000 0.000000 0.600000 0.200000 0 0 0 0 1194 0 115 0 18 0 38 0 137 1196 6 14 8 178 8 105 0 0 1215 14 183 2 251 0 1 255 253 128 3 4 2 1 0 155 0 0 577 0 6 3 23 0 0 101 248 833 39 29 83 28 0 0 0 1 1218 0 0 6 2 0 0 0 0
1585331128.922338 3 0 1550 2226 2153 1.027290 0.206712 0.031361 0.005727 0.010363 0.037361 0.000000 0.600000 0.300000 2.300000 0.000000 0 0 0 0 0 3.900000 3.100000 7.700000 2.800000 0 0 0 0 0.000000 0.000000 0.600000 0.200000 0 0 0 0 1194 0 115 0 21 0 38 0 137 1196 6 14 8 178 8 105 0 0 1215 14 183 2 246 0 1 255 253 128 3 4 2 1 0 155 0 0 577 0 6 3 23 0 0 101 248 833 39 31 77 28 0 0 0 1 1218 0 0 6 2 0 0 0 0
1585331128.932324 3 0 1550 2227 2153 1.027290 0.208076 0.031361 0.005727 0.010363 0.036543 0.000000 0.600000 0.300000 2.300000 0.000000 0 0 0 0 0 3.800000 3.100000 7.600000 2.700000 0 0 0 0 0.000000 0.000000 0.700000 0.100000 0 0 0 0 1194 0 115 0 21 0 38 0 134 1196 6 14 8 179 8 105 0 0 1215 14 183 2 251 0 1 255 253 128 3 4 2 1 0 155 0 0 577 0 6 3 23 0 0 101 248 833 38 31 76 27 0 0 0 1 1218 0 0 7 1 0 0 0 0
1585331128.942360 3 0 1550 2227 2153 1.027290 0.206712 0.031361 0.004909 0.009545 0.036543 0.000000 0.600000 0.300000 2.300000 0.000000 0 0 0 0 0 3.900000 3.100000 7.500000 2.700000 0 0 0 0 0.000000 0.000000 0.600000 0.200000 0 0 0 0 1194 0 115 0 18 0 35 0 134 1196 6 14 8 179 8 105 0 0 1215 14 183 2 246 0 1 255 253 128 3 4 2 1 0 155 0 0 577 0 6 3 23 0 0 101 248 833 39 31 75 27 0 0 0 1 1218 0 0 6 2 0 0 0 0
1585331128.952380 3 0 1551 2226 2153 1.027290 0.210803 0.031361 0.004909 0.010363 0.037361 0.000000 0.600000 0.300000 2.300000 0.000000 0 0 0 0 0 3.900000 3.100000 7.700000 2.700000 0 0 0 0 0.000000 0.000000 0.600000 0.200000 0 0 0 0 1194 0 115 0 18 0 38 0 137 1196 6 15 8 178 8 105 0 0 1215 14 183 3 5 0 1 255 253 128 3 4 2 1 0 155 0 0 577 0 6 3 23 0 0 101 248 833 39 31 77 27 0 0 0 1 1218 0 0 6 2 0 0 0 0
1585331128.962451 3 0 1551 2226 2153 1.027290 0.206712 0.031361 0.004909 0.009545 0.036543 0.000000 0.600000 0.400000 2.300000 0.000000 0 0 0 0 0 3.800000 3.100000 8.000000 2.800000 0 0 0 0 0.000000 0.000000 0.700000 0.100000 0 0 0 0 1194 0 115 0 18 0 35 0 134 1196 6 15 8 178 8 105 0 0 1215 14 183 2 246 0 1 255 253 128 3 4 2 1 0 155 0 0 577 0 6 4 23 0 0 101 248 833 38 31 80 28 0 0 0 1 1218 0 0 7 1 0 0 0 0
1585331128.972410 3 0 1550 2227 2153 1.027290 0.208076 0.031361 0.004091 0.010363 0.036543 0.000000 0.600000 0.400000 2.300000 0.000000 0 0 0 0 0 3.800000 3.200000 7.900000 2.900000 0 0 0 0 0.000000 0.000000 0.700000 0.100000 0 0 0 0 1194 0 115 0 15 0 38 0 134 1196 6 14 8 179 8 105 0 0 1215 14 183 2 251 0 1 255 253 128 3 4 2 1 0 155 0 1 577 0 6 4 23 0 0 101 248 833 38 32 79 29 0 0 0 1 1218 0 0 7 1 0 0 0 0
1585331128.982400 3 0 1550 2227 2153 1.028653 0.208076 0.031361 0.004909 0.010363 0.036543 0.000000 0.600000 0.400000 2.300000 0.000000 0 0 0 0 0 3.900000 3.100000 7.800000 2.800000 0 0 0 0 0.000000 0.000000 0.600000 0.200000 0 0 0 0 1194 0 115 0 18 0 38 0 134 1196 6 14 8 179 8 105 0 0 1215 14 188 2 251 0 1 255 253 128 3 4 2 1 0 155 0 0 577 0 6 4 23 0 0 101 248 833 39 31 78 28 0 0 0 1 1218 0 0 6 2 0 0 0 0
1585331128.992408 3 0 1550 2227 2153 1.027290 0.206712 0.031361 0.004909 0.010363 0.036543 0.000000 0.600000 0.400000 2.300000 0.000000 0 0 0 0 0 3.800000 3.000000 7.800000 2.800000 0 0 0 0 0.000000 0.000000 0.700000 0.100000 0 0 0 0 1194 0 115 0 18 0 38 0 134 1196 6 14 8 179 8 105 0 0 1215 14 183 2 246 0 1 255 253 128 3 4 2 1 0 155 0 0 577 0 6 4 23 0 0 101 248 833 38 30 78 28 0 0 0 1 1218 0 0 7 1 0 0 0 0
1585331129.002403 3 0 1550 2227 2153 1.028653 0.208076 0.031361 0.005727 0.010363 0.036543 0.000000 0.600000 0.400000 2.300000 0.000000 0 0 0 0 0 3.700000 3.000000 7.900000 2.700000 0 0 0 0 0.000000 0.000000 0.700000 0.100000 0 0 0 0 1194 0 115 0 21 0 38 0 134 1196 6 14 8 179 8 105 0 0 1215 14 188 2 251 0 1 255 253 128 3 4 2 1 0 155 0 0 577 0 6 4 23 0 0 101 248 833 37 30 79 27 0 0 0 1 1218 0 0 7 1 0 0 0 0
1585331129.012369 3 0 1550 2225 2153 1.027290 0.206712 0.031361 0.004909 0.010363 0.037361 0.000000 0.600000 0.400000 2.300000 0.000000 0 0 0 0 0 3.900000 3.300000 7.600000 2.800000 0 0 0 0 0.000000 0.000000 0.700000 0.100000 0 0 0 0 1194 0 115 0 18 0 38 0 137 1196 6 14 8 177 8 105 0 0 1215 14 183 2 246 0 1 255 253 128 3 4 2 1 0 155 0 0 577 0 6 4 23 0 0 101 248 833 39 33 76 28 0 0 0 1 1218 0 0 7 1 0 0 0 0
1585331129.022413 3 0 1550 2225 2153 1.027290 0.206712 0.031361 0.004091 0.010363 0.036543 0.000000 0.600000 0.400000 2.300000 0.000000 0 0 0 0 0 4.000000 3.300000 7.600000 2.900000 0 0 0 0 0.000000 0.000000 0.700000 0.100000 0 0 0 0 1194 0 115 0 15 0 38 0 134 1196 6 14 8 177 8 105 0 0 1215 14 183 2 246 0 1 255 253 128 3 4 2 1 0 155 0 0 577 0 6 4 23 0 0 101 248 833 40 33 76 29 0 0 0 1 1218 0 0 7 1 0 0 0 0
1585331129.032408 3 0 1550 2227 2153 1.028653 0.208076 0.031361 0.004909 0.009545 0.036543 0.000000 0.600000 0.400000 2.300000 0.000000 0 0 0 0 0 3.700000 3.100000 7.700000 2.900000 0 0 0 0 0.000000 0.000000 0.700000 0.100000 0 0 0 0 1194 0 115 0 18 0 35 0 134 1196 6 14 8 179 8 105 0 0 1215 14 188 2 251 0 1 255 253 128 3 4 2 1 0 155 0 0 577 0 6 4 23 0 0 101 248 833 37 31 77 29 0 0 0 1 1218 0 0 7 1 0 0 0 0
1585331129.042395 3 0 1550 2227 2153 1.027290 0.208076 0.031361 0.004909 0.009545 0.037361 0.000000 0.600000 0.400000 2.300000 0.000000 0 0 0 0 0 3.700000 3.000000 7.800000 2.900000 0 0 0 0 0.000000 0.000000 0.600000 0.200000 0 0 0 0 1194 0 115 0 18 0 35 0 137 1196 6 14 8 179 8 105 0 0 1215 14 183 2 251 0 1 255 253 128 3 4 2 1 0 155 0 0 577 0 6 4 23 0 0 101 248 833 37 30 78 29 0 0 0 1 1218 0 0 6 2 0 0 0 0
1585331129.052442 3 0 1550 2227 2153 1.027290 0.206712 0.031361 0.004909 0.009545 0.036543 0.000000 0.600000 0.400000 2.300000 0.000000 0 0 0 0 0 4.000000 2.900000 8.000000 3.000000 0 0 0 0 0.000000 0.000000 0.700000 0.100000 0 0 0 0 1194 0 115 0 18 0 35 0 134 1196 6 14 8 179 8 105 0 0 1215 14 183 2 246 0 1 255 253 128 3 4 2 1 0 155 0 0 577 0 6 4 23 0 0 101 248 833 40 29 80 30 0 0 0 1 1218 0 0 7 1 0 0 0 0
1585331129.062427 3 0 1550 2227 2153 1.027290 0.206712 0.031361 0.004909 0.010363 0.036543 0.000000 0.600000 0.400000 2.300000 0.000000 0 0 0 0 0 3.900000 3.100000 8.000000 3.000000 0 0 0 0 0.000000 0.000000 0.700000 0.100000 0 0 0 0 1194 0 115 0 18 0 38 0 134 1196 6 14 8 179 8 105 0 0 1215 14 183 2 246 0 1 255 253 128 3 4 2 1 0 155 0 0 577 0 6 4 23 0 0 101 248 833 39 31 80 30 0 0 0 1 1218 0 0 7 1 0 0 0 0
1585331129.072429 3 0 1550 2227 2153 1.028653 0.209440 0.031361 0.004091 0.010363 0.037361 0.000000 0.600000 0.400000 2.300000 0.000000 0 0 0 0 0 3.800000 3.100000 7.800000 2.800000 0 0 0 0 0.000000 0.000000 0.700000 0.100000 0 0 0 0 1194 0 115 0 15 0 38 0 137 1196 6 14 8 179 8 105 0 0 1215 14 188 3 0 0 1 255 253 128 3 4 2 1 0 155 0 1 577 0 6 4 23 0 0 101 248 833 38 31 78 28 0 0 0 1 1218 0 0 7 1 0 0 0 0
1585331129.082371 3 0 1550 2227 2153 1.023199 0.202622 0.031361 0.004909 0.010363 0.036543 0.000000 0.600000 0.400000 2.300000 0.000000 0 0 0 0 0 3.800000 3.000000 7.800000 3.000000 0 0 0 0 0.000000 0.000000 0.700000 0.100000 0 0 0 0 1194 0 115 0 18 0 38 0 134 1196 6 14 8 179 8 105 0 0 1215 14 168 2 231 0 1 255 253 128 3 4 2 1 0 155 0 0 577 0 6 4 23 0 0 101 248 833 38 30 78 30 0 0 0 1 1218 0 0 7 1 0 0 0 0
1585331129.092447 3 0 1550 2227 2153 1.027290 0.206712 0.031361 0.004909 0.009545 0.036543 0.000000 0.600000 0.400000 2.300000 0.000000 0 0 0 0 0 4.000000 3.200000 8.100000 2.900000 0 0 0 0 0.000000 0.000000 0.700000 0.100000 0 0 0 0 1194 0 115 0 18 0 35 0 134 1196 6 14 8 179 8 105 0 0 1215 14 183 2 246 0 1 255 253 128 3 4 2 1 0 155 0 0 577 0 6 4 23 0 0 101 248 833 40 32 81 29 0 0 0 1 1218 0 0 7 1 0 0 0 0
1585331129.102410 3 0 1550 2227 2153 1.027290 0.206712 0.031361 0.005727 0.010363 0.036543 0.000000 0.600000 0.400000 2.300000 0.000000 0 0 0 0 0 3.900000 3.200000 7.700000 3.200000 0 0 0 0 0.000000 0.000000 0.700000 0.100000 0 0 0 0 1194 0 115 0 21 0 38 0 134 1196 6 14 8 179 8 105 0 0 1215 14 183 2 246 0 1 255 253 128 3 4 2 1 0 155 0 0 577 0 6 4 23 0 0 101 248 833 39 32 77 32 0 0 0 1 1218 0 0 7 1 0 0 0 0
1585331129.112388 3 0 1550 2226 2153 1.027290 0.206712 0.031361 0.004909 0.009545 0.037361 0.000000 0.600000 0.400000 2.300000 0.000000 0 0 0 0 0 3.900000 3.000000 7.600000 2.900000 0 0 0 0 0.000000 0.000000 0.700000 0.100000 0 0 0 0 1194 0 115 0 18 0 35 0 137 1196 6 14 8 178 8 105 0 0 1215 14 183 2 246 0 1 255 253 128 3 4 2 1 0 156 0 0 577 0 6 4 23 0 0 101 248 833 39 30 76 29 0 0 0 1 1218 0 0 7 1 0 0 0 0
1585331129.122416 3 0 1550 2226 2153 1.027290 0.206712 0.031361 0.004909 0.009545 0.036543 0.000000 0.600000 0.400000 2.300000 0.000000 0 0 0 0 0 3.900000 3.200000 8.000000 2.700000 0 0 0 0 0.000000 0.000000 0.700000 0.100000 0 0 0 0 1194 0 115 0 18 0 35 0 134 1196 6 14 8 178 8 105 0 0 1215 14 183 2 246 0 1 255 253 128 3 4 2 1 0 155 0 0 577 0 6 4 23 0 0 101 248 833 39 32 80 27 0 0 0 1 1218 0 0 7 1 0 0 0 0
1585331129.132453 3 0 1550 2227 2153 1.027290 0.206712 0.031361 0.004909 0.010363 0.036543 0.000000 0.600000 0.400000 2.300000 0.000000 0 0 0 0 0 4.000000 3.200000 8.100000 3.000000 0 0 0 0 0.000000 0.000000 0.600000 0.200000 0 0 0 0 1194 0 115 0 18 0 38 0 134 1196 6 14 8 179 8 105 0 0 1215 14 183 2 246 0 1 255 253 128 3 4 2 1 0 155 0 0 577 0 6 4 23 0 0 101 248 833 40 32 81 30 0 0 0 1 1218 0 0 6 2 0 0 0 0
1585331129.142420 3 0 1550 2227 2153 1.027290 0.208076 0.031361 0.005727 0.009545 0.036543 0.000000 0.600000 0.400000 2.300000 0.000000 0 0 0 0 0 4.000000 3.000000 7.900000 2.800000 0 0 0 0 0.000000 0.000000 0.600000 0.200000 0 0 0 0 1194 0 115 0 21 0 35 0 134 1196 6 14 8 179 8 105 0 0 1215 14 183 2 251 0 1 255 253 128 3 4 2 1 0 155 0 0 577 0 6 4 23 0 0 101 248 833 40 30 79 28 0 0 0 1 1218 0 0 6 2 0 0 0 0
1585331129.152485 3 0 1550 2227 2153 1.027290 0.206712 0.031361 0.004909 0.010363 0.037361 0.000000 0.600000 0.400000 2.300000 0.000000 0 0 0 0 0 3.900000 2.900000 7.800000 2.900000 0 0 0 0 0.000000 0.000000 0.600000 0.200000 0 0 0 0 1194 0 115 0 18 0 38 0 137 1196 6 14 8 179 8 105 0 0 1215 14 183 2 246 0 1 255 253 128 3 4 2 1 0 155 0 0 577 0 6 4 23 0 0 101 248 833 39 29 78 29 0 0 0 1 1218 0 0 6 2 0 0 0 0
1585331129.162407 3 0 1550 2227 2153 1.027290 0.208076 0.031361 0.004909 0.010363 0.036543 0.000000 0.600000 0.400000 2.300000 0.000000 0 0 0 0 0 3.800000 3.100000 8.100000 2.900000 0 0 0 0 0.000000 0.000000 0.700000 0.100000 0 0 0 0 1194 0 115 0 18 0 38 0 134 1196 6 14 8 179 8 105 0 0 1215 14 183 2 251 0 1 255 253 128 3 4 2 1 0 155 0 0 577 0 6 4 23 0 0 101 248 833 38 31 81 29 0 0 0 1 1218 0 0 7 1 0 0 0 0
1585331129.172540 3 0 1550 2226 2153 1.027290 0.206712 0.031361 0.004909 0.009545 0.036543 0.000000 0.600000 0.400000 2.300000 0.000000 0 0 0 0 0 3.800000 3.100000 7.800000 2.800000 0 0 0 0 0.000000 0.000000 0.700000 0.100000 0 0 0 0 1194 0 115 0 18 0 35 0 134 1196 6 14 8 178 8 105 0 0 1215 14 183 2 246 0 1 255 253 128 3 4 2 1 0 155 0 1 577 0 6 4 23 0 0 101 248 833 38 31 78 28 0 0 0 1 1218 0 0 7 1 0 0 0 0
1585331129.182446 3 0 1550 2226 2153 1.027290 0.208076 0.031361 0.004909 0.010363 0.036543 0.000000 0.600000 0.400000 2.300000 0.000000 0 0 0 0 0 3.900000 3.000000 7.700000 2.800000 0 0 0 0 0.000000 0.000000 0.700000 0.100000 0 0 0 0 1194 0 115 0 18 0 38 0 134 1196 6 14 8 178 8 105 0 0 1215 14 183 2 251 0 1 255 253 128 3 4 2 1 0 155 0 0 577 0 6 4 23 0 0 101 248 833 39 30 77 28 0 0 0 1 1218 0 0 7 1 0 0 0 0
1585331129.192486 3 0 1550 2226 2153 1.027290 0.206712 0.031361 0.006545 0.010363 0.036543 0.000000 0.600000 0.400000 2.300000 0.000000 0 0 0 0 0 3.900000 3.200000 8.100000 2.800000 0 0 0 0 0.000000 0.000000 0.600000 0.200000 0 0 0 0 1194 0 115 0 24 0 38 0 134 1196 6 14 8 178 8 105 0 0 1215 14 183 2 246 0 1 255 253 128 3 4 2 1 0 155 0 0 577 0 6 4 23 0 0 101 248 833 39 32 81 28 0 0 0 1 1218 0 0 6 2 0 0 0 0
1585331129.202432 3 0 1550 2226 2153 1.027290 0.206712 0.031361 0.004909 0.010363 0.036543 0.000000 0.600000 0.400000 2.300000 0.000000 0 0 0 0 0 3.800000 3.300000 8.300000 2.800000 0 0 0 0 0.000000 0.000000 0.600000 0.200000 0 0 0 0 1194 0 115 0 18 0 38 0 134 1196 6 14 8 178 8 105 0 0 1215 14 183 2 246 0 1 255 253 128 3 4 2 1 0 155 0 0 577 0 6 4 23 0 0 101 248 833 38 33 83 28 0 0 0 1 1218 0 0 6 2 0 0 0 0
1585331129.212459 3 0 1550 2228 2153 1.027290 0.206712 0.031361 0.005727 0.011454 0.037361 0.000000 0.600000 0.400000 2.300000 0.000000 0 0 0 0 0 3.900000 3.200000 8.400000 2.700000 0 0 0 0 0.000000 0.000000 0.700000 0.100000 0 0 0 0 1194 0 115 0 21 0 42 0 137 1196 6 14 8 180 8 105 0 0 1215 14 183 2 246 0 1 255 253 128 3 4 2 1 0 155 0 0 577 0 6 4 23 0 0 101 248 833 39 32 84 27 0 0 0 1 1218 0 0 7 1 0 0 0 0
1585331129.222475 3 0 1550 2228 2153 1.027290 0.208076 0.031361 0.005727 0.009545 0.036543 0.000000 0.600000 0.400000 2.300000 0.000000 0 0 0 0 0 3.900000 3.100000 8.100000 2.900000 0 0 0 0 0.000000 0.000000 0.600000 0.200000 0 0 0 0 1194 0 115 0 21 0 35 0 134 1196 6 14 8 180 8 105 0 0 1215 14 183 2 251 0 1 255 253 128 3 4 2 1 0 155 0 0 577 0 6 4 23 0 0 101 248 833 39 31 81 29 0 0 0 1 1218 0 0 6 2 0 0 0 0
1585331129.232468 3 0 1550 2226 2153 1.027290 0.208076 0.031361 0.004909 0.010363 0.036543 0.000000 0.600000 0.400000 2.300000 0.000000 0 0 0 0 0 3.700000 3.200000 7.800000 3.000000 0 0 0 0 0.000000 0.000000 0.600000 0.200000 0 0 0 0 1194 0 115 0 18 0 38 0 134 1196 6 14 8 178 8 105 0 0 1215 14 183 2 251 0 1 255 253 128 3 4 2 1 0 155 0 0 577 0 6 4 23 0 0 101 248 833 37 32 78 30 0 0 0 1 1218 0 0 6 2 0 0 0 0
1585331129.242414 3 0 1550 2226 2153 1.027290 0.206712 0.031361 0.004909 0.009545 0.036543 0.000000 0.600000 0.400000 2.300000 0.000000 0 0 0 0 0 4.000000 3.300000 7.800000 2.800000 0 0 0 0 0.000000 0.000000 0.700000 0.100000 0 0 0 0 1194 0 115 0 18 0 35 0 134 1196 6 14 8 178 8 105 0 0 1215 14 183 2 246 0 1 255 253 128 3 4 2 1 0 155 0 0 577 0 6 4 23 0 0 101 248 833 40 33 78 28 0 0 0 1 1218 0 0 7 1 0 0 0 0
1585331129.252487 3 0 1550 2226 2154 1.024563 0.203985 0.031361 0.005727 0.010363 0.037361 0.000000 0.600000 0.400000 2.300000 0.000000 0 0 0 0 0 4.000000 3.300000 7.700000 2.800000 0 0 0 0 0.000000 0.000000 0.600000 0.200000 0 0 0 0 1194 0 115 0 21 0 38 0 137 1196 6 14 8 178 8 106 0 0 1215 14 173 2 236 0 1 255 253 128 3 4 2 1 0 155 0 0 577 0 6 4 23 0 0 101 248 833 40 33 77 28 0 0 0 1 1218 0 0 6 2 0 0 0 0
1585331129.262479 3 0 1550 2226 2154 1.027290 0.206712 0.031361 0.004909 0.010363 0.037361 0.000000 0.600000 0.400000 2.300000 0.000000 0 0 0 0 0 4.000000 3.200000 7.700000 3.200000 0 0 0 0 0.000000 0.000000 0.600000 0.200000 0 0 0 0 1194 0 115 0 18 0 38 0 137 1196 6 14 8 178 8 106 0 0 1215 14 183 2 246 0 1 255 253 128 3 4 2 1 0 155 0 0 577 0 6 4 23 0 0 101 248 833 40 32 77 32 0 0 0 1 1218 0 0 6 2 0 0 0 0
1585331129.272451 3 0 1550 2226 2153 1.027290 0.206712 0.031361 0.004909 0.010363 0.036543 0.000000 0.600000 0.400000 2.300000 0.000000 0 0 0 0 0 4.000000 3.200000 7.700000 3.200000 0 0 0 0 0.000000 0.000000 0.600000 0.200000 0 0 0 0 1194 0 115 0 18 0 38 0 134 1196 6 14 8 178 8 105 0 0 1215 14 183 2 246 0 1 255 253 128 3 4 2 1 0 155 0 1 577 0 6 4 23 0 0 101 248 833 40 32 77 32 0 0 0 1 1218 0 0 6 2 0 0 0 0
1585331129.282528 3 0 1550 2226 2153 1.027290 0.206712 0.031361 0.005727 0.010363 0.037361 0.000000 0.600000 0.400000 2.300000 0.000000 0 0 0 0 0 4.000000 3.200000 7.700000 3.200000 0 0 0 0 0.000000 0.000000 0.600000 0.200000 0 0 0 0 1194 0 115 0 21 0 38 0 137 1196 6 14 8 178 8 105 0 0 1215 14 183 2 246 0 1 255 253 128 3 4 2 1 0 155 0 0 577 0 6 4 23 0 0 101 248 833 40 32 77 32 0 0 0 1 1218 0 0 6 2 0 0 0 0
1585331129.292567 3 0 1550 2227 2153 1.027290 0.206712 0.031361 0.004909 0.010363 0.037361 0.000000 0.600000 0.400000 2.300000 0.000000 0 0 0 0 0 4.000000 3.200000 7.700000 3.200000 0 0 0 0 0.000000 0.000000 0.600000 0.200000 0 0 0 0 1194 0 115 0 18 0 38 0 137 1196 6 14 8 179 8 105 0 0 1215 14 183 2 246 0 1 255 253 128 3 4 2 1 0 155 0 0 577 0 6 4 23 0 0 102 4 833 40 32 77 32 0 0 0 1 1218 0 0 6 2 0 0 0 0
1585331129.302474 3 0 1550 2227 2153 1.028653 0.208076 0.031361 0.004909 0.009545 0.036543 0.000000 0.600000 0.400000 2.300000 0.000000 0 0 0 0 0 4.000000 3.200000 7.700000 3.200000 0 0 0 0 0.000000 0.000000 0.600000 0.200000 0 0 0 0 1194 0 115 0 18 0 35 0 134 1196 6 14 8 179 8 105 0 0 1215 14 188 2 251 0 1 255 253 128 3 4 2 1 0 155 0 0 577 0 6 4 23 0 0 102 4 833 40 32 77 32 0 0 0 1 1218 0 0 6 2 0 0 0 0
1585331129.312517 3 0 1550 2226 2153 1.027290 0.206712 0.031361 0.005727 0.010363 0.036543 0.000000 0.600000 0.400000 2.400000 0.000000 0 0 0 0 0 4.000000 3.200000 7.600000 2.900000 0 0 0 0 0.000000 0.000000 0.700000 0.100000 0 0 0 0 1194 0 115 0 21 0 38 0 134 1196 6 14 8 178 8 105 0 0 1215 14 183 2 246 0 1 255 253 128 3 4 2 1 0 155 0 0 577 0 6 4 24 0 0 102 4 833 40 32 76 29 0 0 0 1 1218 0 0 7 1 0 0 0 0
1585331129.322513 3 0 1550 2226 2153 1.027290 0.208076 0.031361 0.004909 0.010363 0.036543 0.000000 0.600000 0.400000 2.400000 0.000000 0 0 0 0 0 4.000000 3.100000 7.700000 2.800000 0 0 0 0 0.000000 0.000000 0.700000 0.100000 0 0 0 0 1194 0 115 0 18 0 38 0 134 1196 6 14 8 178 8 105 0 0 1215 14 183 2 251 0 1 255 253 128 3 4 2 1 0 155 0 0 577 0 6 4 24 0 0 102 4 833 40 31 77 28 0 0 0 1 1218 0 0 7 1 0 0 0 0
1585331129.332492 3 0 1550 2227 2153 1.027290 0.206712 0.031361 0.004909 0.009545 0.036543 0.000000 0.600000 0.400000 2.400000 0.000000 0 0 0 0 0 3.900000 3.100000 7.700000 2.900000 0 0 0 0 0.000000 0.000000 0.700000 0.100000 0 0 0 0 1194 0 115 0 18 0 35 0 134 1196 6 14 8 179 8 105 0 0 1215 14 183 2 246 0 1 255 253 128 3 4 2 1 0 155 0 0 577 0 6 4 24 0 0 102 4 833 39 31 77 29 0 0 0 1 1218 0 0 7 1 0 0 0 0
1585331129.342533 3 0 1550 2227 2153 1.027290 0.206712 0.031361 0.004909 0.010363 0.036543 0.000000 0.600000 0.400000 2.400000 0.000000 0 0 0 0 0 3.900000 3.100000 7.700000 2.500000 0 0 0 0 0.000000 0.000000 0.600000 0.200000 0 0 0 0 1194 0 115 0 18 0 38 0 134 1196 6 14 8 179 8 105 0 0 1215 14 183 2 246 0 1 255 253 128 3 4 2 1 0 155 0 0 577 0 6 4 24 0 0 102 4 833 39 31 77 25 0 0 0 1 1218 0 0 6 2 0 0 0 0
1585331129.352532 3 0 1550 2227 2153 1.027290 0.208076 0.031361 0.004909 0.010363 0.037361 0.000000 0.600000 0.400000 2.400000 0.000000 0 0 0 0 0 4.100000 3.200000 7.900000 2.700000 0 0 0 0 0.000000 0.000000 0.600000 0.200000 0 0 0 0 1194 0 115 0 18 0 38 0 137 1196 6 14 8 179 8 105 0 0 1215 14 183 2 251 0 1 255 253 128 3 4 2 1 0 155 0 0 577 0 6 4 24 0 0 102 4 833 41 32 79 27 0 0 0 1 1218 0 0 6 2 0 0 0 0
1585331129.362482 3 0 1550 2227 2153 1.027290 0.208076 0.031361 0.004909 0.009545 0.036543 0.000000 0.600000 0.400000 2.400000 0.000000 0 0 0 0 0 4.100000 3.300000 7.700000 2.900000 0 0 0 0 0.000000 0.000000 0.700000 0.100000 0 0 0 0 1194 0 115 0 18 0 35 0 134 1196 6 14 8 179 8 105 0 0 1215 14 183 2 251 0 1 255 253 128 3 4 2 1 0 155 0 0 577 0 6 4 24 0 0 102 4 833 41 33 77 29 0 0 0 1 1218 0 0 7 1 0 0 0 0
1585331129.372499 3 0 1550 2226 2153 1.027290 0.206712 0.031361 0.004909 0.009545 0.037361 0.000000 0.600000 0.400000 2.400000 0.000000 0 0 0 0 0 3.900000 3.000000 7.800000 2.700000 0 0 0 0 0.000000 0.000000 0.700000 0.100000 0 0 0 0 1194 0 115 0 18 0 35 0 137 1196 6 14 8 178 8 105 0 0 1215 14 183 2 246 0 1 255 253 128 3 4 2 1 0 155 0 1 577 0 6 4 24 0 0 102 4 833 39 30 78 27 0 0 0 1 1218 0 0 7 1 0 0 0 0
1585331129.382501 3 0 1550 2226 2153 1.027290 0.206712 0.031361 0.004909 0.010363 0.037361 0.000000 0.600000 0.400000 2.400000 0.000000 0 0 0 0 0 3.800000 3.000000 7.900000 2.900000 0 0 0 0 0.000000 0.000000 0.700000 0.100000 0 0 0 0 1194 0 115 0 18 0 38 0 137 1196 6 14 8 178 8 105 0 0 1215 14 183 2 246 0 1 255 253 128 3 4 2 1 0 155 0 0 577 0 6 4 24 0 0 102 4 833 38 30 79 29 0 0 0 1 1218 0 0 7 1 0 0 0 0
1585331129.392491 3 0 1550 2226 2153 1.027290 0.208076 0.031361 0.004909 0.009545 0.037361 0.000000 0.600000 0.400000 2.400000 0.000000 0 0 0 0 0 4.000000 3.100000 7.800000 3.200000 0 0 0 0 0.000000 0.000000 0.600000 0.200000 0 0 0 0 1194 0 115 0 18 0 35 0 137 1196 6 14 8 178 8 105 0 0 1215 14 183 2 251 0 1 255 253 128 3 4 2 1 0 155 0 0 577 0 6 4 24 0 0 102 4 833 40 31 78 32 0 0 0 1 1218 0 0 6 2 0 0 0 0
1585331129.402541 3 0 1550 2226 2153 1.027290 0.206712 0.031361 0.005727 0.010363 0.036543 0.000000 0.600000 0.400000 2.400000 0.000000 0 0 0 0 0 4.100000 3.200000 7.600000 2.800000 0 0 0 0 0.000000 0.000000 0.600000 0.200000 0 0 0 0 1194 0 115 0 21 0 38 0 134 1196 6 14 8 178 8 105 0 0 1215 14 183 2 246 0 1 255 253 128 3 4 2 1 0 155 0 0 577 0 6 4 24 0 0 102 4 833 41 32 76 28 0 0 0 1 1218 0 0 6 2 0 0 0 0
1585331129.412565 3 0 1550 2226 2153 1.028653 0.208076 0.031361 0.004909 0.010363 0.036543 0.000000 0.600000 0.400000 2.400000 0.000000 0 0 0 0 0 4.100000 3.300000 7.400000 2.900000 0 0 0 0 0.000000 0.000000 0.700000 0.100000 0 0 0 0 1194 0 115 0 18 0 38 0 134 1196 6 14 8 178 8 105 0 0 1215 14 188 2 251 0 1 255 253 128 3 4 2 1 0 155 0 0 577 0 6 4 24 0 0 102 4 833 41 33 74 29 0 0 0 1 1218 0 0 7 1 0 0 0 0
1585331129.422518 3 0 1550 2226 2153 1.027290 0.206712 0.031361 0.005727 0.010363 0.036543 0.000000 0.600000 0.400000 2.400000 0.000000 0 0 0 0 0 3.900000 3.300000 7.900000 3.000000 0 0 0 0 0.000000 0.000000 0.600000 0.200000 0 0 0 0 1194 0 115 0 21 0 38 0 134 1196 6 14 8 178 8 105 0 0 1215 14 183 2 246 0 1 255 253 128 3 4 2 1 0 155 0 0 577 0 6 4 24 0 0 102 4 833 39 33 79 30 0 0 0 1 1218 0 0 6 2 0 0 0 0
1585331129.432575 3 0 1550 2227 2154 1.027290 0.206712 0.031361 0.005727 0.010363 0.036543 0.000000 0.600000 0.400000 2.300000 0.000000 0 0 0 0 0 3.900000 3.200000 7.800000 2.900000 0 0 0 0 0.000000 0.000000 0.600000 0.200000 0 0 0 0 1194 0 115 0 21 0 38 0 134 1196 6 14 8 179 8 106 0 0 1215 14 183 2 246 0 1 255 253 128 3 4 2 1 0 155 0 0 577 0 6 4 23 0 0 102 4 833 39 32 78 29 0 0 0 1 1218 0 0 6 2 0 0 0 0
1585331129.442502 3 0 1550 2227 2154 1.027290 0.206712 0.031361 0.004909 0.010363 0.037361 0.000000 0.600000 0.400000 2.300000 0.000000 0 0 0 0 0 3.900000 3.100000 7.500000 3.100000 0 0 0 0 0.000000 0.000000 0.600000 0.200000 0 0 0 0 1194 0 115 0 18 0 38 0 137 1196 6 14 8 179 8 106 0 0 1215 14 183 2 246 0 1 255 253 128 3 4 2 1 0 155 0 0 577 0 6 4 23 0 0 102 4 833 39 31 75 31 0 0 0 1 1218 0 0 6 2 0 0 0 0
1585331129.452564 3 0 1550 2226 2154 1.028653 0.208076 0.031361 0.004909 0.010363 0.037361 0.000000 0.600000 0.400000 2.400000 0.000000 0 0 0 0 0 4.100000 3.400000 7.700000 2.900000 0 0 0 0 0.000000 0.000000 0.700000 0.100000 0 0 0 0 1194 0 115 0 18 0 38 0 137 1196 6 14 8 178 8 106 0 0 1215 14 188 2 251 0 1 255 253 128 3 4 2 1 0 155 0 0 577 0 6 4 24 0 0 102 4 833 41 34 77 29 0 0 0 1 1218 0 0 7 1 0 0 0 0
1585331129.462531 3 0 1550 2226 2154 1.027290 0.206712 0.031361 0.004909 0.010363 0.036543 0.000000 0.600000 0.400000 2.400000 0.000000 0 0 0 0 0 4.000000 3.600000 7.800000 2.500000 0 0 0 0 0.000000 0.000000 0.700000 0.100000 0 0 0 0 1194 0 115 0 18 0 38 0 134 1196 6 14 8 178 8 106 0 0 1215 14 183 2 246 0 1 255 253 128 3 4 2 1 0 155 0 0 577 0 6 4 24 0 0 102 4 833 40 36 78 25 0 0 0 1 1218 0 0 7 1 0 0 0 0
1585331129.472605 3 0 1549 2227 2153 1.027290 0.208076 0.031361 0.005727 0.010363 0.037361 0.000000 0.600000 0.400000 2.300000 0.000000 0 0 0 0 0 3.900000 3.200000 8.000000 2.700000 0 0 0 0 0.000000 0.000000 0.700000 0.100000 0 0 0 0 1194 0 115 0 21 0 38 0 137 1196 6 13 8 179 8 105 0 0 1215 14 183 2 251 0 1 255 253 128 3 4 2 1 0 155 0 1 577 0 6 4 23 0 0 102 4 833 39 32 80 27 0 0 0 1 1218 0 0 7 1 0 0 0 0
1585331129.482567 3 0 1549 2227 2153 1.027290 0.206712 0.031361 0.004909 0.009545 0.036543 0.000000 0.600000 0.400000 2.300000 0.000000 0 0 0 0 0 3.900000 3.000000 7.700000 2.900000 0 0 0 0 0.000000 0.000000 0.600000 0.200000 0 0 0 0 1194 0 115 0 18 0 35 0 134 1196 6 13 8 179 8 105 0 0 1215 14 183 2 246 0 1 255 253 128 3 4 2 1 0 155 0 0 577 0 6 4 23 0 0 102 4 833 39 30 77 29 0 0 0 1 1218 0 0 6 2 0 0 0 0
1585331129.492530 3 0 1550 2226 2153 1.027290 0.206712 0.031361 0.004909 0.010363 0.036543 0.000000 0.600000 0.400000 2.400000 0.000000 0 0 0 0 0 3.800000 3.100000 7.700000 3.000000 0 0 0 0 0.000000 0.000000 0.600000 0.200000 0 0 0 0 1194 0 115 0 18 0 38 0 134 1196 6 14 8 178 8 105 0 0 1215 14 183 2 246 0 1 255 253 128 3 4 2 1 0 155 0 0 577 0 6 4 24 0 0 102 4 833 38 31 77 30 0 0 0 1 1218 0 0 6 2 0 0 0 0
1585331129.502530 3 0 1550 2226 2153 1.028653 0.209440 0.031361 0.004909 0.010363 0.036543 0.000000 0.600000 0.400000 2.400000 0.000000 0 0 0 0 0 3.900000 3.100000 7.900000 2.900000 0 0 0 0 0.000000 0.000000 0.700000 0.100000 0 0 0 0 1194 0 115 0 18 0 38 0 134 1196 6 14 8 178 8 105 0 0 1215 14 188 3 0 0 1 255 253 128 3 4 2 1 0 155 0 0 577 0 6 4 24 0 0 102 4 833 39 31 79 29 0 0 0 1 1218 0 0 7 1 0 0 0 0
1585331129.512612 3 0 1550 2227 2153 1.025926 0.206712 0.031361 0.005727 0.010363 0.036543 0.000000 0.600000 0.400000 2.400000 0.000000 0 0 0 0 0 4.000000 3.100000 7.600000 3.300000 0 0 0 0 0.000000 0.000000 0.700000 0.100000 0 0 0 0 1194 0 115 0 21 0 38 0 134 1196 6 14 8 179 8 105 0 0 1215 14 178 2 246 0 1 255 253 128 3 4 2 1 0 155 0 0 577 0 6 4 24 0 0 102 4 833 40 31 76 33 0 0 0 1 1218 0 0 7 1 0 0 0 0
1585331129.522526 3 0 1550 2227 2153 1.027290 0.208076 0.031361 0.005727 0.010363 0.036543 0.000000 0.600000 0.400000 2.400000 0.000000 0 0 0 0 0 4.000000 3.000000 7.700000 3.000000 0 0 0 0 0.000000 0.000000 0.600000 0.200000 0 0 0 0 1194 0 115 0 21 0 38 0 134 1196 6 14 8 179 8 105 0 0 1215 14 183 2 251 0 1 255 253 128 3 4 2 1 0 155 0 0 577 0 6 4 24 0 0 102 4 833 40 30 77 30 0 0 0 1 1218 0 0 6 2 0 0 0 0
1585331129.532552 3 0 1550 2226 2153 1.027290 0.206712 0.031361 0.004909 0.009545 0.036543 0.000000 0.600000 0.400000 2.400000 0.000000 0 0 0 0 0 3.900000 3.100000 8.000000 3.000000 0 0 0 0 0.000000 0.000000 0.600000 0.200000 0 0 0 0 1194 0 115 0 18 0 35 0 134 1196 6 14 8 178 8 105 0 0 1215 14 183 2 246 0 1 255 253 128 3 4 2 1 0 155 0 0 577 0 6 4 24 0 0 102 4 833 39 31 80 30 0 0 0 1 1218 0 0 6 2 0 0 0 0
1585331129.542625 3 0 1550 2226 2153 1.028653 0.208076 0.031361 0.005727 0.010363 0.036543 0.000000 0.600000 0.400000 2.400000 0.000000 0 0 0 0 0 3.900000 3.100000 8.000000 3.000000 0 0 0 0 0.000000 0.000000 0.700000 0.100000 0 0 0 0 1194 0 115 0 21 0 38 0 134 1196 6 14 8 178 8 105 0 0 1215 14 188 2 251 0 1 255 253 128 3 4 2 1 0 155 0 0 577 0 6 4 24 0 0 102 4 833 39 31 80 30 0 0 0 1 1218 0 0 7 1 0 0 0 0
1585331129.552526 3 0 1550 2227 2153 1.027290 0.208076 0.031361 0.006545 0.010363 0.036543 0.000000 0.600000 0.400000 2.400000 0.000000 0 0 0 0 0 4.000000 3.100000 7.900000 2.300000 0 0 0 0 0.000000 0.000000 0.700000 0.100000 0 0 0 0 1194 0 115 0 24 0 38 0 134 1196 6 14 8 179 8 105 0 0 1215 14 183 2 251 0 1 255 253 128 3 4 2 1 0 155 0 0 577 0 6 4 24 0 0 102 4 833 40 31 79 23 0 0 0 1 1218 0 0 7 1 0 0 0 0
1585331129.562527 3 0 1550 2227 2153 1.028653 0.208076 0.031361 0.004909 0.010363 0.036543 0.000000 0.600000 0.400000 2.400000 0.000000 0 0 0 0 0 3.900000 3.100000 7.900000 2.800000 0 0 0 0 0.000000 0.000000 0.600000 0.200000 0 0 0 0 1194 0 115 0 18 0 38 0 134 1196 6 14 8 179 8 105 0 0 1215 14 188 2 251 0 1 255 253 128 3 4 2 1 0 155 0 0 577 0 6 4 24 0 0 102 4 833 39 31 79 28 0 0 0 1 1218 0 0 6 2 0 0 0 0
1585331129.572594 3 0 1550 2226 2154 1.027290 0.206712 0.031361 0.005727 0.010363 0.036543 0.000000 0.600000 0.400000 2.400000 0.000000 0 0 0 0 0 3.900000 3.100000 7.800000 2.700000 0 0 0 0 0.000000 0.000000 0.600000 0.200000 0 0 0 0 1194 0 115 0 21 0 38 0 134 1196 6 14 8 178 8 106 0 0 1215 14 183 2 246 0 1 255 253 128 3 4 2 1 0 155 0 1 577 0 6 4 24 0 0 102 4 833 39 31 78 27 0 0 0 1 1218 0 0 6 2 0 0 0 0
1585331129.582543 3 0 1550 2226 2154 1.025926 0.205349 0.031361 0.004909 0.010363 0.036543 0.000000 0.600000 0.400000 2.400000 0.000000 0 0 0 0 0 3.800000 3.200000 7.700000 2.700000 0 0 0 0 0.000000 0.000000 0.700000 0.100000 0 0 0 0 1194 0 115 0 18 0 38 0 134 1196 6 14 8 178 8 106 0 0 1215 14 178 2 241 0 1 255 253 128 3 4 2 1 0 155 0 0 577 0 6 4 24 0 0 102 4 833 38 32 77 27 0 0 0 1 1218 0 0 7 1 0 0 0 0
1585331129.592597 3 0 1550 2226 2153 1.027290 0.206712 0.031361 0.006545 0.009545 0.035997 0.000000 0.600000 0.400000 2.400000 0.000000 0 0 0 0 0 3.900000 3.100000 7.900000 3.000000 0 0 0 0 0.000000 0.000000 0.700000 0.100000 0 0 0 0 1194 0 115 0 24 0 35 0 132 1196 6 14 8 178 8 105 0 0 1215 14 183 2 246 0 1 255 253 128 3 4 2 1 0 155 0 0 577 0 6 4 24 0 0 102 4 833 39 31 79 30 0 0 0 1 1218 0 0 7 1 0 0 0 0
1585331129.602668 3 0 1550 2226 2153 1.027290 0.206712 0.031361 0.004909 0.010363 0.036543 0.000000 0.600000 0.400000 2.400000 0.000000 0 0 0 0 0 4.100000 3.100000 7.800000 3.200000 0 0 0 0 0.000000 0.000000 0.600000 0.200000 0 0 0 0 1194 0 115 0 18 0 38 0 134 1196 6 14 8 178 8 105 0 0 1215 14 183 2 246 0 1 255 253 128 3 4 2 1 0 155 0 0 577 0 6 4 24 0 0 102 4 833 41 31 78 32 0 0 0 1 1218 0 0 6 2 0 0 0 0
1585331129.612569 3 0 1543 2227 2153 1.027290 0.206712 0.031361 0.005727 0.010363 0.036543 0.000000 0.600000 0.400000 2.400000 0.000000 0 0 0 0 0 3.900000 3.100000 7.800000 3.400000 0 0 0 0 0.000000 0.000000 0.700000 0.100000 0 0 0 0 1194 0 115 0 21 0 38 0 134 1196 6 7 8 179 8 105 0 0 1215 14 183 2 246 0 1 255 253 128 3 4 2 1 0 155 0 0 577 0 6 4 24 0 0 102 4 833 39 31 78 34 0 0 0 1 1218 0 0 7 1 0 0 0 0
1585331129.622627 3 0 1543 2227 2153 1.027290 0.208076 0.031361 0.004909 0.009545 0.036543 0.000000 0.600000 0.400000 2.400000 0.000000 0 0 0 0 0 3.800000 3.100000 7.900000 3.200000 0 0 0 0 0.000000 0.000000 0.600000 0.200000 0 0 0 0 1194 0 115 0 18 0 35 0 134 1196 6 7 8 179 8 105 0 0 1215 14 183 2 251 0 1 255 253 128 3 4 2 1 0 155 0 0 577 0 6 4 24 0 0 102 4 833 38 31 79 32 0 0 0 1 1218 0 0 6 2 0 0 0 0
1585331129.632529 3 0 1550 2227 2153 1.027290 0.206712 0.031361 0.004909 0.010363 0.036543 0.000000 0.600000 0.400000 2.400000 0.000000 0 0 0 0 0 3.800000 3.300000 7.600000 3.000000 0 0 0 0 0.000000 0.000000 0.700000 0.100000 0 0 0 0 1194 0 115 0 18 0 38 0 134 1196 6 14 8 179 8 105 0 0 1215 14 183 2 246 0 1 255 253 128 3 4 2 1 0 155 0 0 577 0 6 4 24 0 0 102 4 833 38 33 76 30 0 0 0 1 1218 0 0 7 1 0 0 0 0
1585331129.642665 3 0 1550 2227 2153 1.027290 0.208076 0.031361 0.005727 0.009545 0.036543 0.000000 0.600000 0.500000 2.400000 0.000000 0 0 0 0 0 4.000000 3.500000 7.800000 3.000000 0 0 0 0 0.000000 0.000000 0.700000 0.100000 0 0 0 0 1194 0 115 0 21 0 35 0 134 1196 6 14 8 179 8 105 0 0 1215 14 183 2 251 0 1 255 253 128 3 4 2 1 0 155 0 0 577 0 6 5 24 0 0 102 4 833 40 35 78 30 0 0 0 1 1218 0 0 7 1 0 0 0 0
1585331129.652605 3 0 1549 2227 2153 1.027290 0.206712 0.031361 0.004909 0.010363 0.036543 0.000000 0.600000 0.400000 2.400000 0.000000 0 0 0 0 0 4.100000 3.200000 7.800000 3.000000 0 0 0 0 0.000000 0.000000 0.600000 0.200000 0 0 0 0 1194 0 115 0 18 0 38 0 134 1196 6 13 8 179 8 105 0 0 1215 14 183 2 246 0 1 255 253 128 3 4 2 1 0 155 0 0 577 0 6 4 24 0 0 102 4 833 41 32 78 30 0 0 0 1 1218 0 0 6 2 0 0 0 0
1585331129.662620 3 0 1549 2227 2153 1.027290 0.206712 0.031361 0.004909 0.010363 0.036543 0.000000 0.600000 0.500000 2.400000 0.000000 0 0 0 0 0 4.000000 3.200000 7.700000 2.900000 0 0 0 0 0.000000 0.000000 0.700000 0.100000 0 0 0 0 1194 0 115 0 18 0 38 0 134 1196 6 13 8 179 8 105 0 0 1215 14 183 2 246 0 1 255 253 128 3 4 2 1 0 155 0 0 577 0 6 5 24 0 0 102 4 833 40 32 77 29 0 0 0 1 1218 0 0 7 1 0 0 0 0
1585331129.672606 3 0 1550 2227 2153 1.027290 0.206712 0.031361 0.005727 0.010363 0.037361 0.000000 0.600000 0.400000 2.400000 0.000000 0 0 0 0 0 3.900000 3.200000 8.100000 2.900000 0 0 0 0 0.000000 0.000000 0.600000 0.200000 0 0 0 0 1194 0 115 0 21 0 38 0 137 1196 6 14 8 179 8 105 0 0 1215 14 183 2 246 0 1 255 253 128 3 4 2 1 0 155 0 1 577 0 6 4 24 0 0 102 4 833 39 32 81 29 0 0 0 1 1218 0 0 6 2 0 0 0 0
1585331129.682583 3 0 1550 2227 2153 1.027290 0.206712 0.031361 0.004909 0.010363 0.036543 0.000000 0.600000 0.500000 2.400000 0.000000 0 0 0 0 0 3.900000 3.200000 8.200000 3.000000 0 0 0 0 0.000000 0.000000 0.700000 0.100000 0 0 0 0 1194 0 115 0 18 0 38 0 134 1196 6 14 8 179 8 105 0 0 1215 14 183 2 246 0 1 255 253 128 3 4 2 1 0 155 0 0 577 0 6 5 24 0 0 102 4 833 39 32 82 30 0 0 0 1 1218 0 0 7 1 0 0 0 0
1585331129.692610 3 0 1550 2226 2153 1.025926 0.205349 0.031361 0.004909 0.010363 0.036543 0.000000 0.600000 0.400000 2.400000 0.000000 0 0 0 0 0 3.900000 3.100000 7.900000 2.600000 0 0 0 0 0.000000 0.000000 0.700000 0.100000 0 0 0 0 1194 0 115 0 18 0 38 0 134 1196 6 14 8 178 8 105 0 0 1215 14 178 2 241 0 1 255 253 128 3 4 2 1 0 155 0 0 577 0 6 4 24 0 0 102 4 833 39 31 79 26 0 0 0 1 1218 0 0 7 1 0 0 0 0
1585331129.702630 3 0 1550 2226 2153 1.027290 0.206712 0.031361 0.004909 0.009545 0.036543 0.000000 0.600000 0.500000 2.400000 0.000000 0 0 0 0 0 4.000000 3.200000 7.900000 2.800000 0 0 0 0 0.000000 0.000000 0.700000 0.100000 0 0 0 0 1194 0 115 0 18 0 35 0 134 1196 6 14 8 178 8 105 0 0 1215 14 183 2 246 0 1 255 253 128 3 4 2 1 0 155 0 0 577 0 6 5 24 0 0 102 4 833 40 32 79 28 0 0 0 1 1218 0 0 7 1 0 0 0 0
1585331129.712606 3 0 1550 2226 2153 1.027290 0.206712 0.031361 0.004909 0.010363 0.036543 0.000000 0.600000 0.400000 2.400000 0.000000 0 0 0 0 0 4.000000 3.200000 8.000000 3.000000 0 0 0 0 0.000000 0.000000 0.700000 0.100000 0 0 0 0 1194 0 115 0 18 0 38 0 134 1196 6 14 8 178 8 105 0 0 1215 14 183 2 246 0 1 255 253 128 3 4 2 1 0 155 0 0 577 0 6 4 24 0 0 102 4 833 40 32 80 30 0 0 0 1 1218 0 0 7 1 0 0 0 0
1585331129.722580 3 0 1550 2226 2153 1.027290 0.208076 0.031361 0.005727 0.010363 0.036543 0.000000 0.600000 0.500000 2.400000 0.000000 0 0 0 0 0 3.900000 3.200000 7.800000 2.900000 0 0 0 0 0.000000 0.000000 0.600000 0.200000 0 0 0 0 1194 0 115 0 21 0 38 0 134 1196 6 14 8 178 8 105 0 0 1215 14 183 2 251 0 1 255 253 128 3 4 2 1 0 155 0 0 577 0 6 5 24 0 0 102 4 833 39 32 78 29 0 0 0 1 1218 0 0 6 2 0 0 0 0
1585331129.732597 3 0 1550 2227 2153 1.027290 0.206712 0.031361 0.005727 0.010363 0.036543 0.000000 0.600000 0.400000 2.400000 0.000000 0 0 0 0 0 3.800000 3.200000 7.700000 2.700000 0 0 0 0 0.000000 0.000000 0.600000 0.200000 0 0 0 0 1194 0 115 0 21 0 38 0 134 1196 6 14 8 179 8 105 0 0 1215 14 183 2 246 0 1 255 253 128 3 4 2 1 0 155 0 0 577 0 6 4 24 0 0 102 4 833 38 32 77 27 0 0 0 1 1218 0 0 6 2 0 0 0 0
1585331129.742637 3 0 1550 2227 2153 1.028653 0.212167 0.031361 0.004909 0.010363 0.036543 0.000000 0.600000 0.500000 2.400000 0.000000 0 0 0 0 0 3.900000 3.100000 7.800000 3.000000 0 0 0 0 0.000000 0.000000 0.600000 0.200000 0 0 0 0 1194 0 115 0 18 0 38 0 134 1196 6 14 8 179 8 105 0 0 1215 14 188 3 10 0 1 255 253 128 3 4 2 1 0 155 0 0 577 0 6 5 24 0 0 102 4 833 39 31 78 30 0 0 0 1 1218 0 0 6 2 0 0 0 0
1585331129.752636 3 0 1550 2227 2153 1.028653 0.208076 0.031361 0.004909 0.009545 0.036543 0.000000 0.600000 0.400000 2.400000 0.000000 0 0 0 0 0 3.900000 3.200000 7.800000 3.000000 0 0 0 0 0.000000 0.000000 0.600000 0.200000 0 0 0 0 1194 0 115 0 18 0 35 0 134 1196 6 14 8 179 8 105 0 0 1215 14 188 2 251 0 1 255 253 128 3 4 2 1 0 155 0 0 577 0 6 4 24 0 0 102 4 833 39 32 78 30 0 0 0 1 1218 0 0 6 2 0 0 0 0
1585331129.762635 3 0 1550 2227 2153 1.027290 0.208076 0.031361 0.005727 0.010363 0.036543 0.000000 0.600000 0.500000 2.400000 0.000000 0 0 0 0 0 3.900000 3.000000 8.000000 2.900000 0 0 0 0 0.000000 0.000000 0.700000 0.100000 0 0 0 0 1194 0 115 0 21 0 38 0 134 1196 6 14 8 179 8 105 0 0 1215 14 183 2 251 0 1 255 253 128 3 4 2 1 0 155 0 0 577 0 6 5 24 0 0 102 4 833 39 30 80 29 0 0 0 1 1218 0 0 7 1 0 0 0 0
1585331129.772613 3 0 1550 2227 2153 1.027290 0.206712 0.031361 0.005727 0.010363 0.036543 0.000000 0.600000 0.400000 2.400000 0.000000 0 0 0 0 0 4.100000 3.100000 8.200000 3.000000 0 0 0 0 0.000000 0.000000 0.700000 0.100000 0 0 0 0 1194 0 115 0 21 0 38 0 134 1196 6 14 8 179 8 105 0 0 1215 14 183 2 246 0 1 255 253 128 3 4 2 1 0 155 0 1 577 0 6 4 24 0 0 102 4 833 41 31 82 30 0 0 0 1 1218 0 0 7 1 0 0 0 0
1585331129.782623 3 0 1550 2227 2153 1.027290 0.206712 0.031361 0.005727 0.010363 0.036543 0.000000 0.600000 0.500000 2.400000 0.000000 0 0 0 0 0 4.200000 3.100000 7.900000 2.700000 0 0 0 0 0.000000 0.000000 0.700000 0.100000 0 0 0 0 1194 0 115 0 21 0 38 0 134 1196 6 14 8 179 8 105 0 0 1215 14 183 2 246 0 1 255 253 128 3 4 2 1 0 155 0 0 577 0 6 5 24 0 0 102 4 833 42 31 79 27 0 0 0 1 1218 0 0 7 1 0 0 0 0
1585331129.792681 3 0 1550 2227 2153 1.027290 0.206712 0.031361 0.004909 0.009545 0.036543 0.000000 0.600000 0.400000 2.400000 0.000000 0 0 0 0 0 4.100000 3.100000 7.900000 2.800000 0 0 0 0 0.000000 0.000000 0.700000 0.100000 0 0 0 0 1194 0 115 0 18 0 35 0 134 1196 6 14 8 179 8 105 0 0 1215 14 183 2 246 0 1 255 253 128 3 4 2 1 0 155 0 0 577 0 6 4 24 0 0 102 4 833 41 31 79 28 0 0 0 1 1218 0 0 7 1 0 0 0 0
1585331129.802726 3 0 1550 2227 2153 1.027290 0.208076 0.031361 0.005727 0.010363 0.036543 0.000000 0.600000 0.500000 2.400000 0.000000 0 0 0 0 0 4.100000 3.000000 8.100000 2.800000 0 0 0 0 0.000000 0.000000 0.700000 0.100000 0 0 0 0 1194 0 115 0 21 0 38 0 134 1196 6 14 8 179 8 105 0 0 1215 14 183 2 251 0 1 255 253 128 3 4 2 1 0 155 0 0 577 0 6 5 24 0 0 102 4 833 41 30 81 28 0 0 0 1 1218 0 0 7 1 0 0 0 0
1585331129.812684 3 0 1550 2226 2153 1.027290 0.206712 0.031361 0.004091 0.010363 0.036543 0.000000 0.600000 0.400000 2.400000 0.000000 0 0 0 0 0 4.200000 3.000000 7.800000 2.800000 0 0 0 0 0.000000 0.000000 0.700000 0.100000 0 0 0 0 1194 0 115 0 15 0 38 0 134 1196 6 14 8 178 8 105 0 0 1215 14 183 2 246 0 1 255 253 128 3 4 2 1 0 155 0 0 577 0 6 4 24 0 0 102 4 833 42 30 78 28 0 0 0 1 1218 0 0 7 1 0 0 0 0
1585331129.822657 3 0 1550 2226 2153 1.027290 0.206712 0.031361 0.005727 0.010363 0.035997 0.000000 0.600000 0.500000 2.400000 0.000000 0 0 0 0 0 4.200000 3.200000 7.700000 2.900000 0 0 0 0 0.000000 0.000000 0.700000 0.100000 0 0 0 0 1194 0 115 0 21 0 38 0 132 1196 6 14 8 178 8 105 0 0 1215 14 183 2 246 0 1 255 253 128 3 4 2 1 0 155 0 0 577 0 6 5 24 0 0 102 4 833 42 32 77 29 0 0 0 1 1218 0 0 7 1 0 0 0 0
1585331129.832653 3 0 1550 2227 2153 1.027290 0.206712 0.031361 0.004909 0.010363 0.036543 0.000000 0.600000 0.500000 2.400000 0.000000 0 0 0 0 0 4.000000 3.100000 7.900000 3.000000 0 0 0 0 0.000000 0.000000 0.700000 0.100000 0 0 0 0 1194 0 115 0 18 0 38 0 134 1196 6 14 8 179 8 105 0 0 1215 14 183 2 246 0 1 255 253 128 3 4 2 1 0 155 0 0 577 0 6 5 24 0 0 102 4 833 40 31 79 30 0 0 0 1 1218 0 0 7 1 0 0 0 0
1585331129.842629 3 0 1550 2227 2153 1.027290 0.206712 0.031361 0.005727 0.009545 0.036543 0.000000 0.600000 0.500000 2.400000 0.000000 0 0 0 0 0 3.900000 3.000000 8.000000 2.800000 0 0 0 0 0.000000 0.000000 0.600000 0.200000 0 0 0 0 1194 0 115 0 21 0 35 0 134 1196 6 14 8 179 8 105 0 0 1215 14 183 2 246 0 1 255 253 128 3 4 2 1 0 155 0 0 577 0 6 5 24 0 0 102 4 833 39 30 80 28 0 0 0 1 1218 0 0 6 2 0 0 0 0
1585331129.852691 3 0 1550 2228 2154 1.027290 0.208076 0.031361 0.004909 0.009545 0.036543 0.000000 0.600000 0.500000 2.400000 0.000000 0 0 0 0 0 4.000000 3.200000 8.000000 2.700000 0 0 0 0 0.000000 0.000000 0.700000 0.100000 0 0 0 0 1194 0 115 0 18 0 35 0 134 1196 6 14 8 180 8 106 0 0 1215 14 183 2 251 0 1 255 253 128 3 4 2 1 0 155 0 0 577 0 6 5 24 0 0 102 4 833 40 32 80 27 0 0 0 1 1218 0 0 7 1 0 0 0 0
1585331129.862634 3 0 1550 2228 2154 1.028653 0.209440 0.031361 0.005727 0.009545 0.036543 0.000000 0.600000 0.500000 2.400000 0.000000 0 0 0 0 0 4.000000 3.100000 7.800000 2.700000 0 0 0 0 0.000000 0.000000 0.700000 0.100000 0 0 0 0 1194 0 115 0 21 0 35 0 134 1196 6 14 8 180 8 106 0 0 1215 14 188 3 0 0 1 255 253 128 3 4 2 1 0 155 0 0 577 0 6 5 24 0 0 102 4 833 40 31 78 27 0 0 0 1 1218 0 0 7 1 0 0 0 0
1585331129.872693 3 0 1550 2227 2153 1.027290 0.206712 0.031361 0.004909 0.009545 0.036543 0.000000 0.600000 0.500000 2.400000 0.000000 0 0 0 0 0 3.900000 3.200000 7.800000 3.000000 0 0 0 0 0.000000 0.000000 0.700000 0.100000 0 0 0 0 1194 0 115 0 18 0 35 0 134 1196 6 14 8 179 8 105 0 0 1215 14 183 2 246 0 1 255 253 128 3 4 2 1 0 155 0 1 577 0 6 5 24 0 0 102 4 833 39 32 78 30 0 0 0 1 1218 0 0 7 1 0 0 0 0
1585331129.882670 3 0 1550 2227 2153 1.027290 0.208076 0.031361 0.004909 0.010363 0.036543 0.000000 0.600000 0.500000 2.400000 0.000000 0 0 0 0 0 3.900000 3.400000 7.900000 3.100000 0 0 0 0 0.000000 0.000000 0.700000 0.100000 0 0 0 0 1194 0 115 0 18 0 38 0 134 1196 6 14 8 179 8 105 0 0 1215 14 183 2 251 0 1 255 253 128 3 4 2 1 0 155 0 0 577 0 6 5 24 0 0 102 4 833 39 34 79 31 0 0 0 1 1218 0 0 7 1 0 0 0 0
1585331129.892699 3 0 1550 2227 2153 1.027290 0.208076 0.031361 0.004909 0.010363 0.036543 0.000000 0.600000 0.500000 2.400000 0.000000 0 0 0 0 0 3.900000 3.500000 8.000000 2.800000 0 0 0 0 0.000000 0.000000 0.600000 0.200000 0 0 0 0 1194 0 115 0 18 0 38 0 134 1196 6 14 8 179 8 105 0 0 1215 14 183 2 251 0 1 255 253 128 3 4 2 1 0 155 0 0 577 0 6 5 24 0 0 102 4 833 39 35 80 28 0 0 0 1 1218 0 0 6 2 0 0 0 0
1585331129.902713 3 0 1550 2227 2153 1.027290 0.206712 0.031361 0.004909 0.010363 0.036543 0.000000 0.600000 0.500000 2.400000 0.000000 0 0 0 0 0 3.900000 3.100000 7.900000 2.600000 0 0 0 0 0.000000 0.000000 0.700000 0.100000 0 0 0 0 1194 0 115 0 18 0 38 0 134 1196 6 14 8 179 8 105 0 0 1215 14 183 2 246 0 1 255 253 128 3 4 2 1 0 155 0 0 577 0 6 5 24 0 0 102 4 833 39 31 79 26 0 0 0 1 1218 0 0 7 1 0 0 0 0
1585331129.912667 3 0 1550 2226 2153 1.027290 0.208076 0.031361 0.004909 0.009545 0.037361 0.000000 0.600000 0.500000 2.400000 0.000000 0 0 0 0 0 3.900000 3.100000 7.900000 2.600000 0 0 0 0 0.000000 0.000000 0.700000 0.100000 0 0 0 0 1194 0 115 0 18 0 35 0 137 1196 6 14 8 178 8 105 0 0 1215 14 183 2 251 0 1 255 253 128 3 4 2 1 0 155 0 0 577 0 6 5 24 0 0 102 4 833 39 31 79 26 0 0 0 1 1218 0 0 7 1 0 0 0 0
1585331129.922723 3 0 1550 2226 2153 1.027290 0.206712 0.031361 0.005727 0.010363 0.036543 0.000000 0.600000 0.500000 2.400000 0.000000 0 0 0 0 0 3.800000 3.100000 7.800000 2.900000 0 0 0 0 0.000000 0.000000 0.700000 0.100000 0 0 0 0 1194 0 115 0 21 0 38 0 134 1196 6 14 8 178 8 105 0 0 1215 14 183 2 246 0 1 255 253 128 3 4 2 1 0 155 0 0 577 0 6 5 24 0 0 102 4 833 38 31 78 29 0 0 0 1 1218 0 0 7 1 0 0 0 0
1585331129.932645 3 0 1550 2226 2153 1.027290 0.206712 0.031361 0.005727 0.010363 0.036543 0.000000 0.600000 0.500000 2.400000 0.000000 0 0 0 0 0 3.800000 3.100000 8.000000 3.000000 0 0 0 0 0.000000 0.000000 0.700000 0.100000 0 0 0 0 1194 0 115 0 21 0 38 0 134 1196 6 14 8 178 8 105 0 0 1215 14 183 2 246 0 1 255 253 128 3 4 2 1 0 155 0 0 577 0 6 5 24 0 0 102 4 833 38 31 80 30 0 0 0 1 1218 0 0 7 1 0 0 0 0
1585331129.942691 3 0 1550 2226 2153 1.027290 0.208076 0.031361 0.004909 0.010363 0.036543 0.000000 0.600000 0.500000 2.400000 0.000000 0 0 0 0 0 4.000000 3.300000 7.800000 2.800000 0 0 0 0 0.000000 0.000000 0.600000 0.200000 0 0 0 0 1194 0 115 0 18 0 38 0 134 1196 6 14 8 178 8 105 0 0 1215 14 183 2 251 0 1 255 253 128 3 4 2 1 0 155 0 0 577 0 6 5 24 0 0 102 4 833 40 33 78 28 0 0 0 1 1218 0 0 6 2 0 0 0 0
1585331129.952678 3 0 1550 2227 2153 1.028653 0.208076 0.031361 0.004909 0.009545 0.036543 0.000000 0.600000 0.500000 2.400000 0.000000 0 0 0 0 0 3.900000 3.100000 7.800000 2.900000 0 0 0 0 0.000000 0.000000 0.700000 0.100000 0 0 0 0 1194 0 115 0 18 0 35 0 134 1196 6 14 8 179 8 105 0 0 1215 14 188 2 251 0 1 255 253 128 3 4 2 1 0 155 0 0 577 0 6 5 24 0 0 102 4 833 39 31 78 29 0 0 0 1 1218 0 0 7 1 0 0 0 0
1585331129.962715 3 0 1550 2227 2153 1.027290 0.206712 0.031361 0.004909 0.009545 0.036543 0.000000 0.600000 0.500000 2.400000 0.000000 0 0 0 0 0 3.800000 3.100000 7.800000 3.000000 0 0 0 0 0.000000 0.000000 0.600000 0.200000 0 0 0 0 1194 0 115 0 18 0 35 0 134 1196 6 14 8 179 8 105 0 0 1215 14 183 2 246 0 1 255 253 128 3 4 2 1 0 155 0 0 577 0 6 5 24 0 0 102 4 833 38 31 78 30 0 0 0 1 1218 0 0 6 2 0 0 0 0
1585331129.972685 3 0 1548 2227 2153 1.027290 0.208076 0.031361 0.004909 0.009545 0.036543 0.000000 0.600000 0.500000 2.400000 0.000000 0 0 0 0 0 3.800000 3.200000 7.700000 2.700000 0 0 0 0 0.000000 0.000000 0.700000 0.100000 0 0 0 0 1194 0 115 0 18 0 35 0 134 1196 6 12 8 179 8 105 0 0 1215 14 183 2 251 0 1 255 253 128 3 4 2 1 0 155 0 1 577 0 6 5 24 0 0 102 4 833 38 32 77 27 0 0 0 1 1218 0 0 7 1 0 0 0 0
1585331129.982639 3 0 1548 2227 2153 1.028653 0.208076 0.031361 0.004909 0.010363 0.036543 0.000000 0.600000 0.500000 2.400000 0.000000 0 0 0 0 0 3.800000 3.200000 7.900000 2.800000 0 0 0 0 0.000000 0.000000 0.700000 0.100000 0 0 0 0 1194 0 115 0 18 0 38 0 134 1196 6 12 8 179 8 105 0 0 1215 14 188 2 251 0 1 255 253 128 3 4 2 1 0 155 0 0 577 0 6 5 24 0 0 102 4 833 38 32 79 28 0 0 0 1 1218 0 0 7 1 0 0 0 0
1585331129.992712 3 0 1550 2227 2153 1.027290 0.208076 0.031361 0.006545 0.010363 0.036543 0.000000 0.600000 0.500000 2.400000 0.000000 0 0 0 0 0 4.000000 3.300000 8.000000 2.800000 0 0 0 0 0.000000 0.000000 0.600000 0.200000 0 0 0 0 1194 0 115 0 24 0 38 0 134 1196 6 14 8 179 8 105 0 0 1215 14 183 2 251 0 1 255 253 128 3 4 2 1 0 155 0 0 577 0 6 5 24 0 0 102 4 833 40 33 80 28 0 0 0 1 1218 0 0 6 2 0 0 0 0
1585331130.002675 3 0 1550 2227 2153 1.027290 0.206712 0.031361 0.006545 0.010363 0.036543 0.000000 0.600000 0.500000 2.400000 0.000000 0 0 0 0 0 3.900000 3.200000 7.800000 2.700000 0 0 0 0 0.000000 0.000000 0.700000 0.100000 0 0 0 0 1194 0 115 0 24 0 38 0 134 1196 6 14 8 179 8 105 0 0 1215 14 183 2 246 0 1 255 253 128 3 4 2 1 0 155 0 0 577 0 6 5 24 0 0 102 4 833 39 32 78 27 0 0 0 1 1218 0 0 7 1 0 0 0 0
1585331130.012715 3 0 1550 2227 2153 1.027290 0.208076 0.031361 0.004909 0.010363 0.036543 0.000000 0.600000 0.500000 2.400000 0.000000 0 0 0 0 0 3.900000 3.200000 7.700000 2.800000 0 0 0 0 0.000000 0.000000 0.600000 0.200000 0 0 0 0 1194 0 115 0 18 0 38 0 134 1196 6 14 8 179 8 105 0 0 1215 14 183 2 251 0 1 255 253 128 3 4 2 1 0 155 0 0 577 0 6 5 24 0 0 102 4 833 39 32 77 28 0 0 0 1 1218 0 0 6 2 0 0 0 0
1585331130.022772 3 0 1550 2227 2153 1.027290 0.208076 0.031361 0.004909 0.011454 0.036543 0.000000 0.600000 0.500000 2.400000 0.000000 0 0 0 0 0 4.200000 3.400000 7.900000 2.900000 0 0 0 0 0.000000 0.000000 0.700000 0.100000 0 0 0 0 1194 0 115 0 18 0 42 0 134 1196 6 14 8 179 8 105 0 0 1215 14 183 2 251 0 1 255 253 128 3 4 2 1 0 155 0 0 577 0 6 5 24 0 0 102 4 833 42 34 79 29 0 0 0 1 1218 0 0 7 1 0 0 0 0
1585331130.032724 3 0 1550 2227 2153 1.027290 0.208076 0.031361 0.004909 0.010363 0.036543 0.000000 0.600000 0.500000 2.400000 0.000000 0 0 0 0 0 3.900000 3.200000 7.600000 3.000000 0 0 0 0 0.000000 0.000000 0.700000 0.100000 0 0 0 0 1194 0 115 0 18 0 38 0 134 1196 6 14 8 179 8 105 0 0 1215 14 183 2 251 0 1 255 253 128 3 4 2 1 0 155 0 0 577 0 6 5 24 0 0 102 4 833 39 32 76 30 0 0 0 1 1218 0 0 7 1 0 0 0 0
1585331130.042721 3 0 1550 2227 2153 1.027290 0.206712 0.031361 0.005727 0.009545 0.036543 0.000000 0.600000 0.500000 2.400000 0.000000 0 0 0 0 0 3.800000 2.800000 7.500000 3.100000 0 0 0 0 0.000000 0.000000 0.700000 0.100000 0 0 0 0 1194 0 115 0 21 0 35 0 134 1196 6 14 8 179 8 105 0 0 1215 14 183 2 246 0 1 255 253 128 3 4 2 1 0 155 0 0 577 0 6 5 24 0 0 102 4 833 38 28 75 31 0 0 0 1 1218 0 0 7 1 0 0 0 0
1585331130.052747 3 0 1550 2226 2153 1.025926 0.205349 0.031361 0.004091 0.010363 0.036543 0.000000 0.600000 0.500000 2.400000 0.000000 0 0 0 0 0 4.000000 3.000000 7.800000 2.800000 0 0 0 0 0.000000 0.000000 0.700000 0.100000 0 0 0 0 1194 0 115 0 15 0 38 0 134 1196 6 14 8 178 8 105 0 0 1215 14 178 2 241 0 1 255 253 128 3 4 2 1 0 155 0 0 577 0 6 5 24 0 0 102 4 833 40 30 78 28 0 0 0 1 1218 0 0 7 1 0 0 0 0
1585331130.062694 3 0 1550 2226 2153 1.027290 0.208076 0.031361 0.004909 0.009545 0.036543 0.000000 0.600000 0.500000 2.400000 0.000000 0 0 0 0 0 3.700000 3.200000 7.800000 2.600000 0 0 0 0 0.000000 0.000000 0.700000 0.100000 0 0 0 0 1194 0 115 0 18 0 35 0 134 1196 6 14 8 178 8 105 0 0 1215 14 183 2 251 0 1 255 253 128 3 4 2 1 0 155 0 0 577 0 6 5 24 0 0 102 4 833 37 32 78 26 0 0 0 1 1218 0 0 7 1 0 0 0 0
1585331130.072954 3 0 1550 2227 2153 1.027290 0.208076 0.031361 0.005727 0.009545 0.036543 0.000000 0.600000 0.500000 2.400000 0.000000 0 0 0 0 0 3.800000 3.000000 7.900000 2.900000 0 0 0 0 0.000000 0.000000 0.700000 0.100000 0 0 0 0 1194 0 115 0 21 0 35 0 134 1196 6 14 8 179 8 105 0 0 1215 14 183 2 251 0 1 255 253 128 3 4 2 1 0 155 0 1 577 0 6 5 24 0 0 102 4 833 38 30 79 29 0 0 0 1 1218 0 0 7 1 0 0 0 0
1585331130.082681 3 0 1550 2227 2153 1.027290 0.206712 0.031361 0.004091 0.009545 0.036543 0.000000 0.600000 0.500000 2.400000 0.000000 0 0 0 0 0 3.900000 3.200000 7.900000 2.800000 0 0 0 0 0.000000 0.000000 0.600000 0.200000 0 0 0 0 1194 0 115 0 15 0 35 0 134 1196 6 14 8 179 8 105 0 0 1215 14 183 2 246 0 1 255 253 128 3 4 2 1 0 156 0 0 577 0 6 5 24 0 0 102 4 833 39 32 79 28 0 0 0 1 1218 0 0 6 2 0 0 0 0
1585331130.092764 3 0 1550 2227 2154 1.027290 0.206712 0.031361 0.004909 0.010363 0.036543 0.000000 0.600000 0.500000 2.400000 0.000000 0 0 0 0 0 3.800000 3.400000 7.900000 2.800000 0 0 0 0 0.000000 0.000000 0.700000 0.100000 0 0 0 0 1194 0 115 0 18 0 38 0 134 1196 6 14 8 179 8 106 0 0 1215 14 183 2 246 0 1 255 253 128 3 4 2 1 0 155 0 0 577 0 6 5 24 0 0 102 4 833 38 34 79 28 0 0 0 1 1218 0 0 7 1 0 0 0 0
1585331130.103240 3 0 1550 2227 2154 1.027290 0.206712 0.031361 0.004909 0.010363 0.036543 0.000000 0.600000 0.500000 2.400000 0.000000 0 0 0 0 0 3.900000 3.200000 7.900000 2.900000 0 0 0 0 0.000000 0.000000 0.700000 0.100000 0 0 0 0 1194 0 115 0 18 0 38 0 134 1196 6 14 8 179 8 106 0 0 1215 14 183 2 246 0 1 255 253 128 3 4 2 1 0 155 0 0 577 0 6 5 24 0 0 102 4 833 39 32 79 29 0 0 0 1 1218 0 0 7 1 0 0 0 0
1585331130.112765 3 0 1550 2227 2154 1.027290 0.208076 0.031361 0.004909 0.010363 0.036543 0.000000 0.600000 0.500000 2.400000 0.000000 0 0 0 0 0 4.100000 3.200000 7.900000 2.900000 0 0 0 0 0.000000 0.000000 0.700000 0.100000 0 0 0 0 1194 0 115 0 18 0 38 0 134 1196 6 14 8 179 8 106 0 0 1215 14 183 2 251 0 1 255 253 128 3 4 2 1 0 155 0 0 577 0 6 5 24 0 0 102 4 833 41 32 79 29 0 0 0 1 1218 0 0 7 1 0 0 0 0
1585331130.122792 3 0 1550 2227 2154 1.027290 0.208076 0.031361 0.004909 0.010363 0.036543 0.000000 0.600000 0.500000 2.400000 0.000000 0 0 0 0 0 4.100000 3.000000 7.800000 2.800000 0 0 0 0 0.000000 0.000000 0.700000 0.100000 0 0 0 0 1194 0 115 0 18 0 38 0 134 1196 6 14 8 179 8 106 0 0 1215 14 183 2 251 0 1 255 253 128 3 4 2 1 0 155 0 0 577 0 6 5 24 0 0 102 4 833 41 30 78 28 0 0 0 1 1218 0 0 7 1 0 0 0 0
1585331130.132739 3 0 1550 2226 2153 1.028653 0.209440 0.031361 0.004909 0.010363 0.036543 0.000000 0.600000 0.500000 2.400000 0.000000 0 0 0 0 0 4.100000 3.200000 7.600000 2.900000 0 0 0 0 0.000000 0.000000 0.700000 0.100000 0 0 0 0 1194 0 115 0 18 0 38 0 134 1196 6 14 8 178 8 105 0 0 1215 14 188 3 0 0 1 255 253 128 3 4 2 1 0 155 0 0 577 0 6 5 24 0 0 102 4 833 41 32 76 29 0 0 0 1 1218 0 0 7 1 0 0 0 0
1585331130.142742 3 0 1550 2226 2153 1.027290 0.208076 0.031361 0.004909 0.010363 0.036543 0.000000 0.600000 0.500000 2.400000 0.000000 0 0 0 0 0 4.200000 3.400000 7.700000 3.000000 0 0 0 0 0.000000 0.000000 0.700000 0.100000 0 0 0 0 1194 0 115 0 18 0 38 0 134 1196 6 14 8 178 8 105 0 0 1215 14 183 2 251 0 1 255 253 128 3 4 2 1 0 155 0 0 577 0 6 5 24 0 0 102 4 833 42 34 77 30 0 0 0 1 1218 0 0 7 1 0 0 0 0
1585331130.152815 3 0 1549 2227 2154 1.028653 0.208076 0.031361 0.004909 0.009545 0.036543 0.000000 0.600000 0.500000 2.400000 0.000000 0 0 0 0 0 4.200000 3.200000 8.100000 2.700000 0 0 0 0 0.000000 0.000000 0.600000 0.200000 0 0 0 0 1194 0 115 0 18 0 35 0 134 1196 6 13 8 179 8 106 0 0 1215 14 188 2 251 0 1 255 253 128 3 4 2 1 0 155 0 0 577 0 6 5 24 0 0 102 4 833 42 32 81 27 0 0 0 1 1218 0 0 6 2 0 0 0 0
1585331130.162729 3 0 1549 2227 2154 1.028653 0.209440 0.031361 0.005727 0.010363 0.036543 0.000000 0.600000 0.500000 2.400000 0.000000 0 0 0 0 0 3.900000 3.100000 8.100000 2.900000 0 0 0 0 0.000000 0.000000 0.600000 0.200000 0 0 0 0 1194 0 115 0 21 0 38 0 134 1196 6 13 8 179 8 106 0 0 1215 14 188 3 0 0 1 255 253 128 3 4 2 1 0 155 0 0 577 0 6 5 24 0 0 102 4 833 39 31 81 29 0 0 0 1 1218 0 0 6 2 0 0 0 0
1585331130.172760 3 0 1550 2227 2153 1.027290 0.206712 0.031361 0.004909 0.010363 0.036543 0.000000 0.600000 0.500000 2.400000 0.000000 0 0 0 0 0 3.900000 3.000000 7.800000 3.000000 0 0 0 0 0.000000 0.000000 0.600000 0.200000 0 0 0 0 1194 0 115 0 18 0 38 0 134 1196 6 14 8 179 8 105 0 0 1215 14 183 2 246 0 1 255 253 128 3 4 2 1 0 155 0 1 577 0 6 5 24 0 0 102 4 833 39 30 78 30 0 0 0 1 1218 0 0 6 2 0 0 0 0
1585331130.182711 3 0 1550 2227 2153 1.027290 0.208076 0.031361 0.004091 0.010363 0.037361 0.000000 0.600000 0.500000 2.400000 0.000000 0 0 0 0 0 4.000000 3.100000 7.900000 3.100000 0 0 0 0 0.000000 0.000000 0.700000 0.100000 0 0 0 0 1194 0 115 0 15 0 38 0 137 1196 6 14 8 179 8 105 0 0 1215 14 183 2 251 0 1 255 253 128 3 4 2 1 0 155 0 0 577 0 6 5 24 0 0 102 4 833 40 31 79 31 0 0 0 1 1218 0 0 7 1 0 0 0 0
1585331130.192755 3 0 1550 2227 2153 1.027290 0.208076 0.031361 0.004909 0.009545 0.036543 0.000000 0.600000 0.500000 2.400000 0.000000 0 0 0 0 0 4.000000 3.200000 8.100000 2.900000 0 0 0 0 0.000000 0.000000 0.700000 0.100000 0 0 0 0 1194 0 115 0 18 0 35 0 134 1196 6 14 8 179 8 105 0 0 1215 14 183 2 251 0 1 255 253 128 3 4 2 1 0 155 0 0 577 0 6 5 24 0 0 102 4 833 40 32 81 29 0 0 0 1 1218 0 0 7 1 0 0 0 0
1585331130.202741 3 0 1550 2227 2153 1.027290 0.208076 0.031361 0.004091 0.009545 0.036543 0.000000 0.600000 0.500000 2.400000 0.000000 0 0 0 0 0 4.000000 3.200000 8.000000 2.500000 0 0 0 0 0.000000 0.000000 0.700000 0.100000 0 0 0 0 1194 0 115 0 15 0 35 0 134 1196 6 14 8 179 8 105 0 0 1215 14 183 2 251 0 1 255 253 128 3 4 2 1 0 155 0 0 577 0 6 5 24 0 0 102 4 833 40 32 80 25 0 0 0 1 1218 0 0 7 1 0 0 0 0
1585331130.212713 3 0 1550 2226 2153 1.027290 0.208076 0.031361 0.006545 0.010363 0.036543 0.000000 0.600000 0.500000 2.400000 0.000000 0 0 0 0 0 4.200000 3.300000 7.900000 2.700000 0 0 0 0 0.000000 0.000000 0.600000 0.200000 0 0 0 0 1194 0 115 0 24 0 38 0 134 1196 6 14 8 178 8 105 0 0 1215 14 183 2 251 0 1 255 253 128 3 4 2 1 0 155 0 0 577 0 6 5 24 0 0 102 4 833 42 33 79 27 0 0 0 1 1218 0 0 6 2 0 0 0 0
1585331130.222797 3 0 1550 2226 2153 1.023199 0.202622 0.031361 0.004091 0.010363 0.037361 0.000000 0.600000 0.500000 2.400000 0.000000 0 0 0 0 0 4.100000 3.300000 7.800000 2.800000 0 0 0 0 0.000000 0.000000 0.700000 0.100000 0 0 0 0 1194 0 115 0 15 0 38 0 137 1196 6 14 8 178 8 105 0 0 1215 14 168 2 231 0 1 255 253 128 3 4 2 1 0 155 0 0 577 0 6 5 24 0 0 102 4 833 41 33 78 28 0 0 0 1 1218 0 0 7 1 0 0 0 0
1585331130.232741 3 0 1550 2227 2154 1.027290 0.208076 0.031361 0.004909 0.009545 0.036543 0.000000 0.600000 0.500000 2.400000 0.000000 0 0 0 0 0 3.900000 3.100000 7.600000 2.800000 0 0 0 0 0.000000 0.000000 0.700000 0.100000 0 0 0 0 1194 0 115 0 18 0 35 0 134 1196 6 14 8 179 8 106 0 0 1215 14 183 2 251 0 1 255 253 128 3 4 2 1 0 155 0 0 577 0 6 5 24 0 0 102 4 833 39 31 76 28 0 0 0 1 1218 0 0 7 1 0 0 0 0
1585331130.242765 3 0 1550 2227 2154 1.027290 0.208076 0.031361 0.004909 0.010363 0.036543 0.000000 0.600000 0.500000 2.400000 0.000000 0 0 0 0 0 4.000000 3.200000 7.700000 2.900000 0 0 0 0 0.000000 0.000000 0.600000 0.200000 0 0 0 0 1194 0 115 0 18 0 38 0 134 1196 6 14 8 179 8 106 0 0 1215 14 183 2 251 0 1 255 253 128 3 4 2 1 0 155 0 0 577 0 6 5 24 0 0 102 4 833 40 32 77 29 0 0 0 1 1218 0 0 6 2 0 0 0 0
1585331130.252778 3 0 1550 2227 2153 1.027290 0.206712 0.031361 0.004909 0.009545 0.036543 0.000000 0.600000 0.500000 2.400000 0.000000 0 0 0 0 0 4.000000 3.400000 7.700000 2.500000 0 0 0 0 0.000000 0.000000 0.600000 0.200000 0 0 0 0 1194 0 115 0 18 0 35 0 134 1196 6 14 8 179 8 105 0 0 1215 14 183 2 246 0 1 255 253 128 3 4 2 1 0 155 0 0 577 0 6 5 24 0 0 102 4 833 40 34 77 25 0 0 0 1 1218 0 0 6 2 0 0 0 0
1585331130.262758 3 0 1550 2227 2153 1.027290 0.208076 0.031361 0.007363 0.010363 0.036543 0.000000 0.600000 0.500000 2.400000 0.000000 0 0 0 0 0 3.900000 3.300000 7.800000 2.500000 0 0 0 0 0.000000 0.000000 0.700000 0.100000 0 0 0 0 1194 0 115 0 27 0 38 0 134 1196 6 14 8 179 8 105 0 0 1215 14 183 2 251 0 1 255 253 128 3 4 2 1 0 155 0 0 577 0 6 5 24 0 0 102 4 833 39 33 78 25 0 0 0 1 1218 0 0 7 1 0 0 0 0
1585331130.272816 3 0 1549 2227 2153 1.027290 0.206712 0.031361 0.005727 0.010363 0.036543 0.000000 0.600000 0.500000 2.400000 0.000000 0 0 0 0 0 3.800000 3.300000 8.000000 2.600000 0 0 0 0 0.000000 0.000000 0.600000 0.200000 0 0 0 0 1194 0 115 0 21 0 38 0 134 1196 6 13 8 179 8 105 0 0 1215 14 183 2 246 0 1 255 253 128 3 4 2 1 0 155 0 1 577 0 6 5 24 0 0 102 4 833 38 33 80 26 0 0 0 1 1218 0 0 6 2 0 0 0 0
1585331130.282729 3 0 1549 2227 2153 1.027290 0.208076 0.031361 0.004909 0.010363 0.036543 0.000000 0.600000 0.500000 2.400000 0.000000 0 0 0 0 0 4.000000 3.200000 8.000000 2.600000 0 0 0 0 0.000000 0.000000 0.700000 0.100000 0 0 0 0 1194 0 115 0 18 0 38 0 134 1196 6 13 8 179 8 105 0 0 1215 14 183 2 251 0 1 255 253 128 3 4 2 1 0 155 0 0 577 0 6 5 24 0 0 102 4 833 40 32 80 26 0 0 0 1 1218 0 0 7 1 0 0 0 0
1585331130.292804 3 0 1549 2226 2153 1.027290 0.208076 0.031361 0.004909 0.010363 0.036543 0.000000 0.600000 0.500000 2.400000 0.000000 0 0 0 0 0 3.900000 3.200000 8.200000 2.800000 0 0 0 0 0.000000 0.000000 0.600000 0.200000 0 0 0 0 1194 0 115 0 18 0 38 0 134 1196 6 13 8 178 8 105 0 0 1215 14 183 2 251 0 1 255 253 128 3 4 2 1 0 155 0 0 577 0 6 5 24 0 0 102 4 833 39 32 82 28 0 0 0 1 1218 0 0 6 2 0 0 0 0
1585331130.302758 3 0 1549 2226 2153 1.027290 0.206712 0.031361 0.004909 0.009545 0.036543 0.000000 0.600000 0.500000 2.400000 0.000000 0 0 0 0 0 3.800000 3.200000 8.200000 3.000000 0 0 0 0 0.000000 0.000000 0.700000 0.100000 0 0 0 0 1194 0 115 0 18 0 35 0 134 1196 6 13 8 178 8 105 0 0 1215 14 183 2 246 0 1 255 253 128 3 4 2 1 0 155 0 0 577 0 6 5 24 0 0 102 4 833 38 32 82 30 0 0 0 1 1218 0 0 7 1 0 0 0 0
